t,fx,fy,x,y,x_dot,y_dot,wx,wy
0.000000,0.000000,0.000000,0.000000,0.000000,0.000000,0.000000,0.000000,0.000000
0.000000,0.000000,0.000000,0.000000,0.000000,0.000000,0.000000,0.000000,0.000000
0.001000,0.000740,-0.001288,-0.000005,0.000015,0.000001,-0.000001,-0.001000,0.000000
0.002000,0.317924,-0.001710,0.000001,0.000010,0.000319,-0.000003,-0.002000,0.000000
0.003000,0.624782,-0.004261,-0.000001,0.000031,0.000943,-0.000007,-0.003000,0.000000
0.004000,0.919727,-0.003265,0.000002,0.000010,0.001863,-0.000011,-0.004000,0.000000
0.005000,1.204904,-0.004031,-0.000003,0.000010,0.003068,-0.000015,-0.005000,0.000000
0.006000,1.477710,-0.006097,0.000005,0.000026,0.004546,-0.000021,-0.006000,0.000000
0.007000,1.742540,-0.006213,-0.000000,0.000020,0.006288,-0.000027,-0.007000,0.000000
0.008000,1.995525,-0.006679,0.000008,0.000017,0.008284,-0.000034,-0.008000,0.000000
0.009000,2.240208,-0.006321,0.000011,0.000006,0.010524,-0.000040,-0.009000,0.000000
0.010000,2.477129,-0.007822,0.000005,0.000016,0.013001,-0.000048,-0.010000,0.000000
0.011000,2.705490,-0.009299,-0.000001,0.000026,0.015707,-0.000057,-0.011000,0.000000
0.012000,2.921712,-0.009392,0.000017,0.000021,0.018628,-0.000066,-0.012000,0.000000
0.013000,3.131022,-0.009071,0.000029,0.000011,0.021759,-0.000075,-0.013000,0.000000
0.014000,3.334466,-0.009585,0.000029,0.000010,0.025094,-0.000085,-0.014000,0.000000
0.015000,3.528351,-0.010112,0.000042,0.000010,0.028622,-0.000095,-0.015000,0.000000
0.016000,3.714200,-0.010627,0.000061,0.000010,0.032336,-0.000106,-0.016000,0.000000
0.017000,3.894085,-0.011577,0.000075,0.000016,0.036231,-0.000117,-0.017000,0.000000
0.018000,4.066770,-0.011679,0.000093,0.000012,0.040297,-0.000129,-0.018000,0.000000
0.019000,4.232714,-0.012296,0.000113,0.000014,0.044530,-0.000141,-0.019000,0.000000
0.020000,4.393998,-0.012836,0.000125,0.000015,0.048924,-0.000154,-0.020000,0.000000
0.021000,4.546246,-0.013295,0.000156,0.000016,0.053470,-0.000167,-0.021000,0.000000
0.022000,4.694405,-0.013739,0.000178,0.000016,0.058165,-0.000181,-0.021999,0.000000
0.023000,4.836681,-0.013698,0.000202,0.000011,0.063001,-0.000195,-0.022999,0.000000
0.024000,4.969616,-0.014428,0.000253,0.000016,0.067971,-0.000209,-0.023999,0.000000
0.025000,5.100095,-0.013577,0.000288,0.000002,0.073071,-0.000223,-0.024999,0.000000
0.026000,5.224809,-0.015566,0.000330,0.000021,0.078296,-0.000238,-0.025999,0.000000
0.027000,5.343245,-0.014962,0.000382,0.000010,0.083639,-0.000253,-0.026998,0.000000
0.028000,5.458687,-0.014912,0.000426,0.000006,0.089098,-0.000268,-0.027998,0.000000
0.029000,5.567241,-0.015880,0.000487,0.000014,0.094665,-0.000284,-0.028998,0.000000
0.030000,5.672192,-0.014968,0.000545,-0.000000,0.100337,-0.000299,-0.029997,0.000000
0.031000,5.770824,-0.015225,0.000618,-0.000001,0.106108,-0.000314,-0.030997,0.000000
0.032000,5.865874,-0.015527,0.000692,-0.000001,0.111974,-0.000330,-0.031996,0.000000
0.033000,5.957851,-0.016988,0.000763,0.000013,0.117932,-0.000347,-0.032995,0.000000
0.034000,6.043449,-0.016952,0.000852,0.000010,0.123975,-0.000364,-0.033995,0.000000
0.035000,6.126249,-0.017092,0.000940,0.000009,0.130101,-0.000381,-0.034994,0.000000
0.036000,6.204537,-0.017752,0.001037,0.000015,0.136306,-0.000399,-0.035993,0.000000
0.037000,6.278815,-0.017483,0.001141,0.000009,0.142585,-0.000416,-0.036992,0.000000
0.038000,6.350331,-0.017212,0.001245,0.000004,0.148935,-0.000433,-0.037991,0.000000
0.039000,6.419726,-0.017837,0.001345,0.000009,0.155355,-0.000451,-0.038990,0.000000
0.040000,6.483955,-0.019323,0.001462,0.000024,0.161839,-0.000471,-0.039988,0.000001
0.041000,6.545222,-0.018161,0.001583,0.000009,0.168384,-0.000489,-0.040987,0.000001
0.042000,6.604329,-0.017854,0.001703,0.000003,0.174988,-0.000507,-0.041985,0.000001
0.043000,6.658641,-0.018955,0.001840,0.000014,0.181647,-0.000526,-0.042984,0.000001
0.044000,6.711457,-0.020350,0.001973,0.000030,0.188358,-0.000546,-0.043982,0.000001
0.045000,6.759674,-0.018750,0.002123,0.000010,0.195118,-0.000565,-0.044980,0.000001
0.046000,6.806152,-0.019550,0.002273,0.000018,0.201924,-0.000584,-0.045978,0.000001
0.047000,6.848733,-0.019796,0.002436,0.000019,0.208773,-0.000604,-0.046976,0.000001
0.048000,6.886167,-0.019711,0.002622,0.000018,0.215659,-0.000624,-0.047973,0.000001
0.049000,6.926987,-0.020315,0.002777,0.000024,0.222586,-0.000644,-0.048971,0.000001
0.050000,6.962785,-0.019558,0.002954,0.000014,0.229549,-0.000664,-0.049968,0.000001
0.051000,6.994941,-0.019668,0.003146,0.000014,0.236544,-0.000683,-0.050965,0.000001
0.052000,7.024143,-0.020166,0.003349,0.000019,0.243568,-0.000703,-0.051962,0.000001
0.053000,7.053850,-0.019804,0.003542,0.000014,0.250622,-0.000723,-0.052959,0.000001
0.054000,7.077894,-0.020233,0.003763,0.000019,0.257700,-0.000743,-0.053955,0.000001
0.055000,7.101672,-0.020332,0.003980,0.000019,0.264801,-0.000764,-0.054951,0.000001
0.056000,7.123554,-0.020660,0.004203,0.000023,0.271925,-0.000784,-0.055947,0.000001
0.057000,7.145135,-0.021155,0.004422,0.000028,0.279070,-0.000806,-0.056943,0.000001
0.058000,7.160821,-0.021186,0.004674,0.000029,0.286231,-0.000827,-0.057939,0.000001
0.059000,7.177150,-0.022123,0.004917,0.000040,0.293408,-0.000849,-0.058934,0.000001
0.060000,7.190853,-0.021616,0.005173,0.000035,0.300599,-0.000871,-0.059929,0.000001
0.061000,7.200167,-0.021853,0.005454,0.000038,0.307799,-0.000892,-0.060924,0.000001
0.062000,7.214166,-0.021878,0.005701,0.000038,0.315013,-0.000914,-0.061919,0.000001
0.063000,7.219332,-0.021006,0.006001,0.000029,0.322233,-0.000935,-0.062913,0.000001
0.064000,7.227062,-0.021438,0.006284,0.000034,0.329460,-0.000957,-0.063907,0.000001
0.065000,7.231454,-0.022287,0.006585,0.000044,0.336691,-0.000979,-0.064901,0.000001
0.066000,7.234667,-0.021765,0.006892,0.000039,0.343926,-0.001001,-0.065894,0.000001
0.067000,7.237076,-0.022217,0.007202,0.000045,0.351163,-0.001023,-0.066888,0.000001
0.068000,7.236675,-0.021619,0.007530,0.000039,0.358400,-0.001045,-0.067880,0.000001
0.069000,7.236193,-0.021080,0.007857,0.000033,0.365636,-0.001066,-0.068873,0.000001
0.070000,7.236189,-0.021905,0.008181,0.000043,0.372872,-0.001088,-0.069865,0.000001
0.071000,7.230352,-0.021846,0.008542,0.000044,0.380102,-0.001109,-0.070857,0.000001
0.072000,7.223986,-0.021765,0.008907,0.000044,0.387326,-0.001131,-0.071848,0.000001
0.073000,7.219441,-0.023346,0.009260,0.000063,0.394546,-0.001155,-0.072840,0.000001
0.074000,7.213143,-0.022459,0.009626,0.000054,0.401759,-0.001177,-0.073830,0.000002
0.075000,7.204636,-0.022007,0.010006,0.000050,0.408964,-0.001199,-0.074821,0.000002
0.076000,7.196753,-0.022569,0.010384,0.000058,0.416160,-0.001222,-0.075811,0.000002
0.077000,7.186123,-0.022521,0.010780,0.000059,0.423346,-0.001244,-0.076800,0.000002
0.078000,7.177091,-0.020906,0.011167,0.000041,0.430523,-0.001265,-0.077790,0.000002
0.079000,7.162132,-0.021245,0.011594,0.000046,0.437686,-0.001286,-0.078778,0.000002
0.080000,7.150778,-0.021407,0.012001,0.000049,0.444836,-0.001308,-0.079767,0.000002
0.081000,7.135641,-0.021120,0.012433,0.000047,0.451972,-0.001329,-0.080755,0.000002
0.082000,7.120258,-0.022374,0.012870,0.000063,0.459092,-0.001351,-0.081742,0.000002
0.083000,7.102952,-0.021037,0.013322,0.000048,0.466195,-0.001372,-0.082730,0.000002
0.084000,7.083223,-0.022629,0.013793,0.000069,0.473278,-0.001395,-0.083716,0.000002
0.085000,7.065754,-0.020741,0.014252,0.000048,0.480344,-0.001416,-0.084702,0.000002
0.086000,7.043631,-0.022369,0.014745,0.000068,0.487388,-0.001438,-0.085688,0.000002
0.087000,7.023061,-0.021336,0.015232,0.000058,0.494411,-0.001459,-0.086673,0.000002
0.088000,7.001437,-0.021164,0.015730,0.000057,0.501412,-0.001480,-0.087658,0.000002
0.089000,6.978282,-0.021486,0.016241,0.000063,0.508391,-0.001502,-0.088642,0.000002
0.090000,6.955366,-0.020852,0.016755,0.000057,0.515346,-0.001523,-0.089626,0.000002
0.091000,6.931628,-0.020733,0.017279,0.000057,0.522278,-0.001543,-0.090609,0.000002
0.092000,6.906216,-0.020609,0.017818,0.000057,0.529184,-0.001564,-0.091592,0.000003
0.093000,6.880531,-0.020453,0.018364,0.000057,0.536064,-0.001585,-0.092574,0.000003
0.094000,6.858325,-0.020746,0.018893,0.000061,0.542923,-0.001605,-0.093556,0.000003
0.095000,6.833129,-0.020148,0.019444,0.000056,0.549756,-0.001625,-0.094537,0.000003
0.096000,6.806206,-0.019164,0.020012,0.000045,0.556562,-0.001645,-0.095518,0.000003
0.097000,6.779754,-0.019480,0.020582,0.000050,0.563342,-0.001664,-0.096498,0.000003
0.098000,6.751654,-0.019405,0.021167,0.000051,0.570093,-0.001683,-0.097477,0.000003
0.099000,6.724215,-0.020171,0.021754,0.000061,0.576818,-0.001704,-0.098456,0.000003
0.100000,6.697440,-0.020006,0.022341,0.000061,0.583515,-0.001724,-0.099434,0.000003
0.101000,6.665004,-0.020625,0.022970,0.000070,0.590180,-0.001744,-0.100412,0.000003
0.102000,6.632021,-0.020595,0.023609,0.000071,0.596812,-0.001765,-0.101389,0.000003
0.103000,6.605711,-0.019083,0.024211,0.000055,0.603418,-0.001784,-0.102365,0.000003
0.104000,6.577201,-0.018992,0.024833,0.000055,0.609995,-0.001803,-0.103341,0.000003
0.105000,6.546205,-0.019838,0.025475,0.000067,0.616541,-0.001823,-0.104316,0.000003
0.106000,6.518146,-0.018982,0.026105,0.000058,0.623059,-0.001842,-0.105290,0.000003
0.107000,6.490611,-0.019404,0.026737,0.000064,0.629550,-0.001861,-0.106264,0.000003
0.108000,6.464609,-0.019290,0.027365,0.000065,0.636015,-0.001880,-0.107238,0.000004
0.109000,6.435647,-0.019587,0.028016,0.000070,0.642450,-0.001900,-0.108210,0.000004
0.110000,6.408445,-0.018965,0.028661,0.000064,0.648859,-0.001919,-0.109182,0.000004
0.111000,6.383366,-0.019320,0.029298,0.000070,0.655242,-0.001938,-0.110154,0.000004
0.112000,6.352969,-0.019160,0.029974,0.000069,0.661595,-0.001958,-0.111124,0.000004
0.113000,6.322686,-0.018583,0.030654,0.000064,0.667918,-0.001976,-0.112094,0.000004
0.114000,6.294619,-0.017589,0.031326,0.000054,0.674212,-0.001994,-0.113064,0.000004
0.115000,6.266153,-0.017919,0.032006,0.000059,0.680478,-0.002012,-0.114032,0.000004
0.116000,6.240076,-0.018194,0.032676,0.000063,0.686719,-0.002030,-0.115000,0.000004
0.117000,6.209542,-0.016775,0.033379,0.000048,0.692928,-0.002047,-0.115968,0.000004
0.118000,6.182793,-0.016664,0.034064,0.000047,0.699111,-0.002063,-0.116934,0.000004
0.119000,6.154893,-0.016984,0.034761,0.000052,0.705266,-0.002080,-0.117900,0.000004
0.120000,6.128937,-0.016417,0.035450,0.000046,0.711395,-0.002097,-0.118865,0.000004
0.121000,6.101134,-0.017644,0.036156,0.000061,0.717496,-0.002114,-0.119830,0.000004
0.122000,6.070808,-0.015751,0.036884,0.000040,0.723567,-0.002130,-0.120794,0.000004
0.123000,6.041588,-0.015695,0.037610,0.000040,0.729608,-0.002146,-0.121757,0.000004
0.124000,6.011765,-0.016094,0.038345,0.000045,0.735620,-0.002162,-0.122719,0.000004
0.125000,5.984328,-0.014779,0.039070,0.000030,0.741604,-0.002177,-0.123681,0.000004
0.126000,5.955109,-0.014569,0.039812,0.000028,0.747559,-0.002191,-0.124642,0.000005
0.127000,5.930575,-0.014454,0.040529,0.000027,0.753490,-0.002206,-0.125602,0.000005
0.128000,5.901068,-0.014601,0.041283,0.000029,0.759391,-0.002220,-0.126562,0.000005
0.129000,5.876133,-0.014091,0.042012,0.000023,0.765267,-0.002234,-0.127520,0.000005
0.130000,5.852153,-0.013164,0.042740,0.000012,0.771119,-0.002247,-0.128478,0.000005
0.131000,5.824324,-0.014013,0.043496,0.000022,0.776944,-0.002261,-0.129436,0.000005
0.132000,5.797451,-0.012674,0.044252,0.000006,0.782741,-0.002274,-0.130392,0.000005
0.133000,5.770813,-0.012125,0.045010,-0.000001,0.788512,-0.002286,-0.131348,0.000005
0.134000,5.747379,-0.011632,0.045753,-0.000008,0.794259,-0.002298,-0.132303,0.000005
0.135000,5.720681,-0.012131,0.046521,-0.000003,0.799980,-0.002310,-0.133257,0.000005
0.136000,5.695025,-0.011658,0.047287,-0.000009,0.805675,-0.002322,-0.134211,0.000005
0.137000,5.670543,-0.010865,0.048050,-0.000019,0.811346,-0.002333,-0.135163,0.000005
0.138000,5.641178,-0.011786,0.048848,-0.000009,0.816987,-0.002344,-0.136115,0.000005
0.139000,5.615922,-0.009775,0.049625,-0.000033,0.822603,-0.002354,-0.137067,0.000005
0.140000,5.587656,-0.008723,0.050426,-0.000047,0.828190,-0.002363,-0.138017,0.000005
0.141000,5.553192,-0.010411,0.051271,-0.000029,0.833744,-0.002373,-0.138967,0.000004
0.142000,5.528643,-0.009793,0.052060,-0.000037,0.839272,-0.002383,-0.139915,0.000004
0.143000,5.496259,-0.009204,0.052902,-0.000045,0.844768,-0.002392,-0.140863,0.000004
0.144000,5.466078,-0.008850,0.053737,-0.000051,0.850235,-0.002401,-0.141810,0.000004
0.145000,5.437183,-0.008376,0.054569,-0.000058,0.855672,-0.002409,-0.142757,0.000004
0.146000,5.403949,-0.008057,0.055433,-0.000063,0.861076,-0.002418,-0.143702,0.000004
0.147000,5.375120,-0.006876,0.056276,-0.000079,0.866451,-0.002424,-0.144647,0.000004
0.148000,5.341323,-0.006280,0.057155,-0.000088,0.871792,-0.002431,-0.145590,0.000004
0.149000,5.311050,-0.006007,0.058018,-0.000093,0.877103,-0.002437,-0.146533,0.000004
0.150000,5.276955,-0.006843,0.058910,-0.000086,0.882380,-0.002444,-0.147475,0.000004
0.151000,5.246584,-0.006176,0.059785,-0.000095,0.887627,-0.002450,-0.148416,0.000004
0.152000,5.216707,-0.005315,0.060663,-0.000108,0.892843,-0.002455,-0.149357,0.000004
0.153000,5.184691,-0.006354,0.061559,-0.000098,0.898028,-0.002461,-0.150296,0.000004
0.154000,5.155414,-0.005484,0.062443,-0.000110,0.903184,-0.002467,-0.151234,0.000004
0.155000,5.122848,-0.005104,0.063353,-0.000117,0.908306,-0.002472,-0.152172,0.000003
0.156000,5.085127,-0.005155,0.064303,-0.000119,0.913391,-0.002477,-0.153109,0.000003
0.157000,5.055091,-0.004711,0.065210,-0.000127,0.918447,-0.002482,-0.154044,0.000003
0.158000,5.025263,-0.004911,0.066120,-0.000127,0.923472,-0.002487,-0.154979,0.000003
0.159000,4.994291,-0.004131,0.067044,-0.000138,0.928466,-0.002491,-0.155913,0.000003
0.160000,4.969146,-0.004742,0.067935,-0.000134,0.933435,-0.002496,-0.156846,0.000003
0.161000,4.941957,-0.004411,0.068844,-0.000140,0.938377,-0.002500,-0.157778,0.000003
0.162000,4.919104,-0.004397,0.069729,-0.000143,0.943296,-0.002504,-0.158709,0.000002
0.163000,4.889829,-0.005508,0.070659,-0.000133,0.948186,-0.002510,-0.159639,0.000002
0.164000,4.864274,-0.003618,0.071570,-0.000157,0.953050,-0.002514,-0.160569,0.000002
0.165000,4.840536,-0.004821,0.072474,-0.000146,0.957891,-0.002518,-0.161497,0.000002
0.166000,4.814382,-0.003899,0.073397,-0.000159,0.962705,-0.002522,-0.162425,0.000002
0.167000,4.786765,-0.004160,0.074333,-0.000159,0.967492,-0.002526,-0.163352,0.000002
0.168000,4.761277,-0.005150,0.075261,-0.000150,0.972253,-0.002532,-0.164277,0.000002
0.169000,4.735181,-0.005311,0.076196,-0.000150,0.976989,-0.002537,-0.165202,0.000001
0.170000,4.708565,-0.004554,0.077139,-0.000161,0.981697,-0.002541,-0.166126,0.000001
0.171000,4.683622,-0.004641,0.078076,-0.000162,0.986381,-0.002546,-0.167049,0.000001
0.172000,4.656134,-0.003719,0.079033,-0.000175,0.991037,-0.002550,-0.167971,0.000001
0.173000,4.629922,-0.004682,0.079986,-0.000166,0.995667,-0.002555,-0.168892,0.000001
0.174000,4.601741,-0.003461,0.080956,-0.000183,1.000269,-0.002558,-0.169812,0.000001
0.175000,4.576453,-0.005046,0.081913,-0.000167,1.004845,-0.002563,-0.170731,0.000000
0.176000,4.550547,-0.004311,0.082877,-0.000177,1.009396,-0.002567,-0.171649,0.000000
0.177000,4.524213,-0.004743,0.083848,-0.000174,1.013920,-0.002572,-0.172566,0.000000
0.178000,4.499804,-0.003892,0.084811,-0.000187,1.018420,-0.002576,-0.173482,-0.000000
0.179000,4.473255,-0.004046,0.085791,-0.000187,1.022893,-0.002580,-0.174398,-0.000000
0.180000,4.454095,-0.003777,0.086728,-0.000193,1.027347,-0.002584,-0.175312,-0.000000
0.181000,4.430531,-0.005213,0.087697,-0.000178,1.031777,-0.002589,-0.176225,-0.000001
0.182000,4.404172,-0.005533,0.088686,-0.000176,1.036182,-0.002595,-0.177138,-0.000001
0.183000,4.377365,-0.005156,0.089683,-0.000182,1.040559,-0.002600,-0.178049,-0.000001
0.184000,4.350861,-0.005492,0.090682,-0.000179,1.044910,-0.002605,-0.178959,-0.000001
0.185000,4.324986,-0.005457,0.091681,-0.000181,1.049235,-0.002611,-0.179869,-0.000001
0.186000,4.298442,-0.006144,0.092688,-0.000175,1.053533,-0.002617,-0.180777,-0.000002
0.187000,4.267000,-0.005771,0.093731,-0.000180,1.057800,-0.002623,-0.181684,-0.000002
0.188000,4.236947,-0.005335,0.094770,-0.000186,1.062037,-0.002628,-0.182591,-0.000002
0.189000,4.207840,-0.006342,0.095809,-0.000176,1.066245,-0.002634,-0.183496,-0.000002
0.190000,4.174491,-0.005563,0.096879,-0.000186,1.070420,-0.002640,-0.184400,-0.000002
0.191000,4.142424,-0.005848,0.097946,-0.000183,1.074562,-0.002646,-0.185303,-0.000002
0.192000,4.107922,-0.006447,0.099035,-0.000177,1.078670,-0.002652,-0.186205,-0.000003
0.193000,4.073387,-0.006896,0.100129,-0.000172,1.082743,-0.002659,-0.187106,-0.000003
0.194000,4.038584,-0.007354,0.101232,-0.000167,1.086782,-0.002666,-0.188006,-0.000003
0.195000,3.999416,-0.006386,0.102368,-0.000178,1.090781,-0.002673,-0.188905,-0.000003
0.196000,3.965117,-0.006774,0.103479,-0.000174,1.094746,-0.002679,-0.189802,-0.000003
0.197000,3.928763,-0.006429,0.104610,-0.000178,1.098675,-0.002686,-0.190699,-0.000003
0.198000,3.888663,-0.006381,0.105771,-0.000179,1.102564,-0.002692,-0.191594,-0.000004
0.199000,3.849829,-0.005936,0.106931,-0.000184,1.106414,-0.002698,-0.192488,-0.000004
0.200000,3.812540,-0.005285,0.108088,-0.000192,1.110226,-0.002704,-0.193381,-0.000004
0.201000,3.779386,-0.006734,0.109224,-0.000176,1.114006,-0.002710,-0.194273,-0.000004
0.202000,3.744630,-0.006552,0.110377,-0.000178,1.117750,-0.002717,-0.195164,-0.000004
0.203000,3.715563,-0.006715,0.111498,-0.000176,1.121466,-0.002724,-0.196054,-0.000004
0.204000,3.685028,-0.006738,0.112634,-0.000176,1.125151,-0.002730,-0.196942,-0.000005
0.205000,3.655701,-0.006223,0.113767,-0.000182,1.128807,-0.002736,-0.197829,-0.000005
0.206000,3.627269,-0.006167,0.114899,-0.000183,1.132434,-0.002743,-0.198716,-0.000005
0.207000,3.598489,-0.005642,0.116037,-0.000190,1.136032,-0.002748,-0.199601,-0.000005
0.208000,3.568846,-0.006792,0.117185,-0.000176,1.139601,-0.002755,-0.200485,-0.000005
0.209000,3.542127,-0.006497,0.118319,-0.000180,1.143143,-0.002762,-0.201367,-0.000006
0.210000,3.513805,-0.006100,0.119468,-0.000185,1.146657,-0.002768,-0.202249,-0.000006
0.211000,3.491633,-0.005358,0.120581,-0.000194,1.150149,-0.002773,-0.203130,-0.000006
0.212000,3.464681,-0.006003,0.121728,-0.000187,1.153613,-0.002779,-0.204009,-0.000006
0.213000,3.437220,-0.006534,0.122882,-0.000180,1.157051,-0.002786,-0.204887,-0.000006
0.214000,3.419042,-0.005979,0.123981,-0.000187,1.160470,-0.002792,-0.205765,-0.000006
0.215000,3.395237,-0.005017,0.125118,-0.000199,1.163865,-0.002797,-0.206641,-0.000007
0.216000,3.377050,-0.005547,0.126222,-0.000193,1.167242,-0.002802,-0.207516,-0.000007
0.217000,3.359272,-0.004755,0.127326,-0.000203,1.170601,-0.002807,-0.208389,-0.000007
0.218000,3.336562,-0.004240,0.128463,-0.000210,1.173938,-0.002811,-0.209262,-0.000007
0.219000,3.317235,-0.005191,0.129581,-0.000200,1.177255,-0.002816,-0.210134,-0.000007
0.220000,3.299581,-0.005153,0.130691,-0.000201,1.180555,-0.002821,-0.211004,-0.000008
0.221000,3.283784,-0.004187,0.131791,-0.000213,1.183838,-0.002826,-0.211874,-0.000008
0.222000,3.264527,-0.004672,0.132915,-0.000208,1.187103,-0.002830,-0.212742,-0.000008
0.223000,3.239041,-0.004702,0.134080,-0.000209,1.190342,-0.002835,-0.213609,-0.000008
0.224000,3.218355,-0.004376,0.135219,-0.000213,1.193560,-0.002839,-0.214475,-0.000009
0.225000,3.189535,-0.004690,0.136412,-0.000210,1.196750,-0.002844,-0.215340,-0.000009
0.226000,3.161932,-0.003673,0.137602,-0.000222,1.199912,-0.002848,-0.216203,-0.000009
0.227000,3.139680,-0.005111,0.138762,-0.000206,1.203051,-0.002853,-0.217066,-0.000009
0.228000,3.104094,-0.002672,0.140009,-0.000235,1.206156,-0.002856,-0.217927,-0.000009
0.229000,3.078745,-0.002820,0.141197,-0.000234,1.209234,-0.002858,-0.218787,-0.000010
0.230000,3.046099,-0.003622,0.142436,-0.000226,1.212280,-0.002862,-0.219646,-0.000010
0.231000,3.014908,-0.001253,0.143670,-0.000254,1.215295,-0.002863,-0.220503,-0.000010
0.232000,2.986472,-0.001460,0.144891,-0.000253,1.218282,-0.002865,-0.221360,-0.000010
0.233000,2.947895,-0.002535,0.146182,-0.000242,1.221230,-0.002867,-0.222215,-0.000011
0.234000,2.915529,-0.002008,0.147439,-0.000249,1.224145,-0.002869,-0.223068,-0.000011
0.235000,2.885264,-0.003128,0.148687,-0.000236,1.227030,-0.002872,-0.223921,-0.000011
0.236000,2.853608,-0.002134,0.149950,-0.000249,1.229884,-0.002875,-0.224772,-0.000011
0.237000,2.830823,-0.001647,0.151160,-0.000255,1.232715,-0.002876,-0.225622,-0.000012
0.238000,2.802937,-0.002313,0.152406,-0.000249,1.235518,-0.002878,-0.226471,-0.000012
0.239000,2.776111,-0.002207,0.153649,-0.000251,1.238294,-0.002881,-0.227319,-0.000012
0.240000,2.750470,-0.003545,0.154888,-0.000236,1.241044,-0.002884,-0.228165,-0.000012
0.241000,2.725483,-0.002526,0.156126,-0.000248,1.243770,-0.002887,-0.229010,-0.000013
0.242000,2.699519,-0.003940,0.157374,-0.000232,1.246469,-0.002891,-0.229854,-0.000013
0.243000,2.678440,-0.004078,0.158595,-0.000231,1.249148,-0.002895,-0.230697,-0.000013
0.244000,2.649592,-0.003477,0.159867,-0.000238,1.251797,-0.002898,-0.231538,-0.000013
0.245000,2.629477,-0.003108,0.161088,-0.000243,1.254427,-0.002901,-0.232378,-0.000013
0.246000,2.599680,-0.003544,0.162373,-0.000238,1.257027,-0.002905,-0.233217,-0.000014
0.247000,2.576285,-0.002490,0.163622,-0.000251,1.259603,-0.002907,-0.234055,-0.000014
0.248000,2.551346,-0.002308,0.164883,-0.000253,1.262154,-0.002910,-0.234891,-0.000014
0.249000,2.524600,-0.001999,0.166159,-0.000258,1.264679,-0.002912,-0.235726,-0.000014
0.250000,2.504196,-0.002903,0.167398,-0.000248,1.267183,-0.002915,-0.236560,-0.000015
0.251000,2.484324,-0.003334,0.168636,-0.000243,1.269667,-0.002918,-0.237393,-0.000015
0.252000,2.466623,-0.002515,0.169863,-0.000253,1.272134,-0.002920,-0.238224,-0.000015
0.253000,2.445123,-0.002617,0.171115,-0.000252,1.274579,-0.002923,-0.239054,-0.000015
0.254000,2.422007,-0.003057,0.172380,-0.000248,1.277001,-0.002926,-0.239883,-0.000016
0.255000,2.403490,-0.001639,0.173619,-0.000265,1.279405,-0.002928,-0.240711,-0.000016
0.256000,2.377139,-0.000471,0.174909,-0.000280,1.281782,-0.002928,-0.241537,-0.000016
0.257000,2.357029,0.000460,0.176163,-0.000292,1.284139,-0.002928,-0.242362,-0.000016
0.258000,2.331920,-0.001148,0.177452,-0.000274,1.286471,-0.002929,-0.243186,-0.000017
0.259000,2.309361,-0.000093,0.178727,-0.000288,1.288780,-0.002929,-0.244009,-0.000017
0.260000,2.283841,0.000724,0.180024,-0.000299,1.291064,-0.002928,-0.244830,-0.000017
0.261000,2.257753,0.001401,0.181328,-0.000308,1.293322,-0.002927,-0.245650,-0.000018
0.262000,2.230085,0.002519,0.182645,-0.000323,1.295552,-0.002924,-0.246469,-0.000018
0.263000,2.205691,0.000635,0.183946,-0.000303,1.297757,-0.002924,-0.247286,-0.000018
0.264000,2.178616,0.000666,0.185266,-0.000305,1.299936,-0.002923,-0.248102,-0.000019
0.265000,2.152907,0.002020,0.186582,-0.000322,1.302089,-0.002921,-0.248917,-0.000019
0.266000,2.122240,0.000701,0.187932,-0.000308,1.304211,-0.002920,-0.249730,-0.000019
0.267000,2.091277,0.002613,0.189289,-0.000332,1.306302,-0.002918,-0.250542,-0.000020
0.268000,2.067484,0.002185,0.190605,-0.000329,1.308370,-0.002916,-0.251353,-0.000020
0.269000,2.045182,0.001478,0.191914,-0.000322,1.310415,-0.002914,-0.252162,-0.000020
0.270000,2.021139,0.001939,0.193236,-0.000329,1.312436,-0.002912,-0.252970,-0.000020
0.271000,2.001525,0.003204,0.194534,-0.000346,1.314438,-0.002909,-0.253777,-0.000021
0.272000,1.977704,0.001632,0.195860,-0.000330,1.316415,-0.002907,-0.254583,-0.000021
0.273000,1.961170,0.002574,0.197142,-0.000343,1.318377,-0.002905,-0.255387,-0.000022
0.274000,1.935990,0.001749,0.198481,-0.000335,1.320313,-0.002903,-0.256190,-0.000022
0.275000,1.915220,0.003159,0.199795,-0.000353,1.322228,-0.002900,-0.256991,-0.000022
0.276000,1.894379,0.002159,0.201112,-0.000343,1.324122,-0.002898,-0.257791,-0.000023
0.277000,1.873118,0.003056,0.202433,-0.000356,1.325995,-0.002895,-0.258590,-0.000023
0.278000,1.853520,0.002664,0.203746,-0.000353,1.327849,-0.002892,-0.259388,-0.000023
0.279000,1.833853,0.001006,0.205062,-0.000335,1.329683,-0.002891,-0.260184,-0.000024
0.280000,1.814743,0.002099,0.206376,-0.000350,1.331497,-0.002889,-0.260979,-0.000024
0.281000,1.800773,0.002728,0.207658,-0.000359,1.333298,-0.002886,-0.261773,-0.000024
0.282000,1.787155,0.003075,0.208940,-0.000365,1.335085,-0.002883,-0.262565,-0.000025
0.283000,1.771400,0.001944,0.210235,-0.000354,1.336857,-0.002881,-0.263356,-0.000025
0.284000,1.755348,0.004151,0.211533,-0.000382,1.338612,-0.002877,-0.264146,-0.000025
0.285000,1.739563,0.004671,0.212831,-0.000391,1.340352,-0.002872,-0.264934,-0.000026
0.286000,1.725234,0.003028,0.214121,-0.000374,1.342077,-0.002869,-0.265722,-0.000026
0.287000,1.705421,0.002391,0.215446,-0.000368,1.343782,-0.002867,-0.266508,-0.000026
0.288000,1.686374,0.002495,0.216769,-0.000371,1.345469,-0.002864,-0.267292,-0.000027
0.289000,1.664763,0.002378,0.218109,-0.000371,1.347133,-0.002862,-0.268075,-0.000027
0.290000,1.640631,0.002852,0.219469,-0.000378,1.348774,-0.002859,-0.268857,-0.000028
0.291000,1.616923,0.003738,0.220828,-0.000390,1.350391,-0.002855,-0.269638,-0.000028
0.292000,1.589288,0.003022,0.222215,-0.000384,1.351980,-0.002852,-0.270417,-0.000028
0.293000,1.564599,0.002783,0.223587,-0.000382,1.353545,-0.002850,-0.271195,-0.000029
0.294000,1.539945,0.002544,0.224962,-0.000381,1.355085,-0.002847,-0.271971,-0.000029
0.295000,1.510973,0.003609,0.226368,-0.000395,1.356596,-0.002843,-0.272746,-0.000030
0.296000,1.480433,0.004113,0.227787,-0.000402,1.358076,-0.002839,-0.273520,-0.000030
0.297000,1.449773,0.003154,0.229212,-0.000392,1.359526,-0.002836,-0.274292,-0.000030
0.298000,1.425946,0.002912,0.230597,-0.000391,1.360952,-0.002833,-0.275063,-0.000031
0.299000,1.404357,0.002759,0.231970,-0.000391,1.362356,-0.002830,-0.275832,-0.000031
0.300000,1.383369,0.029928,0.233342,-0.000400,1.363740,-0.002801,-0.276600,-0.000031
0.301000,1.362908,0.027789,0.234713,-0.000387,1.365103,-0.002773,-0.277367,-0.000032
0.302000,1.343408,0.029649,0.236080,-0.000420,1.366446,-0.002743,-0.278132,-0.000032
0.303000,1.322726,0.028385,0.237456,-0.000418,1.367769,-0.002715,-0.278896,-0.000033
0.304000,1.302875,0.026510,0.238828,-0.000407,1.369072,-0.002688,-0.279658,-0.000033
0.305000,1.285661,0.026795,0.240186,-0.000421,1.370357,-0.002661,-0.280419,-0.000034
0.306000,1.266469,0.025602,0.241557,-0.000418,1.371624,-0.002636,-0.281179,-0.000034
0.307000,1.252640,0.025944,0.242896,-0.000433,1.372876,-0.002610,-0.281938,-0.000034
0.308000,1.234587,0.025227,0.244263,-0.000435,1.374111,-0.002585,-0.282695,-0.000035
0.309000,1.224203,0.024136,0.245582,-0.000433,1.375335,-0.002561,-0.283451,-0.000035
0.310000,1.211355,0.024576,0.246916,-0.000448,1.376547,-0.002536,-0.284205,-0.000036
0.311000,1.197771,0.022985,0.248255,-0.000439,1.377744,-0.002513,-0.284958,-0.000036
0.312000,1.188170,0.021236,0.249570,-0.000428,1.378932,-0.002492,-0.285710,-0.000037
0.313000,1.179154,0.021931,0.250880,-0.000445,1.380112,-0.002470,-0.286461,-0.000037
0.314000,1.168905,0.021247,0.252198,-0.000446,1.381281,-0.002449,-0.287210,-0.000037
0.315000,1.153038,0.020473,0.253551,-0.000446,1.382434,-0.002428,-0.287958,-0.000038
0.316000,1.139421,0.019458,0.254891,-0.000442,1.383573,-0.002409,-0.288704,-0.000038
0.317000,1.123886,0.018963,0.256243,-0.000444,1.384697,-0.002390,-0.289449,-0.000039
0.318000,1.105797,0.019378,0.257613,-0.000457,1.385803,-0.002370,-0.290193,-0.000039
0.319000,1.085954,0.019212,0.258995,-0.000462,1.386889,-0.002351,-0.290935,-0.000040
0.320000,1.068319,0.019707,0.260365,-0.000476,1.387957,-0.002331,-0.291676,-0.000040
0.321000,1.043697,0.017168,0.261782,-0.000453,1.389001,-0.002314,-0.292416,-0.000041
0.322000,1.023655,0.018146,0.263172,-0.000472,1.390024,-0.002296,-0.293154,-0.000041
0.323000,1.001067,0.016097,0.264579,-0.000454,1.391025,-0.002280,-0.293891,-0.000042
0.324000,0.975167,0.015334,0.266011,-0.000451,1.392001,-0.002265,-0.294626,-0.000042
0.325000,0.948778,0.016428,0.267449,-0.000470,1.392949,-0.002248,-0.295360,-0.000042
0.326000,0.918096,0.015011,0.268918,-0.000460,1.393867,-0.002233,-0.296093,-0.000043
0.327000,0.890725,0.016613,0.270369,-0.000484,1.394758,-0.002217,-0.296824,-0.000043
0.328000,0.867841,0.013149,0.271796,-0.000449,1.395626,-0.002203,-0.297553,-0.000044
0.329000,0.844781,0.013738,0.273226,-0.000461,1.396471,-0.002190,-0.298282,-0.000044
0.330000,0.828980,0.012529,0.274612,-0.000452,1.397300,-0.002177,-0.299008,-0.000045
0.331000,0.805015,0.011538,0.276051,-0.000445,1.398105,-0.002166,-0.299734,-0.000045
0.332000,0.790634,0.011240,0.277431,-0.000446,1.398895,-0.002154,-0.300458,-0.000046
0.333000,0.771686,0.010727,0.278842,-0.000444,1.399667,-0.002144,-0.301180,-0.000046
0.334000,0.749420,0.009707,0.280275,-0.000435,1.400417,-0.002134,-0.301901,-0.000046
0.335000,0.735357,0.009214,0.281658,-0.000433,1.401152,-0.002125,-0.302621,-0.000047
0.336000,0.713243,0.009810,0.283093,-0.000443,1.401865,-0.002115,-0.303339,-0.000047
0.337000,0.695386,0.010029,0.284503,-0.000449,1.402560,-0.002105,-0.304056,-0.000048
0.338000,0.679974,0.008712,0.285898,-0.000437,1.403240,-0.002096,-0.304772,-0.000048
0.339000,0.666134,0.008287,0.287285,-0.000435,1.403907,-0.002088,-0.305486,-0.000049
0.340000,0.657710,0.008581,0.288637,-0.000442,1.404564,-0.002079,-0.306199,-0.000049
0.341000,0.643738,0.008346,0.290024,-0.000442,1.405208,-0.002071,-0.306910,-0.000050
0.342000,0.629431,0.006870,0.291413,-0.000428,1.405837,-0.002064,-0.307620,-0.000050
0.343000,0.618438,0.009131,0.292782,-0.000457,1.406456,-0.002055,-0.308329,-0.000050
0.344000,0.604459,0.007995,0.294169,-0.000447,1.407060,-0.002047,-0.309036,-0.000051
0.345000,0.593135,0.008291,0.295541,-0.000453,1.407654,-0.002039,-0.309742,-0.000051
0.346000,0.580788,0.009723,0.296918,-0.000473,1.408234,-0.002029,-0.310446,-0.000052
0.347000,0.561523,0.008968,0.298340,-0.000467,1.408796,-0.002020,-0.311149,-0.000052
0.348000,0.549005,0.009815,0.299720,-0.000480,1.409345,-0.002010,-0.311851,-0.000053
0.349000,0.530573,0.010593,0.301139,-0.000493,1.409875,-0.002000,-0.312551,-0.000053
0.350000,0.514237,0.010346,0.302545,-0.000494,1.410390,-0.001989,-0.313250,-0.000054
0.351000,0.493949,0.009632,0.303978,-0.000489,1.410884,-0.001980,-0.313948,-0.000054
0.352000,0.475282,0.009898,0.305402,-0.000495,1.411359,-0.001970,-0.314644,-0.000055
0.353000,0.458823,0.010873,0.306813,-0.000510,1.411818,-0.001959,-0.315338,-0.000055
0.354000,0.431677,0.010702,0.308294,-0.000511,1.412249,-0.001948,-0.316031,-0.000056
0.355000,0.412238,0.010408,0.309729,-0.000511,1.412662,-0.001938,-0.316723,-0.000056
0.356000,0.397097,0.009740,0.311138,-0.000507,1.413059,-0.001928,-0.317413,-0.000057
0.357000,0.382814,0.010658,0.312542,-0.000521,1.413442,-0.001917,-0.318102,-0.000057
0.358000,0.369591,0.011325,0.313940,-0.000532,1.413811,-0.001906,-0.318790,-0.000058
0.359000,0.351178,0.008884,0.315371,-0.000507,1.414162,-0.001897,-0.319476,-0.000058
0.360000,0.337718,0.011340,0.316772,-0.000539,1.414500,-0.001886,-0.320160,-0.000059
0.361000,0.322625,0.009427,0.318184,-0.000520,1.414823,-0.001876,-0.320844,-0.000059
0.362000,0.310841,0.009716,0.319575,-0.000526,1.415133,-0.001867,-0.321525,-0.000060
0.363000,0.297705,0.010266,0.320975,-0.000536,1.415431,-0.001856,-0.322206,-0.000060
0.364000,0.285200,0.007845,0.322371,-0.000511,1.415716,-0.001848,-0.322885,-0.000061
0.365000,0.266351,0.009071,0.323808,-0.000527,1.415983,-0.001839,-0.323563,-0.000061
0.366000,0.254742,0.009480,0.325200,-0.000535,1.416237,-0.001830,-0.324239,-0.000062
0.367000,0.238991,0.008818,0.326618,-0.000530,1.416476,-0.001821,-0.324914,-0.000062
0.368000,0.231125,0.008710,0.327987,-0.000532,1.416708,-0.001812,-0.325587,-0.000063
0.369000,0.221037,0.009044,0.329369,-0.000538,1.416929,-0.001803,-0.326259,-0.000064
0.370000,0.209715,0.007992,0.330758,-0.000529,1.417138,-0.001795,-0.326930,-0.000064
0.371000,0.201148,0.007097,0.332130,-0.000520,1.417339,-0.001788,-0.327599,-0.000065
0.372000,0.189013,0.007157,0.333523,-0.000523,1.417529,-0.001781,-0.328267,-0.000065
0.373000,0.171365,0.006542,0.334952,-0.000518,1.417700,-0.001775,-0.328933,-0.000066
0.374000,0.162540,0.007621,0.336326,-0.000532,1.417862,-0.001767,-0.329598,-0.000066
0.375000,0.145951,0.004920,0.337748,-0.000502,1.418008,-0.001762,-0.330262,-0.000067
0.376000,0.132464,0.007064,0.339152,-0.000529,1.418141,-0.001755,-0.330924,-0.000067
0.377000,0.112498,0.006623,0.340598,-0.000525,1.418253,-0.001748,-0.331585,-0.000068
0.378000,0.090620,0.007234,0.342057,-0.000534,1.418344,-0.001741,-0.332245,-0.000068
0.379000,0.072849,0.004509,0.343493,-0.000503,1.418417,-0.001737,-0.332902,-0.000069
0.380000,0.050750,0.005293,0.344957,-0.000513,1.418468,-0.001731,-0.333559,-0.000069
0.381000,0.031104,0.005098,0.346408,-0.000512,1.418499,-0.001726,-0.334214,-0.000070
0.382000,0.005985,0.005647,0.347896,-0.000519,1.418505,-0.001721,-0.334867,-0.000070
0.383000,-0.023589,0.005188,0.349414,-0.000514,1.418481,-0.001715,-0.335519,-0.000071
0.384000,-0.040429,0.006280,0.350856,-0.000528,1.418441,-0.001709,-0.336170,-0.000071
0.385000,-0.060426,0.006712,0.352318,-0.000534,1.418380,-0.001702,-0.336819,-0.000072
0.386000,-0.072920,0.004932,0.353734,-0.000515,1.418307,-0.001697,-0.337467,-0.000072
0.387000,-0.092868,0.005426,0.355198,-0.000521,1.418214,-0.001692,-0.338113,-0.000073
0.388000,-0.108221,0.004355,0.356635,-0.000509,1.418106,-0.001688,-0.338758,-0.000073
0.389000,-0.116419,0.005378,0.358026,-0.000522,1.417990,-0.001682,-0.339401,-0.000074
0.390000,-0.131920,0.006079,0.359463,-0.000531,1.417858,-0.001676,-0.340043,-0.000074
0.391000,-0.144862,0.005919,0.360884,-0.000531,1.417713,-0.001670,-0.340684,-0.000075
0.392000,-0.156130,0.005990,0.362295,-0.000533,1.417557,-0.001664,-0.341323,-0.000076
0.393000,-0.166595,0.004512,0.363700,-0.000516,1.417390,-0.001660,-0.341961,-0.000076
0.394000,-0.170234,0.005847,0.365061,-0.000533,1.417220,-0.001654,-0.342597,-0.000077
0.395000,-0.176469,0.005590,0.366437,-0.000531,1.417044,-0.001648,-0.343232,-0.000077
0.396000,-0.183300,0.006269,0.367815,-0.000540,1.416860,-0.001642,-0.343865,-0.000078
0.397000,-0.182810,0.007095,0.369146,-0.000552,1.416677,-0.001635,-0.344498,-0.000078
0.398000,-0.188292,0.006193,0.370511,-0.000543,1.416489,-0.001629,-0.345129,-0.000079
0.399000,-0.192465,0.007747,0.371867,-0.000563,1.416297,-0.001621,-0.345758,-0.000079
0.400000,-0.201092,0.008222,0.373250,-0.000570,1.416096,-0.001613,-0.346386,-0.000080
0.401000,-0.210000,0.007015,0.374633,-0.000558,1.415886,-0.001606,-0.347013,-0.000080
0.402000,-0.214186,0.007336,0.375986,-0.000564,1.415671,-0.001598,-0.347639,-0.000081
0.403000,-0.228467,0.007924,0.377401,-0.000572,1.415443,-0.001591,-0.348263,-0.000082
0.404000,-0.236260,0.008338,0.378776,-0.000579,1.415207,-0.001582,-0.348885,-0.000082
0.405000,-0.251032,0.008831,0.380194,-0.000587,1.414956,-0.001573,-0.349506,-0.000083
0.406000,-0.271693,0.009293,0.381650,-0.000595,1.414684,-0.001564,-0.350126,-0.000083
0.407000,-0.284694,0.010147,0.383060,-0.000607,1.414399,-0.001554,-0.350745,-0.000084
0.408000,-0.303718,0.009130,0.384508,-0.000597,1.414096,-0.001545,-0.351361,-0.000084
0.409000,-0.321445,0.010067,0.385949,-0.000611,1.413774,-0.001535,-0.351977,-0.000085
0.410000,-0.346957,0.008888,0.387441,-0.000599,1.413427,-0.001526,-0.352591,-0.000086
0.411000,-0.367540,0.008506,0.388905,-0.000596,1.413060,-0.001517,-0.353203,-0.000086
0.412000,-0.381737,0.008471,0.390329,-0.000598,1.412678,-0.001509,-0.353815,-0.000087
0.413000,-0.397606,0.010414,0.391765,-0.000623,1.412280,-0.001498,-0.354424,-0.000088
0.414000,-0.414830,0.009067,0.393210,-0.000609,1.411865,-0.001489,-0.355032,-0.000088
0.415000,-0.427836,0.008986,0.394629,-0.000610,1.411438,-0.001480,-0.355639,-0.000089
0.416000,-0.441369,0.007390,0.396052,-0.000593,1.410996,-0.001473,-0.356244,-0.000089
0.417000,-0.456303,0.007530,0.397484,-0.000596,1.410540,-0.001466,-0.356848,-0.000090
0.418000,-0.469321,0.005954,0.398905,-0.000579,1.410071,-0.001460,-0.357451,-0.000090
0.419000,-0.484327,0.008051,0.400338,-0.000605,1.409586,-0.001451,-0.358052,-0.000091
0.420000,-0.497342,0.008339,0.401759,-0.000610,1.409089,-0.001443,-0.358652,-0.000092
0.421000,-0.510988,0.009036,0.403184,-0.000620,1.408578,-0.001434,-0.359250,-0.000092
0.422000,-0.522715,0.008243,0.404598,-0.000612,1.408055,-0.001426,-0.359847,-0.000093
0.423000,-0.532769,0.007531,0.406000,-0.000606,1.407522,-0.001418,-0.360442,-0.000094
0.424000,-0.541029,0.006670,0.407391,-0.000597,1.406981,-0.001412,-0.361036,-0.000094
0.425000,-0.546476,0.006469,0.408762,-0.000596,1.406435,-0.001405,-0.361629,-0.000095
0.426000,-0.555895,0.008653,0.410158,-0.000623,1.405879,-0.001397,-0.362220,-0.000095
0.427000,-0.567158,0.008746,0.411565,-0.000626,1.405312,-0.001388,-0.362810,-0.000096
0.428000,-0.572599,0.008860,0.412934,-0.000629,1.404739,-0.001379,-0.363398,-0.000097
0.429000,-0.584836,0.006831,0.414345,-0.000607,1.404154,-0.001372,-0.363985,-0.000097
0.430000,-0.591084,0.007354,0.415718,-0.000614,1.403563,-0.001365,-0.364571,-0.000098
0.431000,-0.606453,0.006916,0.417148,-0.000610,1.402957,-0.001358,-0.365155,-0.000098
0.432000,-0.616781,0.009314,0.418546,-0.000640,1.402340,-0.001349,-0.365738,-0.000099
0.433000,-0.628988,0.009200,0.419956,-0.000640,1.401711,-0.001339,-0.366320,-0.000100
0.434000,-0.643681,0.010647,0.421382,-0.000659,1.401067,-0.001329,-0.366900,-0.000100
0.435000,-0.653900,0.009176,0.422780,-0.000644,1.400414,-0.001320,-0.367478,-0.000101
0.436000,-0.665778,0.010600,0.424188,-0.000663,1.399748,-0.001309,-0.368055,-0.000102
0.437000,-0.682729,0.011082,0.425628,-0.000671,1.399065,-0.001298,-0.368631,-0.000102
0.438000,-0.702587,0.011648,0.427088,-0.000681,1.398362,-0.001286,-0.369206,-0.000103
0.439000,-0.719795,0.011035,0.428532,-0.000676,1.397643,-0.001275,-0.369778,-0.000104
0.440000,-0.728234,0.009828,0.429922,-0.000664,1.396914,-0.001265,-0.370350,-0.000104
0.441000,-0.736086,0.009127,0.431307,-0.000658,1.396178,-0.001256,-0.370920,-0.000105
0.442000,-0.747687,0.010600,0.432715,-0.000677,1.395431,-0.001246,-0.371489,-0.000106
0.443000,-0.756016,0.009179,0.434102,-0.000663,1.394675,-0.001236,-0.372056,-0.000106
0.444000,-0.764476,0.010863,0.435489,-0.000685,1.393910,-0.001226,-0.372622,-0.000107
0.445000,-0.778824,0.010350,0.436913,-0.000681,1.393131,-0.001215,-0.373186,-0.000108
0.446000,-0.786748,0.010239,0.438296,-0.000682,1.392345,-0.001205,-0.373749,-0.000108
0.447000,-0.794150,0.009094,0.439675,-0.000671,1.391550,-0.001196,-0.374311,-0.000109
0.448000,-0.799126,0.009014,0.441037,-0.000672,1.390751,-0.001187,-0.374872,-0.000110
0.449000,-0.806712,0.009410,0.442414,-0.000678,1.389945,-0.001177,-0.375431,-0.000110
0.450000,-0.812528,0.010344,0.443779,-0.000691,1.389132,-0.001167,-0.375988,-0.000111
0.451000,-0.817509,0.008561,0.445137,-0.000673,1.388315,-0.001159,-0.376544,-0.000112
0.452000,-0.822520,0.009983,0.446494,-0.000691,1.387492,-0.001149,-0.377099,-0.000112
0.453000,-0.827475,0.009024,0.447849,-0.000682,1.386665,-0.001140,-0.377653,-0.000113
0.454000,-0.826444,0.008415,0.449164,-0.000677,1.385838,-0.001131,-0.378205,-0.000114
0.455000,-0.835977,0.008934,0.450543,-0.000684,1.385002,-0.001122,-0.378756,-0.000115
0.456000,-0.839645,0.008331,0.451885,-0.000679,1.384163,-0.001114,-0.379305,-0.000115
0.457000,-0.845676,0.008830,0.453240,-0.000686,1.383317,-0.001105,-0.379854,-0.000116
0.458000,-0.858024,0.009342,0.454633,-0.000694,1.382459,-0.001096,-0.380400,-0.000117
0.459000,-0.867756,0.008192,0.456010,-0.000682,1.381591,-0.001087,-0.380946,-0.000117
0.460000,-0.880258,0.008116,0.457405,-0.000682,1.380711,-0.001079,-0.381490,-0.000118
0.461000,-0.891003,0.008589,0.458788,-0.000689,1.379820,-0.001071,-0.382032,-0.000119
0.462000,-0.907089,0.008113,0.460205,-0.000685,1.378913,-0.001063,-0.382573,-0.000119
0.463000,-0.922901,0.007228,0.461621,-0.000675,1.377990,-0.001055,-0.383113,-0.000120
0.464000,-0.934001,0.006425,0.463008,-0.000667,1.377056,-0.001049,-0.383652,-0.000121
0.465000,-0.951257,0.007961,0.464434,-0.000685,1.376105,-0.001041,-0.384188,-0.000121
0.466000,-0.974725,0.007026,0.465901,-0.000675,1.375130,-0.001034,-0.384724,-0.000122
0.467000,-0.988877,0.008271,0.467311,-0.000690,1.374141,-0.001026,-0.385258,-0.000123
0.468000,-1.003967,0.005860,0.468727,-0.000663,1.373137,-0.001020,-0.385791,-0.000123
0.469000,-1.012191,0.006975,0.470100,-0.000676,1.372125,-0.001013,-0.386322,-0.000124
0.470000,-1.026643,0.006881,0.471512,-0.000676,1.371098,-0.001006,-0.386852,-0.000125
0.471000,-1.043478,0.005816,0.472940,-0.000664,1.370055,-0.001000,-0.387380,-0.000125
0.472000,-1.048767,0.006988,0.474295,-0.000678,1.369006,-0.000993,-0.387907,-0.000126
0.473000,-1.062601,0.005411,0.475703,-0.000660,1.367943,-0.000988,-0.388433,-0.000127
0.474000,-1.069761,0.005978,0.477069,-0.000667,1.366874,-0.000982,-0.388957,-0.000127
0.475000,-1.077168,0.006034,0.478435,-0.000667,1.365796,-0.000976,-0.389480,-0.000128
0.476000,-1.088940,0.008281,0.479828,-0.000694,1.364707,-0.000968,-0.390002,-0.000129
0.477000,-1.091867,0.007634,0.481164,-0.000688,1.363616,-0.000960,-0.390522,-0.000129
0.478000,-1.098359,0.008129,0.482522,-0.000695,1.362517,-0.000952,-0.391041,-0.000130
0.479000,-1.101072,0.007555,0.483853,-0.000689,1.361416,-0.000944,-0.391558,-0.000131
0.480000,-1.102156,0.007553,0.485173,-0.000690,1.360314,-0.000937,-0.392074,-0.000131
0.481000,-1.105944,0.007545,0.486507,-0.000691,1.359208,-0.000929,-0.392589,-0.000132
0.482000,-1.103659,0.007449,0.487800,-0.000691,1.358104,-0.000922,-0.393103,-0.000133
0.483000,-1.109516,0.008041,0.489143,-0.000699,1.356995,-0.000914,-0.393615,-0.000134
0.484000,-1.108638,0.010239,0.490440,-0.000727,1.355886,-0.000903,-0.394126,-0.000134
0.485000,-1.115709,0.008503,0.491786,-0.000708,1.354771,-0.000895,-0.394636,-0.000135
0.486000,-1.118268,0.010140,0.493102,-0.000729,1.353652,-0.000885,-0.395144,-0.000136
0.487000,-1.125143,0.008912,0.494444,-0.000716,1.352527,-0.000876,-0.395651,-0.000136
0.488000,-1.133761,0.008810,0.495795,-0.000716,1.351393,-0.000867,-0.396156,-0.000137
0.489000,-1.144213,0.009776,0.497158,-0.000729,1.350249,-0.000857,-0.396660,-0.000138
0.490000,-1.154257,0.009782,0.498517,-0.000731,1.349095,-0.000847,-0.397163,-0.000139
0.491000,-1.160871,0.010337,0.499855,-0.000739,1.347934,-0.000837,-0.397665,-0.000139
0.492000,-1.172216,0.009112,0.501221,-0.000727,1.346762,-0.000828,-0.398165,-0.000140
0.493000,-1.182545,0.009302,0.502581,-0.000730,1.345579,-0.000819,-0.398664,-0.000141
0.494000,-1.204238,0.008563,0.504013,-0.000722,1.344375,-0.000810,-0.399161,-0.000142
0.495000,-1.222245,0.009695,0.505424,-0.000737,1.343153,-0.000800,-0.399657,-0.000142
0.496000,-1.233180,0.009476,0.506790,-0.000736,1.341920,-0.000791,-0.400151,-0.000143
0.497000,-1.241975,0.008505,0.508143,-0.000726,1.340678,-0.000782,-0.400645,-0.000144
0.498000,-1.250164,0.009030,0.509491,-0.000733,1.339427,-0.000773,-0.401137,-0.000144
0.499000,-1.266350,0.009559,0.510890,-0.000740,1.338161,-0.000764,-0.401627,-0.000145
0.500000,-1.273949,0.008893,0.512235,-0.000734,1.336887,-0.000755,-0.402116,-0.000146
0.501000,-1.284503,0.009479,0.513597,-0.000742,1.335603,-0.000746,-0.402604,-0.000147
0.502000,-1.292347,0.007216,0.514942,-0.000717,1.334310,-0.000738,-0.403090,-0.000147
0.503000,-1.298842,0.007279,0.516277,-0.000718,1.333011,-0.000731,-0.403575,-0.000148
0.504000,-1.312363,0.006159,0.517657,-0.000705,1.331699,-0.000725,-0.404059,-0.000149
0.505000,-1.316241,0.008403,0.518974,-0.000732,1.330383,-0.000716,-0.404541,-0.000150
0.506000,-1.320327,0.006130,0.520292,-0.000706,1.329063,-0.000710,-0.405022,-0.000150
0.507000,-1.323005,0.007808,0.521598,-0.000726,1.327740,-0.000703,-0.405502,-0.000151
0.508000,-1.326003,0.006805,0.522905,-0.000715,1.326414,-0.000696,-0.405981,-0.000152
0.509000,-1.327923,0.006083,0.524203,-0.000707,1.325086,-0.000690,-0.406458,-0.000152
0.510000,-1.325868,0.005672,0.525473,-0.000702,1.323760,-0.000684,-0.406933,-0.000153
0.511000,-1.332439,0.006841,0.526795,-0.000716,1.322427,-0.000677,-0.407408,-0.000154
0.512000,-1.338452,0.006854,0.528113,-0.000717,1.321089,-0.000670,-0.407881,-0.000155
0.513000,-1.344288,0.007466,0.529428,-0.000725,1.319745,-0.000663,-0.408353,-0.000155
0.514000,-1.351173,0.009283,0.530748,-0.000747,1.318393,-0.000654,-0.408824,-0.000156
0.515000,-1.357901,0.007465,0.532067,-0.000726,1.317035,-0.000646,-0.409293,-0.000157
0.516000,-1.366390,0.007959,0.533395,-0.000733,1.315669,-0.000638,-0.409761,-0.000157
0.517000,-1.374256,0.006805,0.534719,-0.000720,1.314295,-0.000631,-0.410227,-0.000158
0.518000,-1.382927,0.007786,0.536047,-0.000732,1.312912,-0.000624,-0.410693,-0.000159
0.519000,-1.394050,0.009670,0.537391,-0.000755,1.311518,-0.000614,-0.411157,-0.000160
0.520000,-1.402036,0.007534,0.538714,-0.000731,1.310116,-0.000606,-0.411619,-0.000160
0.521000,-1.411203,0.008036,0.540043,-0.000737,1.308705,-0.000598,-0.412081,-0.000161
0.522000,-1.423921,0.008082,0.541395,-0.000739,1.307281,-0.000590,-0.412540,-0.000162
0.523000,-1.437059,0.007569,0.542750,-0.000733,1.305844,-0.000583,-0.412999,-0.000163
0.524000,-1.445351,0.010351,0.544074,-0.000767,1.304398,-0.000572,-0.413456,-0.000163
0.525000,-1.450202,0.009053,0.545376,-0.000753,1.302948,-0.000563,-0.413912,-0.000164
0.526000,-1.451681,0.010226,0.546654,-0.000768,1.301496,-0.000553,-0.414367,-0.000165
0.527000,-1.456583,0.010117,0.547952,-0.000769,1.300040,-0.000543,-0.414820,-0.000166
0.528000,-1.460313,0.009060,0.549241,-0.000758,1.298580,-0.000534,-0.415272,-0.000166
0.529000,-1.463510,0.008835,0.550524,-0.000756,1.297116,-0.000525,-0.415723,-0.000167
0.530000,-1.473182,0.008405,0.551848,-0.000752,1.295643,-0.000517,-0.416172,-0.000168
0.531000,-1.473940,0.008421,0.553114,-0.000753,1.294169,-0.000508,-0.416621,-0.000169
0.532000,-1.478300,0.009495,0.554400,-0.000767,1.292691,-0.000499,-0.417068,-0.000169
0.533000,-1.476259,0.008955,0.555644,-0.000762,1.291214,-0.000490,-0.417513,-0.000170
0.534000,-1.482141,0.008142,0.556936,-0.000753,1.289732,-0.000482,-0.417958,-0.000171
0.535000,-1.486299,0.010898,0.558215,-0.000787,1.288246,-0.000471,-0.418401,-0.000172
0.536000,-1.485414,0.008656,0.559460,-0.000762,1.286760,-0.000462,-0.418842,-0.000172
0.537000,-1.490311,0.009910,0.560740,-0.000778,1.285270,-0.000452,-0.419283,-0.000173
0.538000,-1.491205,0.009853,0.561993,-0.000779,1.283779,-0.000442,-0.419722,-0.000174
0.539000,-1.489437,0.009205,0.563226,-0.000773,1.282290,-0.000433,-0.420160,-0.000175
0.540000,-1.490395,0.010557,0.564474,-0.000791,1.280799,-0.000422,-0.420597,-0.000176
0.541000,-1.493077,0.008862,0.565730,-0.000772,1.279306,-0.000414,-0.421033,-0.000176
0.542000,-1.497708,0.008415,0.566997,-0.000768,1.277808,-0.000405,-0.421467,-0.000177
0.543000,-1.506843,0.009580,0.568291,-0.000783,1.276301,-0.000396,-0.421900,-0.000178
0.544000,-1.509977,0.008978,0.569547,-0.000777,1.274792,-0.000387,-0.422332,-0.000179
0.545000,-1.520105,0.008948,0.570845,-0.000777,1.273271,-0.000378,-0.422762,-0.000179
0.546000,-1.526431,0.008332,0.572119,-0.000771,1.271745,-0.000369,-0.423191,-0.000180
0.547000,-1.533497,0.008279,0.573396,-0.000771,1.270211,-0.000361,-0.423619,-0.000181
0.548000,-1.547006,0.007721,0.574714,-0.000765,1.268664,-0.000353,-0.424046,-0.000182
0.549000,-1.554574,0.007775,0.575994,-0.000766,1.267110,-0.000346,-0.424471,-0.000183
0.550000,-1.567780,0.006243,0.577309,-0.000748,1.265542,-0.000339,-0.424895,-0.000183
0.551000,-1.576304,0.007244,0.578595,-0.000760,1.263966,-0.000332,-0.425318,-0.000184
0.552000,-1.591695,0.006836,0.579924,-0.000755,1.262374,-0.000325,-0.425739,-0.000185
0.553000,-1.608608,0.005960,0.581264,-0.000745,1.260766,-0.000319,-0.426159,-0.000186
0.554000,-1.615561,0.004611,0.582541,-0.000728,1.259150,-0.000315,-0.426578,-0.000186
0.555000,-1.626588,0.006126,0.583844,-0.000745,1.257523,-0.000309,-0.426995,-0.000187
0.556000,-1.635165,0.007213,0.585130,-0.000758,1.255888,-0.000301,-0.427411,-0.000188
0.557000,-1.645362,0.006477,0.586427,-0.000749,1.254243,-0.000295,-0.427826,-0.000189
0.558000,-1.654044,0.004482,0.587713,-0.000726,1.252589,-0.000290,-0.428240,-0.000189
0.559000,-1.657137,0.004614,0.588963,-0.000726,1.250932,-0.000286,-0.428652,-0.000190
0.560000,-1.664714,0.004620,0.590240,-0.000726,1.249267,-0.000281,-0.429063,-0.000191
0.561000,-1.671781,0.004308,0.591513,-0.000721,1.247595,-0.000277,-0.429473,-0.000191
0.562000,-1.677478,0.004240,0.592776,-0.000719,1.245918,-0.000273,-0.429881,-0.000192
0.563000,-1.682799,0.004862,0.594036,-0.000726,1.244235,-0.000268,-0.430288,-0.000193
0.564000,-1.684775,0.006051,0.595272,-0.000739,1.242550,-0.000262,-0.430694,-0.000194
0.565000,-1.685204,0.002726,0.596497,-0.000699,1.240865,-0.000259,-0.431099,-0.000194
0.566000,-1.685749,0.004975,0.597720,-0.000725,1.239179,-0.000254,-0.431503,-0.000195
0.567000,-1.685605,0.005227,0.598937,-0.000727,1.237494,-0.000249,-0.431905,-0.000196
0.568000,-1.687692,0.007198,0.600165,-0.000750,1.235806,-0.000242,-0.432306,-0.000197
0.569000,-1.681491,0.004767,0.601338,-0.000722,1.234124,-0.000237,-0.432706,-0.000197
0.570000,-1.680829,0.006596,0.602543,-0.000743,1.232444,-0.000230,-0.433104,-0.000198
0.571000,-1.680811,0.006549,0.603749,-0.000743,1.230763,-0.000224,-0.433502,-0.000199
0.572000,-1.682036,0.007212,0.604961,-0.000751,1.229081,-0.000216,-0.433898,-0.000199
0.573000,-1.683633,0.008447,0.606172,-0.000766,1.227397,-0.000208,-0.434293,-0.000200
0.574000,-1.689713,0.008379,0.607411,-0.000766,1.225707,-0.000200,-0.434687,-0.000201
0.575000,-1.689054,0.011336,0.608605,-0.000802,1.224018,-0.000188,-0.435080,-0.000202
0.576000,-1.692182,0.010619,0.609821,-0.000795,1.222326,-0.000178,-0.435471,-0.000203
0.577000,-1.694199,0.009193,0.611028,-0.000780,1.220632,-0.000168,-0.435861,-0.000203
0.578000,-1.698260,0.009359,0.612246,-0.000783,1.218934,-0.000159,-0.436250,-0.000204
0.579000,-1.706606,0.009451,0.613490,-0.000785,1.217227,-0.000150,-0.436638,-0.000205
0.580000,-1.711851,0.010657,0.614714,-0.000800,1.215515,-0.000139,-0.437025,-0.000206
0.581000,-1.719823,0.009947,0.615954,-0.000793,1.213795,-0.000129,-0.437410,-0.000207
0.582000,-1.729533,0.010641,0.617204,-0.000803,1.212066,-0.000118,-0.437794,-0.000207
0.583000,-1.735564,0.011184,0.618430,-0.000811,1.210330,-0.000107,-0.438177,-0.000208
0.584000,-1.741889,0.011149,0.619658,-0.000812,1.208588,-0.000096,-0.438558,-0.000209
0.585000,-1.742239,0.011450,0.620846,-0.000817,1.206846,-0.000085,-0.438939,-0.000210
0.586000,-1.747146,0.011606,0.622060,-0.000821,1.205099,-0.000073,-0.439318,-0.000211
0.587000,-1.753079,0.012460,0.623280,-0.000833,1.203346,-0.000061,-0.439696,-0.000211
0.588000,-1.757428,0.011349,0.624489,-0.000822,1.201588,-0.000049,-0.440072,-0.000212
0.589000,-1.761660,0.010762,0.625696,-0.000817,1.199827,-0.000038,-0.440448,-0.000213
0.590000,-1.766714,0.010728,0.626906,-0.000818,1.198060,-0.000028,-0.440822,-0.000214
0.591000,-1.770032,0.011800,0.628104,-0.000833,1.196290,-0.000016,-0.441195,-0.000215
0.592000,-1.776510,0.010020,0.629321,-0.000813,1.194514,-0.000006,-0.441567,-0.000216
0.593000,-1.778007,0.008602,0.630505,-0.000798,1.192736,0.000003,-0.441938,-0.000216
0.594000,-1.783846,0.009019,0.631714,-0.000803,1.190952,0.000012,-0.442307,-0.000217
0.595000,-1.785621,0.006962,0.632896,-0.000780,1.189166,0.000019,-0.442676,-0.000218
0.596000,-1.789850,0.007454,0.634092,-0.000786,1.187376,0.000026,-0.443043,-0.000219
0.597000,-1.792270,0.006955,0.635275,-0.000780,1.185584,0.000033,-0.443409,-0.000219
0.598000,-1.792382,0.007491,0.636442,-0.000786,1.183792,0.000041,-0.443773,-0.000220
0.599000,-1.792585,0.006880,0.637606,-0.000779,1.181999,0.000047,-0.444137,-0.000221
0.600000,-1.788443,0.071613,0.638741,-0.000766,1.180211,0.000119,-0.444499,-0.000222
0.601000,-1.792095,0.071729,0.639922,-0.000796,1.178418,0.000191,-0.444861,-0.000223
0.602000,-1.794795,0.068218,0.641096,-0.000782,1.176624,0.000259,-0.445221,-0.000223
0.603000,-1.799188,0.065455,0.642278,-0.000776,1.174824,0.000324,-0.445580,-0.000224
0.604000,-1.802295,0.061700,0.643451,-0.000757,1.173022,0.000386,-0.445937,-0.000225
0.605000,-1.810656,0.062355,0.644656,-0.000789,1.171212,0.000449,-0.446294,-0.000226
0.606000,-1.813181,0.057616,0.645823,-0.000757,1.169398,0.000506,-0.446649,-0.000226
0.607000,-1.818872,0.056366,0.647008,-0.000765,1.167579,0.000563,-0.447003,-0.000227
0.608000,-1.825457,0.054261,0.648199,-0.000762,1.165754,0.000617,-0.447356,-0.000228
0.609000,-1.833454,0.052793,0.649397,-0.000765,1.163921,0.000670,-0.447708,-0.000229
0.610000,-1.843927,0.050391,0.650610,-0.000757,1.162077,0.000720,-0.448059,-0.000230
0.611000,-1.853817,0.049951,0.651820,-0.000771,1.160223,0.000770,-0.448408,-0.000230
0.612000,-1.863574,0.047803,0.653029,-0.000765,1.158359,0.000818,-0.448756,-0.000231
0.613000,-1.872361,0.045158,0.654232,-0.000752,1.156487,0.000863,-0.449103,-0.000232
0.614000,-1.885863,0.044293,0.655464,-0.000759,1.154601,0.000907,-0.449449,-0.000233
0.615000,-1.894892,0.044233,0.656668,-0.000775,1.152706,0.000951,-0.449793,-0.000233
0.616000,-1.898366,0.041632,0.657836,-0.000761,1.150808,0.000993,-0.450136,-0.000234
0.617000,-1.902349,0.041895,0.659006,-0.000780,1.148905,0.001035,-0.450479,-0.000235
0.618000,-1.903238,0.038762,0.660155,-0.000759,1.147002,0.001074,-0.450820,-0.000236
0.619000,-1.911301,0.037474,0.661348,-0.000759,1.145091,0.001111,-0.451159,-0.000236
0.620000,-1.913309,0.037559,0.662501,-0.000774,1.143178,0.001149,-0.451498,-0.000237
0.621000,-1.915977,0.034115,0.663657,-0.000747,1.141262,0.001183,-0.451836,-0.000238
0.622000,-1.918702,0.033737,0.664811,-0.000755,1.139343,0.001217,-0.452172,-0.000239
0.623000,-1.920255,0.032701,0.665956,-0.000756,1.137423,0.001249,-0.452507,-0.000239
0.624000,-1.916490,0.033520,0.667065,-0.000778,1.135506,0.001283,-0.452841,-0.000240
0.625000,-1.916257,0.033013,0.668194,-0.000784,1.133590,0.001316,-0.453174,-0.000241
0.626000,-1.911861,0.032002,0.669293,-0.000784,1.131678,0.001348,-0.453506,-0.000242
0.627000,-1.907993,0.030999,0.670393,-0.000784,1.129770,0.001379,-0.453837,-0.000243
0.628000,-1.902519,0.031541,0.671479,-0.000803,1.127868,0.001410,-0.454166,-0.000243
0.629000,-1.898375,0.030428,0.672570,-0.000801,1.125969,0.001441,-0.454495,-0.000244
0.630000,-1.894002,0.027976,0.673657,-0.000783,1.124075,0.001469,-0.454822,-0.000245
0.631000,-1.888832,0.028185,0.674735,-0.000796,1.122186,0.001497,-0.455149,-0.000246
0.632000,-1.882778,0.027779,0.675804,-0.000801,1.120304,0.001525,-0.455474,-0.000247
0.633000,-1.882364,0.029001,0.676905,-0.000826,1.118421,0.001554,-0.455798,-0.000247
0.634000,-1.877165,0.028231,0.677974,-0.000828,1.116544,0.001582,-0.456121,-0.000248
0.635000,-1.876300,0.028618,0.679067,-0.000843,1.114668,0.001611,-0.456443,-0.000249
0.636000,-1.875716,0.027782,0.680159,-0.000843,1.112792,0.001638,-0.456764,-0.000250
0.637000,-1.876811,0.027389,0.681260,-0.000849,1.110915,0.001666,-0.457084,-0.000251
0.638000,-1.879862,0.025104,0.682371,-0.000831,1.109035,0.001691,-0.457403,-0.000252
0.639000,-1.879263,0.024695,0.683458,-0.000835,1.107156,0.001716,-0.457721,-0.000252
0.640000,-1.884788,0.023239,0.684581,-0.000827,1.105271,0.001739,-0.458037,-0.000253
0.641000,-1.891426,0.023779,0.685710,-0.000842,1.103380,0.001763,-0.458353,-0.000254
0.642000,-1.895405,0.024154,0.686822,-0.000855,1.101484,0.001787,-0.458667,-0.000255
0.643000,-1.901560,0.022554,0.687946,-0.000844,1.099583,0.001809,-0.458980,-0.000256
0.644000,-1.907061,0.021856,0.689065,-0.000844,1.097676,0.001831,-0.459292,-0.000257
0.645000,-1.914294,0.018821,0.690194,-0.000815,1.095762,0.001850,-0.459603,-0.000257
0.646000,-1.929704,0.019553,0.691375,-0.000830,1.093832,0.001869,-0.459913,-0.000258
0.647000,-1.931833,0.019694,0.692472,-0.000839,1.091900,0.001889,-0.460221,-0.000259
0.648000,-1.938407,0.018510,0.693596,-0.000831,1.089962,0.001908,-0.460529,-0.000260
0.649000,-1.938518,0.018008,0.694678,-0.000832,1.088023,0.001926,-0.460835,-0.000261
0.650000,-1.942706,0.016964,0.695783,-0.000825,1.086080,0.001943,-0.461140,-0.000262
0.651000,-1.946738,0.014726,0.696887,-0.000804,1.084134,0.001957,-0.461445,-0.000262
0.652000,-1.949581,0.013955,0.697981,-0.000800,1.082184,0.001971,-0.461748,-0.000263
0.653000,-1.952564,0.012948,0.699075,-0.000792,1.080231,0.001984,-0.462050,-0.000264
0.654000,-1.958820,0.011377,0.700188,-0.000778,1.078273,0.001996,-0.462351,-0.000265
0.655000,-1.953615,0.012282,0.701227,-0.000792,1.076319,0.002008,-0.462651,-0.000266
0.656000,-1.959632,0.009235,0.702334,-0.000759,1.074359,0.002017,-0.462949,-0.000266
0.657000,-1.959220,0.009311,0.703400,-0.000763,1.072400,0.002026,-0.463247,-0.000267
0.658000,-1.961345,0.009032,0.704479,-0.000762,1.070439,0.002036,-0.463544,-0.000268
0.659000,-1.966569,0.008961,0.705577,-0.000764,1.068472,0.002044,-0.463839,-0.000269
0.660000,-1.963912,0.007964,0.706623,-0.000754,1.066508,0.002052,-0.464133,-0.000269
0.661000,-1.968121,0.007461,0.707711,-0.000750,1.064540,0.002060,-0.464427,-0.000270
0.662000,-1.965872,0.007195,0.708755,-0.000749,1.062574,0.002067,-0.464719,-0.000271
0.663000,-1.964881,0.006471,0.709805,-0.000742,1.060609,0.002074,-0.465010,-0.000272
0.664000,-1.965416,0.007542,0.710863,-0.000756,1.058644,0.002081,-0.465301,-0.000272
0.665000,-1.960994,0.005954,0.711887,-0.000739,1.056683,0.002087,-0.465590,-0.000273
0.666000,-1.964644,0.006660,0.712959,-0.000749,1.054718,0.002094,-0.465878,-0.000274
0.667000,-1.964661,0.006775,0.714007,-0.000752,1.052754,0.002101,-0.466165,-0.000275
0.668000,-1.968660,0.008219,0.715078,-0.000770,1.050785,0.002109,-0.466451,-0.000275
0.669000,-1.972192,0.007067,0.716145,-0.000759,1.048813,0.002116,-0.466736,-0.000276
0.670000,-1.971886,0.006143,0.717186,-0.000749,1.046841,0.002122,-0.467020,-0.000277
0.671000,-1.977093,0.006355,0.718260,-0.000753,1.044864,0.002128,-0.467302,-0.000278
0.672000,-1.980311,0.005679,0.719320,-0.000747,1.042884,0.002134,-0.467584,-0.000278
0.673000,-1.981708,0.005948,0.720368,-0.000751,1.040902,0.002140,-0.467865,-0.000279
0.674000,-1.988500,0.006711,0.721448,-0.000761,1.038913,0.002147,-0.468144,-0.000280
0.675000,-1.993469,0.007701,0.722515,-0.000774,1.036920,0.002154,-0.468423,-0.000281
0.676000,-1.995920,0.006967,0.723566,-0.000768,1.034924,0.002161,-0.468700,-0.000282
0.677000,-2.001457,0.004863,0.724635,-0.000744,1.032923,0.002166,-0.468977,-0.000282
0.678000,-2.004636,0.007601,0.725687,-0.000778,1.030918,0.002174,-0.469252,-0.000283
0.679000,-2.011188,0.007313,0.726760,-0.000776,1.028907,0.002181,-0.469526,-0.000284
0.680000,-2.015353,0.006225,0.727817,-0.000765,1.026891,0.002187,-0.469800,-0.000285
0.681000,-2.022827,0.007269,0.728895,-0.000778,1.024869,0.002195,-0.470072,-0.000285
0.682000,-2.024850,0.007641,0.729936,-0.000785,1.022844,0.002202,-0.470343,-0.000286
0.683000,-2.024111,0.007183,0.730959,-0.000781,1.020820,0.002209,-0.470613,-0.000287
0.684000,-2.025055,0.008070,0.731990,-0.000793,1.018795,0.002217,-0.470882,-0.000288
0.685000,-2.024995,0.007390,0.733012,-0.000787,1.016770,0.002225,-0.471150,-0.000289
0.686000,-2.027341,0.009283,0.734048,-0.000811,1.014742,0.002234,-0.471417,-0.000289
0.687000,-2.025464,0.007658,0.735055,-0.000795,1.012717,0.002242,-0.471683,-0.000290
0.688000,-2.021772,0.008319,0.736049,-0.000804,1.010695,0.002250,-0.471948,-0.000291
0.689000,-2.020394,0.008251,0.737054,-0.000806,1.008675,0.002258,-0.472212,-0.000292
0.690000,-2.022321,0.007989,0.738078,-0.000805,1.006652,0.002266,-0.472475,-0.000293
0.691000,-2.019233,0.008168,0.739068,-0.000809,1.004633,0.002275,-0.472737,-0.000293
0.692000,-2.018790,0.009114,0.740072,-0.000822,1.002614,0.002284,-0.472998,-0.000294
0.693000,-2.011318,0.008936,0.741029,-0.000822,1.000603,0.002293,-0.473258,-0.000295
0.694000,-2.009772,0.008115,0.742021,-0.000815,0.998593,0.002301,-0.473517,-0.000296
0.695000,-2.007026,0.009205,0.743002,-0.000830,0.996586,0.002310,-0.473775,-0.000297
0.696000,-2.001865,0.007276,0.743965,-0.000810,0.994584,0.002317,-0.474032,-0.000298
0.697000,-2.000039,0.005985,0.744947,-0.000796,0.992584,0.002323,-0.474288,-0.000298
0.698000,-1.989849,0.007654,0.745872,-0.000817,0.990594,0.002331,-0.474543,-0.000299
0.699000,-1.986377,0.007220,0.746836,-0.000814,0.988608,0.002338,-0.474797,-0.000300
0.700000,-1.983307,0.008736,0.747800,-0.000833,0.986625,0.002347,-0.475050,-0.000301
0.701000,-1.978136,0.008805,0.748748,-0.000837,0.984647,0.002356,-0.475302,-0.000302
0.702000,-1.979749,0.007821,0.749736,-0.000827,0.982667,0.002363,-0.475554,-0.000302
0.703000,-1.977491,0.006713,0.750698,-0.000816,0.980689,0.002370,-0.475804,-0.000303
0.704000,-1.975690,0.005301,0.751660,-0.000800,0.978714,0.002375,-0.476053,-0.000304
0.705000,-1.973701,0.006481,0.752618,-0.000815,0.976740,0.002382,-0.476302,-0.000305
0.706000,-1.973654,0.006979,0.753587,-0.000823,0.974766,0.002389,-0.476549,-0.000306
0.707000,-1.973627,0.006222,0.754554,-0.000815,0.972793,0.002395,-0.476795,-0.000307
0.708000,-1.976442,0.006425,0.755537,-0.000819,0.970816,0.002402,-0.477041,-0.000307
0.709000,-1.978952,0.004429,0.756516,-0.000796,0.968837,0.002406,-0.477285,-0.000308
0.710000,-1.982075,0.004958,0.757498,-0.000803,0.966855,0.002411,-0.477529,-0.000309
0.711000,-1.988390,0.003742,0.758500,-0.000789,0.964867,0.002415,-0.477771,-0.000310
0.712000,-1.990599,0.002538,0.759474,-0.000775,0.962876,0.002417,-0.478013,-0.000311
0.713000,-1.994234,0.003351,0.760456,-0.000785,0.960882,0.002421,-0.478253,-0.000311
0.714000,-1.998555,0.003244,0.761441,-0.000784,0.958883,0.002424,-0.478493,-0.000312
0.715000,-2.002782,0.004439,0.762425,-0.000798,0.956881,0.002428,-0.478731,-0.000313
0.716000,-2.015401,0.001983,0.763461,-0.000769,0.954865,0.002430,-0.478969,-0.000314
0.717000,-2.020770,0.003317,0.764452,-0.000785,0.952844,0.002434,-0.479205,-0.000314
0.718000,-2.027175,0.001650,0.765449,-0.000765,0.950817,0.002435,-0.479441,-0.000315
0.719000,-2.027102,0.002195,0.766404,-0.000771,0.948790,0.002437,-0.479675,-0.000316
0.720000,-2.028677,0.002752,0.767367,-0.000777,0.946761,0.002440,-0.479909,-0.000317
0.721000,-2.033498,0.002786,0.768350,-0.000777,0.944728,0.002443,-0.480142,-0.000318
0.722000,-2.034559,0.001733,0.769307,-0.000764,0.942693,0.002445,-0.480373,-0.000318
0.723000,-2.038671,0.001700,0.770282,-0.000764,0.940655,0.002446,-0.480604,-0.000319
0.724000,-2.036785,-0.000587,0.771218,-0.000736,0.938618,0.002446,-0.480834,-0.000320
0.725000,-2.041340,0.000790,0.772193,-0.000751,0.936577,0.002447,-0.481062,-0.000321
0.726000,-2.046646,0.000359,0.773172,-0.000745,0.934530,0.002447,-0.481290,-0.000321
0.727000,-2.046105,0.000864,0.774113,-0.000749,0.932484,0.002448,-0.481517,-0.000322
0.728000,-2.047663,0.000884,0.775064,-0.000749,0.930436,0.002449,-0.481743,-0.000323
0.729000,-2.044130,0.000506,0.775982,-0.000743,0.928392,0.002449,-0.481968,-0.000324
0.730000,-2.046609,-0.000121,0.776936,-0.000735,0.926345,0.002449,-0.482192,-0.000324
0.731000,-2.049656,0.001858,0.777892,-0.000757,0.924296,0.002451,-0.482415,-0.000325
0.732000,-2.046038,0.001312,0.778803,-0.000750,0.922250,0.002452,-0.482637,-0.000326
0.733000,-2.046895,0.003270,0.779741,-0.000773,0.920203,0.002455,-0.482858,-0.000327
0.734000,-2.039113,0.002031,0.780622,-0.000758,0.918164,0.002457,-0.483078,-0.000327
0.735000,-2.037299,0.000879,0.781538,-0.000744,0.916126,0.002458,-0.483298,-0.000328
0.736000,-2.035635,0.002872,0.782452,-0.000767,0.914091,0.002461,-0.483516,-0.000329
0.737000,-2.031785,0.002260,0.783349,-0.000760,0.912059,0.002463,-0.483734,-0.000330
0.738000,-2.029011,0.004227,0.784251,-0.000783,0.910030,0.002468,-0.483950,-0.000330
0.739000,-2.025954,0.004241,0.785149,-0.000783,0.908004,0.002472,-0.484166,-0.000331
0.740000,-2.021568,0.003133,0.786036,-0.000771,0.905983,0.002475,-0.484381,-0.000332
0.741000,-2.018807,0.004098,0.786930,-0.000782,0.903964,0.002479,-0.484595,-0.000333
0.742000,-2.015793,0.002370,0.787820,-0.000762,0.901948,0.002482,-0.484808,-0.000334
0.743000,-2.016552,0.004337,0.788732,-0.000785,0.899931,0.002486,-0.485020,-0.000334
0.744000,-2.015183,0.005023,0.789628,-0.000794,0.897916,0.002491,-0.485232,-0.000335
0.745000,-2.014390,0.004250,0.790526,-0.000785,0.895902,0.002495,-0.485442,-0.000336
0.746000,-2.013620,0.002995,0.791422,-0.000771,0.893888,0.002498,-0.485651,-0.000337
0.747000,-2.012354,0.003607,0.792313,-0.000778,0.891876,0.002502,-0.485860,-0.000337
0.748000,-2.016148,0.003717,0.793234,-0.000780,0.889860,0.002505,-0.486068,-0.000338
0.749000,-2.018160,0.004954,0.794143,-0.000795,0.887842,0.002510,-0.486274,-0.000339
0.750000,-2.017699,0.006088,0.795035,-0.000809,0.885824,0.002517,-0.486480,-0.000340
0.751000,-2.019781,0.003628,0.795941,-0.000781,0.883804,0.002520,-0.486685,-0.000341
0.752000,-2.019766,0.006131,0.796832,-0.000811,0.881784,0.002526,-0.486889,-0.000341
0.753000,-2.023016,0.004805,0.797742,-0.000796,0.879761,0.002531,-0.487092,-0.000342
0.754000,-2.025246,0.003577,0.798644,-0.000782,0.877736,0.002535,-0.487295,-0.000343
0.755000,-2.032214,0.005426,0.799576,-0.000805,0.875704,0.002540,-0.487496,-0.000344
0.756000,-2.035210,0.004195,0.800482,-0.000791,0.873669,0.002544,-0.487696,-0.000345
0.757000,-2.035902,0.004777,0.801372,-0.000798,0.871633,0.002549,-0.487896,-0.000345
0.758000,-2.031849,0.004149,0.802230,-0.000791,0.869601,0.002553,-0.488094,-0.000346
0.759000,-2.030561,0.005380,0.803103,-0.000806,0.867570,0.002559,-0.488292,-0.000347
0.760000,-2.026194,0.005160,0.803954,-0.000805,0.865544,0.002564,-0.488489,-0.000348
0.761000,-2.026218,0.004833,0.804831,-0.000802,0.863518,0.002569,-0.488685,-0.000349
0.762000,-2.025732,0.004165,0.805702,-0.000794,0.861492,0.002573,-0.488880,-0.000349
0.763000,-2.022790,0.004675,0.806556,-0.000801,0.859469,0.002577,-0.489075,-0.000350
0.764000,-2.017605,0.002471,0.807393,-0.000775,0.857452,0.002580,-0.489268,-0.000351
0.765000,-2.014070,0.003560,0.808238,-0.000788,0.855438,0.002583,-0.489461,-0.000352
0.766000,-2.011289,0.003518,0.809085,-0.000788,0.853426,0.002587,-0.489652,-0.000353
0.767000,-2.008632,0.002915,0.809930,-0.000781,0.851418,0.002590,-0.489843,-0.000353
0.768000,-2.001852,0.004767,0.810747,-0.000803,0.849416,0.002595,-0.490033,-0.000354
0.769000,-1.997873,0.002820,0.811578,-0.000780,0.847418,0.002597,-0.490223,-0.000355
0.770000,-1.995158,0.002526,0.812415,-0.000777,0.845423,0.002600,-0.490411,-0.000356
0.771000,-1.989094,0.003120,0.813228,-0.000784,0.843434,0.002603,-0.490599,-0.000357
0.772000,-1.983414,0.001915,0.814040,-0.000769,0.841450,0.002605,-0.490786,-0.000357
0.773000,-1.977230,0.001383,0.814846,-0.000762,0.839473,0.002606,-0.490972,-0.000358
0.774000,-1.972055,0.001401,0.815656,-0.000762,0.837501,0.002608,-0.491157,-0.000359
0.775000,-1.966396,0.001648,0.816459,-0.000764,0.835535,0.002609,-0.491341,-0.000360
0.776000,-1.963747,0.000924,0.817279,-0.000755,0.833571,0.002610,-0.491525,-0.000360
0.777000,-1.960144,0.001694,0.818091,-0.000763,0.831611,0.002612,-0.491707,-0.000361
0.778000,-1.954618,0.002170,0.818887,-0.000769,0.829656,0.002614,-0.491889,-0.000362
0.779000,-1.951919,0.001693,0.819699,-0.000763,0.827704,0.002616,-0.492071,-0.000363
0.780000,-1.952212,0.000713,0.820528,-0.000750,0.825752,0.002617,-0.492251,-0.000363
0.781000,-1.950528,0.000030,0.821342,-0.000741,0.823802,0.002617,-0.492430,-0.000364
0.782000,-1.950995,0.002615,0.822168,-0.000771,0.821851,0.002619,-0.492609,-0.000365
0.783000,-1.949714,0.001426,0.822982,-0.000757,0.819901,0.002621,-0.492787,-0.000366
0.784000,-1.951166,0.001011,0.823811,-0.000751,0.817950,0.002622,-0.492964,-0.000366
0.785000,-1.953534,0.002087,0.824644,-0.000763,0.815996,0.002624,-0.493140,-0.000367
0.786000,-1.955579,0.002869,0.825474,-0.000772,0.814041,0.002627,-0.493315,-0.000368
0.787000,-1.960494,0.001210,0.826321,-0.000752,0.812080,0.002628,-0.493490,-0.000369
0.788000,-1.963786,0.000528,0.827158,-0.000743,0.810116,0.002628,-0.493663,-0.000369
0.789000,-1.969341,0.001933,0.828008,-0.000759,0.808147,0.002630,-0.493836,-0.000370
0.790000,-1.974467,0.001493,0.828854,-0.000753,0.806172,0.002632,-0.494008,-0.000371
0.791000,-1.978618,0.001234,0.829694,-0.000749,0.804194,0.002633,-0.494179,-0.000372
0.792000,-1.983061,0.000941,0.830535,-0.000745,0.802211,0.002634,-0.494350,-0.000373
0.793000,-1.988694,0.000318,0.831384,-0.000737,0.800222,0.002634,-0.494519,-0.000373
0.794000,-1.991373,0.001636,0.832212,-0.000751,0.798231,0.002636,-0.494688,-0.000374
0.795000,-1.998815,0.001837,0.833070,-0.000753,0.796232,0.002638,-0.494855,-0.000375
0.796000,-2.003886,0.000486,0.833913,-0.000737,0.794228,0.002638,-0.495022,-0.000375
0.797000,-2.013083,0.000682,0.834782,-0.000738,0.792215,0.002639,-0.495188,-0.000376
0.798000,-2.016228,0.000020,0.835613,-0.000729,0.790199,0.002639,-0.495353,-0.000377
0.799000,-2.019450,-0.000500,0.836443,-0.000722,0.788179,0.002639,-0.495518,-0.000378
0.800000,-2.018882,-0.000873,0.837248,-0.000716,0.786160,0.002638,-0.495681,-0.000378
0.801000,-2.021407,0.002204,0.838070,-0.000751,0.784139,0.002640,-0.495844,-0.000379
0.802000,-2.018097,0.001693,0.838855,-0.000745,0.782121,0.002642,-0.496006,-0.000380
0.803000,-2.021516,0.000339,0.839680,-0.000728,0.780099,0.002642,-0.496167,-0.000381
0.804000,-2.015998,-0.000819,0.840447,-0.000713,0.778083,0.002641,-0.496327,-0.000381
0.805000,-2.018757,-0.001733,0.841264,-0.000701,0.776065,0.002639,-0.496487,-0.000382
0.806000,-2.016589,-0.000541,0.842049,-0.000713,0.774048,0.002639,-0.496646,-0.000383
0.807000,-2.013264,-0.000312,0.842824,-0.000714,0.772035,0.002638,-0.496804,-0.000383
0.808000,-2.011679,-0.001500,0.843607,-0.000699,0.770023,0.002637,-0.496961,-0.000384
0.809000,-2.004782,-0.001135,0.844355,-0.000701,0.768018,0.002636,-0.497117,-0.000385
0.810000,-2.002317,0.000418,0.845128,-0.000718,0.766016,0.002636,-0.497273,-0.000386
0.811000,-1.999258,0.000127,0.845896,-0.000714,0.764017,0.002636,-0.497428,-0.000386
0.812000,-1.990935,0.000557,0.846627,-0.000718,0.762026,0.002637,-0.497582,-0.000387
0.813000,-1.988759,0.002219,0.847394,-0.000737,0.760037,0.002639,-0.497735,-0.000388
0.814000,-1.982728,0.002135,0.848134,-0.000735,0.758054,0.002641,-0.497888,-0.000389
0.815000,-1.973800,0.001545,0.848853,-0.000728,0.756080,0.002643,-0.498040,-0.000389
0.816000,-1.968968,0.000937,0.849594,-0.000720,0.754111,0.002644,-0.498191,-0.000390
0.817000,-1.961410,0.002277,0.850316,-0.000735,0.752150,0.002646,-0.498341,-0.000391
0.818000,-1.955597,0.003605,0.851045,-0.000751,0.750194,0.002650,-0.498491,-0.000391
0.819000,-1.950681,0.004882,0.851777,-0.000766,0.748244,0.002655,-0.498640,-0.000392
0.820000,-1.940832,0.003597,0.852475,-0.000752,0.746303,0.002658,-0.498788,-0.000393
0.821000,-1.933532,0.004185,0.853186,-0.000759,0.744369,0.002662,-0.498936,-0.000394
0.822000,-1.926749,0.001664,0.853896,-0.000730,0.742443,0.002664,-0.499083,-0.000394
0.823000,-1.921660,0.004238,0.854615,-0.000760,0.740521,0.002668,-0.499229,-0.000395
0.824000,-1.917291,0.003650,0.855335,-0.000753,0.738604,0.002672,-0.499374,-0.000396
0.825000,-1.915063,0.003665,0.856067,-0.000754,0.736689,0.002676,-0.499519,-0.000397
0.826000,-1.910861,0.003020,0.856784,-0.000747,0.734778,0.002679,-0.499663,-0.000398
0.827000,-1.904485,0.003049,0.857485,-0.000747,0.732873,0.002682,-0.499806,-0.000398
0.828000,-1.902525,0.004988,0.858211,-0.000770,0.730971,0.002687,-0.499949,-0.000399
0.829000,-1.902895,0.004926,0.858950,-0.000770,0.729068,0.002692,-0.500090,-0.000400
0.830000,-1.898517,0.003561,0.859657,-0.000755,0.727169,0.002695,-0.500231,-0.000401
0.831000,-1.898346,0.004514,0.860388,-0.000766,0.725271,0.002700,-0.500372,-0.000401
0.832000,-1.896681,0.003587,0.861109,-0.000756,0.723374,0.002703,-0.500511,-0.000402
0.833000,-1.894403,0.002543,0.861824,-0.000744,0.721480,0.002706,-0.500650,-0.000403
0.834000,-1.893993,0.002605,0.862548,-0.000744,0.719586,0.002708,-0.500788,-0.000404
0.835000,-1.896062,0.003833,0.863287,-0.000759,0.717690,0.002712,-0.500926,-0.000404
0.836000,-1.896518,0.002747,0.864015,-0.000746,0.715793,0.002715,-0.501063,-0.000405
0.837000,-1.898103,0.003227,0.864748,-0.000752,0.713895,0.002718,-0.501199,-0.000406
0.838000,-1.900439,0.002522,0.865485,-0.000744,0.711995,0.002721,-0.501334,-0.000407
0.839000,-1.899558,0.003398,0.866201,-0.000754,0.710095,0.002724,-0.501468,-0.000407
0.840000,-1.900921,0.001938,0.866929,-0.000737,0.708194,0.002726,-0.501602,-0.000408
0.841000,-1.902427,0.002801,0.867657,-0.000746,0.706292,0.002729,-0.501735,-0.000409
0.842000,-1.903169,0.002457,0.868379,-0.000742,0.704389,0.002731,-0.501867,-0.000410
0.843000,-1.903580,0.002197,0.869098,-0.000739,0.702485,0.002733,-0.501999,-0.000410
0.844000,-1.909704,0.002187,0.869852,-0.000739,0.700575,0.002736,-0.502130,-0.000411
0.845000,-1.909233,0.000198,0.870563,-0.000715,0.698666,0.002736,-0.502260,-0.000412
0.846000,-1.912559,0.001220,0.871297,-0.000726,0.696754,0.002737,-0.502389,-0.000413
0.847000,-1.912455,0.001779,0.872009,-0.000732,0.694841,0.002739,-0.502518,-0.000413
0.848000,-1.910409,-0.000079,0.872707,-0.000709,0.692931,0.002739,-0.502646,-0.000414
0.849000,-1.907310,0.000804,0.873396,-0.000718,0.691024,0.002740,-0.502773,-0.000415
0.850000,-1.904854,0.000072,0.874087,-0.000709,0.689119,0.002740,-0.502900,-0.000415
0.851000,-1.903439,-0.001544,0.874782,-0.000688,0.687215,0.002738,-0.503026,-0.000416
0.852000,-1.905453,-0.002219,0.875498,-0.000678,0.685310,0.002736,-0.503151,-0.000417
0.853000,-1.904867,-0.002052,0.876196,-0.000678,0.683405,0.002734,-0.503276,-0.000417
0.854000,-1.898967,-0.003665,0.876859,-0.000657,0.681506,0.002730,-0.503399,-0.000418
0.855000,-1.901439,-0.002850,0.877572,-0.000664,0.679605,0.002727,-0.503523,-0.000419
0.856000,-1.898612,-0.002610,0.878251,-0.000665,0.677706,0.002725,-0.503645,-0.000419
0.857000,-1.899423,-0.005189,0.878951,-0.000632,0.675806,0.002720,-0.503767,-0.000420
0.858000,-1.897635,-0.006370,0.879633,-0.000615,0.673909,0.002713,-0.503888,-0.000421
0.859000,-1.895361,-0.006212,0.880310,-0.000613,0.672013,0.002707,-0.504008,-0.000421
0.860000,-1.895240,-0.007764,0.880999,-0.000591,0.670118,0.002699,-0.504128,-0.000422
0.861000,-1.895449,-0.006284,0.881689,-0.000604,0.668223,0.002693,-0.504247,-0.000423
0.862000,-1.894692,-0.007436,0.882371,-0.000587,0.666328,0.002685,-0.504365,-0.000423
0.863000,-1.892111,-0.006718,0.883040,-0.000591,0.664436,0.002679,-0.504483,-0.000424
0.864000,-1.886539,-0.007241,0.883688,-0.000581,0.662549,0.002671,-0.504600,-0.000424
0.865000,-1.886482,-0.008994,0.884368,-0.000556,0.660663,0.002662,-0.504716,-0.000425
0.866000,-1.883855,-0.008260,0.885031,-0.000560,0.658779,0.002654,-0.504832,-0.000425
0.867000,-1.880846,-0.009999,0.885689,-0.000535,0.656898,0.002644,-0.504947,-0.000426
0.868000,-1.880942,-0.011062,0.886365,-0.000518,0.655017,0.002633,-0.505061,-0.000426
0.869000,-1.879821,-0.008363,0.887032,-0.000544,0.653137,0.002625,-0.505175,-0.000427
0.870000,-1.878538,-0.013700,0.887696,-0.000476,0.651259,0.002611,-0.505287,-0.000427
0.871000,-1.875788,-0.009296,0.888349,-0.000522,0.649383,0.002602,-0.505400,-0.000428
0.872000,-1.876289,-0.010252,0.889021,-0.000506,0.647507,0.002592,-0.505511,-0.000429
0.873000,-1.873481,-0.009476,0.889670,-0.000510,0.645633,0.002582,-0.505622,-0.000429
0.874000,-1.872012,-0.011546,0.890326,-0.000481,0.643761,0.002571,-0.505733,-0.000430
0.875000,-1.873313,-0.011606,0.890999,-0.000474,0.641888,0.002559,-0.505842,-0.000430
0.876000,-1.872625,-0.009217,0.891657,-0.000497,0.640015,0.002550,-0.505951,-0.000431
0.877000,-1.868831,-0.010719,0.892294,-0.000474,0.638147,0.002539,-0.506060,-0.000431
0.878000,-1.870623,-0.011440,0.892964,-0.000461,0.636276,0.002528,-0.506167,-0.000431
0.879000,-1.867398,-0.009098,0.893602,-0.000483,0.634409,0.002518,-0.506274,-0.000432
0.880000,-1.866313,-0.009970,0.894251,-0.000468,0.632542,0.002508,-0.506381,-0.000432
0.881000,-1.866738,-0.010199,0.894908,-0.000460,0.630676,0.002498,-0.506486,-0.000433
0.882000,-1.863326,-0.009737,0.895540,-0.000461,0.628812,0.002489,-0.506592,-0.000433
0.883000,-1.865515,-0.009235,0.896205,-0.000462,0.626947,0.002479,-0.506696,-0.000434
0.884000,-1.862190,-0.008209,0.896834,-0.000469,0.625085,0.002471,-0.506800,-0.000434
0.885000,-1.862054,-0.008492,0.897481,-0.000462,0.623222,0.002463,-0.506903,-0.000435
0.886000,-1.859080,-0.009311,0.898109,-0.000448,0.621363,0.002453,-0.507005,-0.000435
0.887000,-1.860115,-0.009565,0.898761,-0.000440,0.619503,0.002444,-0.507107,-0.000436
0.888000,-1.858684,-0.007869,0.899395,-0.000455,0.617645,0.002436,-0.507209,-0.000436
0.889000,-1.855390,-0.008010,0.900016,-0.000449,0.615789,0.002428,-0.507309,-0.000437
0.890000,-1.852772,-0.010884,0.900640,-0.000411,0.613936,0.002417,-0.507409,-0.000437
0.891000,-1.850768,-0.008838,0.901265,-0.000430,0.612086,0.002408,-0.507508,-0.000437
0.892000,-1.848053,-0.009637,0.901884,-0.000416,0.610238,0.002399,-0.507607,-0.000438
0.893000,-1.844741,-0.009698,0.902498,-0.000411,0.608393,0.002389,-0.507705,-0.000438
0.894000,-1.841434,-0.010097,0.903109,-0.000401,0.606551,0.002379,-0.507803,-0.000439
0.895000,-1.842071,-0.008370,0.903744,-0.000417,0.604709,0.002370,-0.507900,-0.000439
0.896000,-1.839946,-0.009336,0.904359,-0.000401,0.602869,0.002361,-0.507996,-0.000439
0.897000,-1.835700,-0.009539,0.904960,-0.000394,0.601034,0.002351,-0.508092,-0.000440
0.898000,-1.832705,-0.007094,0.905566,-0.000418,0.599201,0.002344,-0.508187,-0.000440
0.899000,-1.825615,-0.008233,0.906144,-0.000401,0.597375,0.002336,-0.508281,-0.000441
0.900000,-1.820807,-0.011244,0.906734,-0.000386,0.595555,0.002325,-0.508375,-0.000441
0.901000,-1.813125,-0.008212,0.907303,-0.000416,0.593741,0.002317,-0.508468,-0.000441
0.902000,-1.807568,-0.010988,0.907883,-0.000379,0.591934,0.002306,-0.508561,-0.000442
0.903000,-1.803549,-0.011031,0.908470,-0.000373,0.590130,0.002295,-0.508653,-0.000442
0.904000,-1.798227,-0.011237,0.909047,-0.000365,0.588332,0.002283,-0.508745,-0.000443
0.905000,-1.790006,-0.009722,0.909603,-0.000378,0.586542,0.002274,-0.508836,-0.000443
0.906000,-1.785554,-0.009392,0.910179,-0.000377,0.584757,0.002264,-0.508926,-0.000443
0.907000,-1.779075,-0.010188,0.910741,-0.000363,0.582977,0.002254,-0.509016,-0.000444
0.908000,-1.775108,-0.010024,0.911316,-0.000360,0.581202,0.002244,-0.509105,-0.000444
0.909000,-1.771186,-0.011168,0.911889,-0.000341,0.579431,0.002233,-0.509194,-0.000444
0.910000,-1.766249,-0.009040,0.912453,-0.000361,0.577665,0.002224,-0.509282,-0.000445
0.911000,-1.762039,-0.009931,0.913020,-0.000346,0.575903,0.002214,-0.509369,-0.000445
0.912000,-1.753812,-0.007826,0.913559,-0.000366,0.574149,0.002206,-0.509456,-0.000445
0.913000,-1.750100,-0.008743,0.914124,-0.000351,0.572399,0.002197,-0.509543,-0.000446
0.914000,-1.746333,-0.008275,0.914687,-0.000352,0.570653,0.002189,-0.509629,-0.000446
0.915000,-1.739544,-0.010634,0.915228,-0.000320,0.568913,0.002178,-0.509714,-0.000447
0.916000,-1.733913,-0.008290,0.915774,-0.000343,0.567179,0.002170,-0.509799,-0.000447
0.917000,-1.731805,-0.007943,0.916340,-0.000343,0.565447,0.002162,-0.509883,-0.000447
0.918000,-1.724448,-0.006894,0.916870,-0.000351,0.563723,0.002155,-0.509967,-0.000448
0.919000,-1.723438,-0.007363,0.917439,-0.000342,0.562000,0.002148,-0.510050,-0.000448
0.920000,-1.718895,-0.007756,0.917983,-0.000333,0.560281,0.002140,-0.510133,-0.000448
0.921000,-1.714667,-0.006742,0.918528,-0.000342,0.558566,0.002133,-0.510215,-0.000449
0.922000,-1.713620,-0.007705,0.919090,-0.000326,0.556852,0.002126,-0.510296,-0.000449
0.923000,-1.708789,-0.006077,0.919627,-0.000342,0.555144,0.002120,-0.510377,-0.000449
0.924000,-1.705227,-0.005779,0.920170,-0.000342,0.553438,0.002114,-0.510457,-0.000450
0.925000,-1.702651,-0.007303,0.920717,-0.000321,0.551736,0.002107,-0.510537,-0.000450
0.926000,-1.701787,-0.005332,0.921274,-0.000341,0.550034,0.002101,-0.510617,-0.000450
0.927000,-1.697954,-0.004334,0.921810,-0.000350,0.548336,0.002097,-0.510695,-0.000451
0.928000,-1.695235,-0.005784,0.922351,-0.000330,0.546641,0.002091,-0.510773,-0.000451
0.929000,-1.693180,-0.005570,0.922895,-0.000329,0.544947,0.002086,-0.510851,-0.000451
0.930000,-1.690745,-0.002615,0.923435,-0.000361,0.543257,0.002083,-0.510928,-0.000452
0.931000,-1.689676,-0.004567,0.923982,-0.000336,0.541567,0.002078,-0.511005,-0.000452
0.932000,-1.692965,-0.003873,0.924555,-0.000342,0.539874,0.002075,-0.511081,-0.000452
0.933000,-1.690126,-0.004627,0.925089,-0.000330,0.538184,0.002070,-0.511156,-0.000453
0.934000,-1.694924,-0.003220,0.925670,-0.000344,0.536489,0.002067,-0.511231,-0.000453
0.935000,-1.695854,-0.002975,0.926226,-0.000345,0.534793,0.002064,-0.511305,-0.000453
0.936000,-1.695170,-0.002454,0.926770,-0.000349,0.533098,0.002061,-0.511379,-0.000454
0.937000,-1.695985,-0.002709,0.927324,-0.000344,0.531402,0.002059,-0.511452,-0.000454
0.938000,-1.695369,-0.000958,0.927867,-0.000363,0.529707,0.002058,-0.511525,-0.000454
0.939000,-1.694394,-0.002488,0.928406,-0.000344,0.528012,0.002055,-0.511597,-0.000455
0.940000,-1.696909,-0.002568,0.928967,-0.000341,0.526315,0.002053,-0.511669,-0.000455
0.941000,-1.693233,-0.001583,0.929487,-0.000351,0.524622,0.002051,-0.511740,-0.000455
0.942000,-1.695230,-0.002643,0.930042,-0.000337,0.522927,0.002048,-0.511810,-0.000456
0.943000,-1.691888,-0.002361,0.930561,-0.000338,0.521235,0.002046,-0.511880,-0.000456
0.944000,-1.692625,-0.002976,0.931105,-0.000329,0.519542,0.002043,-0.511950,-0.000456
0.945000,-1.692719,-0.001567,0.931644,-0.000344,0.517850,0.002041,-0.512018,-0.000457
0.946000,-1.692282,-0.002044,0.932179,-0.000337,0.516157,0.002039,-0.512087,-0.000457
0.947000,-1.691150,-0.000601,0.932708,-0.000353,0.514466,0.002039,-0.512155,-0.000458
0.948000,-1.691247,-0.002469,0.933243,-0.000329,0.512775,0.002036,-0.512222,-0.000458
0.949000,-1.690328,-0.000398,0.933771,-0.000352,0.511085,0.002036,-0.512289,-0.000458
0.950000,-1.694534,-0.000900,0.934331,-0.000345,0.509390,0.002035,-0.512355,-0.000459
0.951000,-1.692337,0.000396,0.934849,-0.000359,0.507698,0.002035,-0.512420,-0.000459
0.952000,-1.691300,-0.000654,0.935373,-0.000346,0.506007,0.002035,-0.512486,-0.000459
0.953000,-1.690027,0.002021,0.935894,-0.000377,0.504316,0.002037,-0.512550,-0.000460
0.954000,-1.687007,-0.001795,0.936403,-0.000332,0.502629,0.002035,-0.512614,-0.000460
0.955000,-1.683950,0.001000,0.936910,-0.000363,0.500946,0.002036,-0.512678,-0.000460
0.956000,-1.686024,0.000376,0.937448,-0.000356,0.499259,0.002036,-0.512741,-0.000461
0.957000,-1.684224,0.001744,0.937960,-0.000371,0.497575,0.002038,-0.512804,-0.000461
0.958000,-1.686158,-0.000128,0.938495,-0.000349,0.495889,0.002038,-0.512866,-0.000461
0.959000,-1.683848,0.001346,0.939002,-0.000366,0.494205,0.002039,-0.512927,-0.000462
0.960000,-1.682846,0.000534,0.939516,-0.000356,0.492522,0.002040,-0.512988,-0.000462
0.961000,-1.678991,0.002326,0.940010,-0.000376,0.490843,0.002042,-0.513048,-0.000463
0.962000,-1.675917,0.000755,0.940507,-0.000358,0.489168,0.002043,-0.513108,-0.000463
0.963000,-1.672424,0.000017,0.941000,-0.000349,0.487495,0.002043,-0.513168,-0.000463
0.964000,-1.668493,0.000665,0.941489,-0.000355,0.485827,0.002044,-0.513227,-0.000464
0.965000,-1.666310,0.000726,0.941986,-0.000356,0.484160,0.002044,-0.513285,-0.000464
0.966000,-1.658896,-0.001739,0.942449,-0.000326,0.482501,0.002043,-0.513343,-0.000464
0.967000,-1.656032,0.000982,0.942938,-0.000357,0.480845,0.002044,-0.513401,-0.000465
0.968000,-1.653271,-0.000335,0.943426,-0.000341,0.479192,0.002043,-0.513458,-0.000465
0.969000,-1.650674,0.000435,0.943913,-0.000349,0.477541,0.002044,-0.513515,-0.000465
0.970000,-1.647693,-0.000019,0.944397,-0.000343,0.475894,0.002044,-0.513571,-0.000466
0.971000,-1.644737,0.001171,0.944878,-0.000356,0.474249,0.002045,-0.513626,-0.000466
0.972000,-1.639985,-0.000139,0.945347,-0.000341,0.472609,0.002045,-0.513681,-0.000466
0.973000,-1.636636,0.001742,0.945823,-0.000362,0.470972,0.002046,-0.513736,-0.000467
0.974000,-1.631318,0.000651,0.946284,-0.000349,0.469341,0.002047,-0.513790,-0.000467
0.975000,-1.627400,0.000082,0.946752,-0.000342,0.467714,0.002047,-0.513844,-0.000467
0.976000,-1.622140,-0.000956,0.947209,-0.000329,0.466092,0.002046,-0.513897,-0.000468
0.977000,-1.618476,-0.001678,0.947675,-0.000319,0.464473,0.002045,-0.513950,-0.000468
0.978000,-1.614462,0.000360,0.948136,-0.000342,0.462859,0.002045,-0.514002,-0.000468
0.979000,-1.608556,-0.000731,0.948584,-0.000328,0.461250,0.002044,-0.514054,-0.000469
0.980000,-1.605126,-0.000352,0.949045,-0.000332,0.459645,0.002044,-0.514106,-0.000469
0.981000,-1.601815,-0.000154,0.949505,-0.000333,0.458043,0.002044,-0.514157,-0.000469
0.982000,-1.598278,0.000733,0.949962,-0.000343,0.456445,0.002044,-0.514207,-0.000470
0.983000,-1.595511,-0.001260,0.950422,-0.000319,0.454849,0.002043,-0.514257,-0.000470
0.984000,-1.591020,-0.001191,0.950869,-0.000318,0.453258,0.002042,-0.514307,-0.000470
0.985000,-1.586201,-0.001711,0.951313,-0.000311,0.451672,0.002040,-0.514356,-0.000471
0.986000,-1.581881,-0.000302,0.951757,-0.000326,0.450090,0.002040,-0.514405,-0.000471
0.987000,-1.575273,0.001515,0.952185,-0.000347,0.448515,0.002041,-0.514453,-0.000471
0.988000,-1.571881,0.000585,0.952631,-0.000336,0.446943,0.002042,-0.514501,-0.000472
0.989000,-1.567927,0.001299,0.953072,-0.000344,0.445375,0.002043,-0.514548,-0.000472
0.990000,-1.563772,-0.000776,0.953510,-0.000319,0.443811,0.002043,-0.514595,-0.000472
0.991000,-1.560013,0.000401,0.953948,-0.000332,0.442251,0.002043,-0.514641,-0.000473
0.992000,-1.556620,-0.001199,0.954387,-0.000312,0.440695,0.002042,-0.514688,-0.000473
0.993000,-1.555719,0.000589,0.954840,-0.000332,0.439139,0.002042,-0.514733,-0.000473
0.994000,-1.553162,0.000885,0.955282,-0.000335,0.437586,0.002043,-0.514778,-0.000474
0.995000,-1.549179,0.002763,0.955713,-0.000357,0.436037,0.002046,-0.514823,-0.000474
0.996000,-1.548448,0.001923,0.956162,-0.000348,0.434488,0.002048,-0.514867,-0.000474
0.997000,-1.546210,0.002107,0.956602,-0.000350,0.432942,0.002050,-0.514911,-0.000475
0.998000,-1.544680,0.001642,0.957044,-0.000345,0.431397,0.002052,-0.514955,-0.000475
0.999000,-1.543829,0.002716,0.957489,-0.000357,0.429853,0.002054,-0.514997,-0.000475
1.000000,-1.541742,0.002819,0.957925,-0.000359,0.428312,0.002057,-0.515040,-0.000476
1.001000,-1.539931,0.000879,0.958362,-0.000336,0.426772,0.002058,-0.515082,-0.000476
1.002000,-1.538619,0.002390,0.958800,-0.000354,0.425233,0.002060,-0.515124,-0.000477
1.003000,-1.535859,0.002670,0.959229,-0.000357,0.423697,0.002063,-0.515165,-0.000477
1.004000,-1.535180,0.004750,0.959668,-0.000383,0.422162,0.002068,-0.515206,-0.000477
1.005000,-1.533706,0.001500,0.960102,-0.000345,0.420628,0.002069,-0.515246,-0.000478
1.006000,-1.530804,0.004059,0.960525,-0.000375,0.419098,0.002073,-0.515286,-0.000478
1.007000,-1.531619,0.003387,0.960971,-0.000368,0.417566,0.002077,-0.515325,-0.000478
1.008000,-1.528176,0.002724,0.961389,-0.000361,0.416038,0.002080,-0.515364,-0.000479
1.009000,-1.526181,0.002722,0.961814,-0.000361,0.414512,0.002082,-0.515403,-0.000479
1.010000,-1.521392,0.004605,0.962220,-0.000384,0.412990,0.002087,-0.515441,-0.000479
1.011000,-1.521096,0.002624,0.962653,-0.000362,0.411469,0.002090,-0.515479,-0.000480
1.012000,-1.518844,0.003229,0.963072,-0.000369,0.409950,0.002093,-0.515516,-0.000480
1.013000,-1.515452,0.005105,0.963483,-0.000392,0.408435,0.002098,-0.515553,-0.000481
1.014000,-1.515830,0.003625,0.963916,-0.000376,0.406919,0.002101,-0.515590,-0.000481
1.015000,-1.510451,0.004523,0.964311,-0.000387,0.405409,0.002106,-0.515626,-0.000481
1.016000,-1.509611,0.002417,0.964734,-0.000363,0.403899,0.002108,-0.515661,-0.000482
1.017000,-1.508737,0.004200,0.965155,-0.000385,0.402390,0.002113,-0.515697,-0.000482
1.018000,-1.505835,0.004390,0.965562,-0.000388,0.400884,0.002117,-0.515731,-0.000483
1.019000,-1.505564,0.003585,0.965984,-0.000379,0.399379,0.002121,-0.515766,-0.000483
1.020000,-1.502415,0.004731,0.966388,-0.000394,0.397876,0.002125,-0.515800,-0.000483
1.021000,-1.496416,0.004689,0.966771,-0.000394,0.396380,0.002130,-0.515834,-0.000484
1.022000,-1.495426,0.004445,0.967184,-0.000392,0.394885,0.002134,-0.515867,-0.000484
1.023000,-1.490656,0.005221,0.967572,-0.000403,0.393394,0.002140,-0.515900,-0.000485
1.024000,-1.488160,0.004500,0.967973,-0.000395,0.391906,0.002144,-0.515932,-0.000485
1.025000,-1.485827,0.003829,0.968373,-0.000389,0.390420,0.002148,-0.515964,-0.000485
1.026000,-1.480698,0.006298,0.968754,-0.000419,0.388939,0.002154,-0.515996,-0.000486
1.027000,-1.477436,0.005556,0.969145,-0.000412,0.387462,0.002160,-0.516027,-0.000486
1.028000,-1.472265,0.007270,0.969522,-0.000434,0.385990,0.002167,-0.516058,-0.000487
1.029000,-1.469144,0.006144,0.969910,-0.000422,0.384520,0.002173,-0.516088,-0.000487
1.030000,-1.465095,0.006344,0.970291,-0.000427,0.383055,0.002180,-0.516118,-0.000487
1.031000,-1.461233,0.006423,0.970671,-0.000429,0.381594,0.002186,-0.516148,-0.000488
1.032000,-1.462206,0.007621,0.971081,-0.000445,0.380132,0.002194,-0.516177,-0.000488
1.033000,-1.459575,0.006845,0.971466,-0.000438,0.378672,0.002201,-0.516206,-0.000489
1.034000,-1.455274,0.005339,0.971840,-0.000422,0.377217,0.002206,-0.516235,-0.000489
1.035000,-1.454654,0.005837,0.972236,-0.000430,0.375762,0.002212,-0.516263,-0.000490
1.036000,-1.451198,0.005624,0.972612,-0.000429,0.374311,0.002217,-0.516291,-0.000490
1.037000,-1.446711,0.007668,0.972980,-0.000455,0.372864,0.002225,-0.516318,-0.000490
1.038000,-1.442164,0.006178,0.973346,-0.000439,0.371422,0.002231,-0.516345,-0.000491
1.039000,-1.437912,0.006069,0.973713,-0.000440,0.369984,0.002237,-0.516372,-0.000491
1.040000,-1.432272,0.005331,0.974068,-0.000433,0.368552,0.002243,-0.516398,-0.000492
1.041000,-1.428731,0.005849,0.974435,-0.000440,0.367123,0.002248,-0.516424,-0.000492
1.042000,-1.424360,0.006491,0.974795,-0.000449,0.365699,0.002255,-0.516450,-0.000493
1.043000,-1.416348,0.004971,0.975130,-0.000433,0.364283,0.002260,-0.516475,-0.000493
1.044000,-1.413754,0.005568,0.975497,-0.000441,0.362869,0.002265,-0.516500,-0.000494
1.045000,-1.410417,0.006745,0.975858,-0.000457,0.361458,0.002272,-0.516524,-0.000494
1.046000,-1.407188,0.005915,0.976218,-0.000449,0.360051,0.002278,-0.516548,-0.000494
1.047000,-1.402352,0.006479,0.976566,-0.000457,0.358649,0.002285,-0.516572,-0.000495
1.048000,-1.397896,0.005659,0.976915,-0.000449,0.357251,0.002290,-0.516596,-0.000495
1.049000,-1.394852,0.003565,0.977271,-0.000426,0.355856,0.002294,-0.516619,-0.000496
1.050000,-1.391533,0.002898,0.977624,-0.000419,0.354465,0.002297,-0.516641,-0.000496
1.051000,-1.386730,0.002884,0.977966,-0.000419,0.353078,0.002300,-0.516664,-0.000497
1.052000,-1.384254,0.001567,0.978321,-0.000404,0.351694,0.002301,-0.516686,-0.000497
1.053000,-1.382822,0.002876,0.978682,-0.000419,0.350311,0.002304,-0.516707,-0.000497
1.054000,-1.378252,0.002169,0.979021,-0.000411,0.348933,0.002306,-0.516729,-0.000498
1.055000,-1.376118,0.001550,0.979374,-0.000404,0.347556,0.002308,-0.516750,-0.000498
1.056000,-1.373210,0.001049,0.979721,-0.000398,0.346183,0.002309,-0.516770,-0.000499
1.057000,-1.368944,0.001527,0.980058,-0.000403,0.344814,0.002310,-0.516791,-0.000499
1.058000,-1.368251,0.001564,0.980416,-0.000403,0.343446,0.002312,-0.516811,-0.000500
1.059000,-1.364236,0.000889,0.980752,-0.000395,0.342082,0.002313,-0.516830,-0.000500
1.060000,-1.359422,-0.001057,0.981081,-0.000371,0.340722,0.002312,-0.516849,-0.000500
1.061000,-1.359435,0.000420,0.981439,-0.000388,0.339363,0.002312,-0.516868,-0.000501
1.062000,-1.356716,-0.000893,0.981779,-0.000372,0.338006,0.002311,-0.516887,-0.000501
1.063000,-1.353798,-0.000106,0.982117,-0.000380,0.336652,0.002311,-0.516905,-0.000501
1.064000,-1.350758,-0.001249,0.982452,-0.000366,0.335302,0.002310,-0.516923,-0.000502
1.065000,-1.347955,-0.001822,0.982787,-0.000357,0.333954,0.002308,-0.516941,-0.000502
1.066000,-1.347981,-0.001916,0.983139,-0.000355,0.332606,0.002306,-0.516958,-0.000503
1.067000,-1.342962,-0.001781,0.983458,-0.000355,0.331263,0.002304,-0.516975,-0.000503
1.068000,-1.343353,-0.003503,0.983810,-0.000333,0.329919,0.002301,-0.516991,-0.000503
1.069000,-1.341684,-0.004194,0.984148,-0.000323,0.328578,0.002297,-0.517007,-0.000504
1.070000,-1.337957,-0.003354,0.984472,-0.000330,0.327240,0.002293,-0.517023,-0.000504
1.071000,-1.337610,-0.003721,0.984816,-0.000324,0.325902,0.002290,-0.517039,-0.000504
1.072000,-1.333386,-0.004404,0.985134,-0.000313,0.324569,0.002285,-0.517054,-0.000505
1.073000,-1.329810,-0.003449,0.985455,-0.000322,0.323239,0.002282,-0.517069,-0.000505
1.074000,-1.328085,-0.004922,0.985786,-0.000303,0.321911,0.002277,-0.517083,-0.000505
1.075000,-1.324263,-0.004414,0.986103,-0.000306,0.320587,0.002272,-0.517098,-0.000505
1.076000,-1.320706,-0.004767,0.986420,-0.000299,0.319266,0.002268,-0.517111,-0.000506
1.077000,-1.318713,-0.005559,0.986745,-0.000287,0.317947,0.002262,-0.517125,-0.000506
1.078000,-1.316536,-0.006043,0.987068,-0.000279,0.316631,0.002256,-0.517138,-0.000506
1.079000,-1.312697,-0.006263,0.987380,-0.000273,0.315318,0.002250,-0.517151,-0.000507
1.080000,-1.311815,-0.006340,0.987708,-0.000269,0.314006,0.002243,-0.517164,-0.000507
1.081000,-1.309485,-0.007488,0.988027,-0.000252,0.312697,0.002236,-0.517176,-0.000507
1.082000,-1.306084,-0.006449,0.988337,-0.000261,0.311391,0.002230,-0.517188,-0.000507
1.083000,-1.303866,-0.006188,0.988654,-0.000260,0.310087,0.002223,-0.517200,-0.000508
1.084000,-1.301704,-0.009184,0.988970,-0.000222,0.308785,0.002214,-0.517211,-0.000508
1.085000,-1.296640,-0.007249,0.989266,-0.000240,0.307488,0.002207,-0.517222,-0.000508
1.086000,-1.292626,-0.008930,0.989567,-0.000217,0.306196,0.002198,-0.517233,-0.000508
1.087000,-1.290144,-0.008683,0.989876,-0.000215,0.304906,0.002189,-0.517243,-0.000509
1.088000,-1.287056,-0.009810,0.990180,-0.000198,0.303619,0.002179,-0.517253,-0.000509
1.089000,-1.282584,-0.008899,0.990474,-0.000204,0.302336,0.002171,-0.517263,-0.000509
1.090000,-1.279327,-0.009857,0.990774,-0.000189,0.301057,0.002161,-0.517273,-0.000509
1.091000,-1.277536,-0.010427,0.991082,-0.000177,0.299779,0.002150,-0.517282,-0.000509
1.092000,-1.275377,-0.011220,0.991387,-0.000163,0.298504,0.002139,-0.517291,-0.000509
1.093000,-1.271224,-0.010654,0.991677,-0.000165,0.297233,0.002128,-0.517300,-0.000510
1.094000,-1.270640,-0.011529,0.991989,-0.000149,0.295962,0.002117,-0.517308,-0.000510
1.095000,-1.267970,-0.012087,0.992287,-0.000137,0.294694,0.002105,-0.517316,-0.000510
1.096000,-1.265700,-0.012048,0.992587,-0.000133,0.293428,0.002093,-0.517324,-0.000510
1.097000,-1.264096,-0.013073,0.992889,-0.000115,0.292164,0.002080,-0.517331,-0.000510
1.098000,-1.263035,-0.013940,0.993194,-0.000099,0.290901,0.002066,-0.517338,-0.000510
1.099000,-1.259742,-0.014190,0.993483,-0.000090,0.289641,0.002052,-0.517345,-0.000510
1.100000,-1.257152,-0.015478,0.993776,-0.000068,0.288384,0.002036,-0.517351,-0.000510
1.101000,-1.257259,-0.014435,0.994085,-0.000074,0.287127,0.002022,-0.517358,-0.000511
1.102000,-1.254255,-0.015720,0.994373,-0.000052,0.285873,0.002006,-0.517363,-0.000511
1.103000,-1.249925,-0.015990,0.994652,-0.000042,0.284623,0.001990,-0.517369,-0.000511
1.104000,-1.248541,-0.016770,0.994948,-0.000026,0.283374,0.001973,-0.517374,-0.000511
1.105000,-1.246291,-0.016705,0.995237,-0.000019,0.282128,0.001956,-0.517379,-0.000511
1.106000,-1.242168,-0.017048,0.995513,-0.000008,0.280886,0.001939,-0.517384,-0.000511
1.107000,-1.240646,-0.017620,0.995805,0.000006,0.279645,0.001922,-0.517389,-0.000511
1.108000,-1.239370,-0.015094,0.996097,-0.000017,0.278406,0.001907,-0.517393,-0.000511
1.109000,-1.237983,-0.017490,0.996387,0.000019,0.277168,0.001889,-0.517397,-0.000511
1.110000,-1.237515,-0.016980,0.996682,0.000020,0.275930,0.001872,-0.517400,-0.000511
1.111000,-1.232655,-0.015594,0.996949,0.000011,0.274698,0.001857,-0.517404,-0.000511
1.112000,-1.234184,-0.017217,0.997255,0.000037,0.273463,0.001839,-0.517407,-0.000511
1.113000,-1.230295,-0.015453,0.997525,0.000023,0.272233,0.001824,-0.517410,-0.000511
1.114000,-1.229248,-0.016560,0.997813,0.000043,0.271004,0.001807,-0.517412,-0.000511
1.115000,-1.228881,-0.017395,0.998104,0.000060,0.269775,0.001790,-0.517414,-0.000511
1.116000,-1.230856,-0.016182,0.998409,0.000053,0.268544,0.001774,-0.517416,-0.000510
1.117000,-1.229480,-0.017562,0.998693,0.000076,0.267315,0.001756,-0.517418,-0.000510
1.118000,-1.230486,-0.017453,0.998991,0.000082,0.266084,0.001739,-0.517419,-0.000510
1.119000,-1.231140,-0.020142,0.999286,0.000122,0.264853,0.001719,-0.517420,-0.000510
1.120000,-1.231340,-0.018358,0.999579,0.000109,0.263622,0.001700,-0.517421,-0.000510
1.121000,-1.229252,-0.017775,0.999855,0.000110,0.262392,0.001683,-0.517421,-0.000510
1.122000,-1.228646,-0.017687,1.000141,0.000116,0.261164,0.001665,-0.517421,-0.000510
1.123000,-1.230896,-0.017171,1.000444,0.000117,0.259933,0.001648,-0.517421,-0.000510
1.124000,-1.229809,-0.017403,1.000725,0.000127,0.258703,0.001630,-0.517420,-0.000510
1.125000,-1.228419,-0.018533,1.001004,0.000148,0.257475,0.001612,-0.517420,-0.000509
1.126000,-1.225665,-0.018306,1.001273,0.000153,0.256249,0.001593,-0.517419,-0.000509
1.127000,-1.225340,-0.018938,1.001556,0.000168,0.255024,0.001574,-0.517417,-0.000509
1.128000,-1.222790,-0.018411,1.001825,0.000170,0.253801,0.001556,-0.517416,-0.000509
1.129000,-1.221268,-0.016532,1.002098,0.000155,0.252580,0.001540,-0.517414,-0.000509
1.130000,-1.219174,-0.019352,1.002368,0.000196,0.251360,0.001520,-0.517412,-0.000509
1.131000,-1.217791,-0.019472,1.002641,0.000205,0.250143,0.001501,-0.517409,-0.000508
1.132000,-1.217023,-0.018969,1.002917,0.000207,0.248926,0.001482,-0.517407,-0.000508
1.133000,-1.213569,-0.018937,1.003174,0.000215,0.247712,0.001463,-0.517404,-0.000508
1.134000,-1.213211,-0.017396,1.003451,0.000204,0.246499,0.001445,-0.517401,-0.000508
1.135000,-1.209988,-0.018097,1.003708,0.000220,0.245289,0.001427,-0.517397,-0.000508
1.136000,-1.205987,-0.018748,1.003960,0.000235,0.244083,0.001409,-0.517393,-0.000507
1.137000,-1.203936,-0.017809,1.004222,0.000231,0.242879,0.001391,-0.517389,-0.000507
1.138000,-1.201398,-0.018023,1.004480,0.000241,0.241678,0.001373,-0.517385,-0.000507
1.139000,-1.199716,-0.017531,1.004742,0.000243,0.240478,0.001355,-0.517381,-0.000507
1.140000,-1.196453,-0.019128,1.004994,0.000269,0.239281,0.001336,-0.517376,-0.000506
1.141000,-1.194341,-0.017762,1.005251,0.000260,0.238087,0.001318,-0.517371,-0.000506
1.142000,-1.189508,-0.018731,1.005490,0.000279,0.236898,0.001300,-0.517366,-0.000506
1.143000,-1.186482,-0.016058,1.005739,0.000255,0.235711,0.001284,-0.517360,-0.000506
1.144000,-1.181725,-0.015715,1.005976,0.000258,0.234529,0.001268,-0.517354,-0.000505
1.145000,-1.176145,-0.015066,1.006206,0.000256,0.233353,0.001253,-0.517348,-0.000505
1.146000,-1.172631,-0.014914,1.006447,0.000261,0.232181,0.001238,-0.517342,-0.000505
1.147000,-1.167222,-0.014314,1.006675,0.000259,0.231013,0.001224,-0.517336,-0.000505
1.148000,-1.162640,-0.014996,1.006906,0.000273,0.229851,0.001209,-0.517329,-0.000504
1.149000,-1.153912,-0.012548,1.007109,0.000250,0.228697,0.001196,-0.517322,-0.000504
1.150000,-1.149526,-0.013938,1.007338,0.000272,0.227547,0.001182,-0.517315,-0.000504
1.151000,-1.143570,-0.012425,1.007555,0.000260,0.226404,0.001170,-0.517308,-0.000504
1.152000,-1.138916,-0.011248,1.007778,0.000251,0.225265,0.001158,-0.517300,-0.000503
1.153000,-1.131324,-0.010312,1.007982,0.000244,0.224133,0.001148,-0.517293,-0.000503
1.154000,-1.123739,-0.010281,1.008183,0.000248,0.223010,0.001138,-0.517285,-0.000503
1.155000,-1.115836,-0.008225,1.008380,0.000227,0.221894,0.001130,-0.517276,-0.000503
1.156000,-1.109667,-0.008398,1.008585,0.000233,0.220784,0.001121,-0.517268,-0.000502
1.157000,-1.103976,-0.007439,1.008792,0.000225,0.219680,0.001114,-0.517259,-0.000502
1.158000,-1.097729,-0.009698,1.008994,0.000255,0.218582,0.001104,-0.517251,-0.000502
1.159000,-1.093265,-0.007025,1.009205,0.000227,0.217489,0.001097,-0.517242,-0.000502
1.160000,-1.088425,-0.006656,1.009412,0.000225,0.216401,0.001090,-0.517233,-0.000501
1.161000,-1.083476,-0.007708,1.009617,0.000240,0.215317,0.001083,-0.517223,-0.000501
1.162000,-1.078063,-0.006750,1.009817,0.000232,0.214239,0.001076,-0.517214,-0.000501
1.163000,-1.072022,-0.004742,1.010012,0.000211,0.213167,0.001071,-0.517204,-0.000501
1.164000,-1.066664,-0.006170,1.010209,0.000230,0.212101,0.001065,-0.517194,-0.000500
1.165000,-1.061775,-0.003592,1.010408,0.000202,0.211039,0.001061,-0.517184,-0.000500
1.166000,-1.055723,-0.005172,1.010597,0.000222,0.209983,0.001056,-0.517173,-0.000500
1.167000,-1.052492,-0.004516,1.010803,0.000216,0.208931,0.001052,-0.517163,-0.000500
1.168000,-1.048821,-0.005789,1.011005,0.000233,0.207882,0.001046,-0.517152,-0.000500
1.169000,-1.043184,-0.004123,1.011193,0.000216,0.206839,0.001042,-0.517141,-0.000499
1.170000,-1.037075,-0.003936,1.011376,0.000215,0.205802,0.001038,-0.517130,-0.000499
1.171000,-1.033104,-0.003785,1.011571,0.000215,0.204768,0.001034,-0.517118,-0.000499
1.172000,-1.029612,-0.003804,1.011768,0.000216,0.203739,0.001030,-0.517107,-0.000499
1.173000,-1.024602,-0.003438,1.011954,0.000214,0.202714,0.001027,-0.517095,-0.000499
1.174000,-1.018758,-0.003149,1.012133,0.000211,0.201695,0.001024,-0.517083,-0.000498
1.175000,-1.015004,-0.002666,1.012324,0.000207,0.200680,0.001021,-0.517071,-0.000498
1.176000,-1.012474,-0.001767,1.012521,0.000197,0.199668,0.001019,-0.517059,-0.000498
1.177000,-1.010765,-0.003405,1.012722,0.000218,0.198657,0.001016,-0.517046,-0.000498
1.178000,-1.006858,-0.001946,1.012909,0.000201,0.197650,0.001014,-0.517033,-0.000498
1.179000,-1.002388,-0.003433,1.013091,0.000220,0.196648,0.001010,-0.517020,-0.000497
1.180000,-1.000528,-0.002770,1.013288,0.000213,0.195647,0.001008,-0.517007,-0.000497
1.181000,-0.996373,-0.004109,1.013469,0.000230,0.194651,0.001004,-0.516994,-0.000497
1.182000,-0.995038,-0.003185,1.013667,0.000221,0.193656,0.001000,-0.516981,-0.000497
1.183000,-0.991962,-0.002327,1.013853,0.000212,0.192664,0.000998,-0.516967,-0.000496
1.184000,-0.987791,-0.003552,1.014032,0.000228,0.191676,0.000994,-0.516953,-0.000496
1.185000,-0.985022,-0.004122,1.014217,0.000236,0.190691,0.000990,-0.516939,-0.000496
1.186000,-0.979777,-0.004343,1.014386,0.000240,0.189711,0.000986,-0.516925,-0.000496
1.187000,-0.979883,-0.004081,1.014588,0.000239,0.188732,0.000982,-0.516910,-0.000495
1.188000,-0.978217,-0.003184,1.014778,0.000230,0.187753,0.000979,-0.516896,-0.000495
1.189000,-0.974118,-0.001205,1.014951,0.000207,0.186779,0.000978,-0.516881,-0.000495
1.190000,-0.971467,-0.001515,1.015133,0.000211,0.185808,0.000976,-0.516866,-0.000495
1.191000,-0.967864,-0.004107,1.015307,0.000243,0.184840,0.000972,-0.516851,-0.000495
1.192000,-0.967583,-0.002971,1.015502,0.000231,0.183872,0.000969,-0.516836,-0.000494
1.193000,-0.963187,-0.001457,1.015669,0.000214,0.182909,0.000967,-0.516820,-0.000494
1.194000,-0.962819,-0.001379,1.015861,0.000214,0.181946,0.000966,-0.516805,-0.000494
1.195000,-0.959397,-0.001310,1.016033,0.000213,0.180987,0.000965,-0.516789,-0.000494
1.196000,-0.956049,-0.000116,1.016205,0.000199,0.180031,0.000965,-0.516773,-0.000494
1.197000,-0.955568,-0.003085,1.016393,0.000235,0.179075,0.000962,-0.516756,-0.000493
1.198000,-0.952336,-0.001718,1.016564,0.000220,0.178123,0.000960,-0.516740,-0.000493
1.199000,-0.951733,-0.001872,1.016750,0.000222,0.177171,0.000958,-0.516724,-0.000493
1.200000,-0.949717,0.001148,1.016927,0.000187,0.176222,0.000959,-0.516707,-0.000493
1.201000,-0.946117,-0.000383,1.017092,0.000205,0.175275,0.000959,-0.516690,-0.000492
1.202000,-0.944533,-0.001045,1.017270,0.000213,0.174331,0.000958,-0.516673,-0.000492
1.203000,-0.942001,-0.001018,1.017440,0.000213,0.173389,0.000957,-0.516656,-0.000492
1.204000,-0.941192,0.000854,1.017621,0.000191,0.172448,0.000958,-0.516638,-0.000492
1.205000,-0.939530,-0.000169,1.017795,0.000203,0.171508,0.000957,-0.516620,-0.000492
1.206000,-0.937142,-0.000970,1.017965,0.000212,0.170571,0.000956,-0.516603,-0.000491
1.207000,-0.934721,0.000851,1.018133,0.000191,0.169636,0.000957,-0.516585,-0.000491
1.208000,-0.932667,-0.000315,1.018302,0.000204,0.168704,0.000957,-0.516567,-0.000491
1.209000,-0.928621,0.000547,1.018458,0.000194,0.167775,0.000958,-0.516548,-0.000491
1.210000,-0.928779,0.001522,1.018640,0.000182,0.166846,0.000959,-0.516530,-0.000491
1.211000,-0.925800,0.002423,1.018801,0.000171,0.165920,0.000961,-0.516511,-0.000491
1.212000,-0.922992,0.000911,1.018962,0.000188,0.164997,0.000962,-0.516492,-0.000490
1.213000,-0.921598,0.001812,1.019132,0.000177,0.164076,0.000964,-0.516473,-0.000490
1.214000,-0.919373,0.003405,1.019295,0.000157,0.163156,0.000968,-0.516454,-0.000490
1.215000,-0.916733,0.002782,1.019455,0.000163,0.162240,0.000970,-0.516435,-0.000490
1.216000,-0.915074,0.002722,1.019620,0.000162,0.161325,0.000973,-0.516416,-0.000490
1.217000,-0.912105,0.003973,1.019776,0.000146,0.160413,0.000977,-0.516396,-0.000490
1.218000,-0.911122,0.003048,1.019944,0.000156,0.159501,0.000980,-0.516376,-0.000489
1.219000,-0.908114,0.004281,1.020098,0.000140,0.158593,0.000984,-0.516356,-0.000489
1.220000,-0.905370,0.005064,1.020253,0.000129,0.157688,0.000989,-0.516336,-0.000489
1.221000,-0.901974,0.006270,1.020402,0.000112,0.156786,0.000996,-0.516316,-0.000489
1.222000,-0.902231,0.004770,1.020574,0.000128,0.155884,0.001001,-0.516295,-0.000489
1.223000,-0.900023,0.004522,1.020730,0.000129,0.154984,0.001005,-0.516275,-0.000489
1.224000,-0.897792,0.004023,1.020885,0.000133,0.154086,0.001009,-0.516254,-0.000489
1.225000,-0.895703,0.005462,1.021040,0.000114,0.153190,0.001015,-0.516233,-0.000488
1.226000,-0.893606,0.005066,1.021194,0.000117,0.152297,0.001020,-0.516212,-0.000488
1.227000,-0.889960,0.006057,1.021338,0.000103,0.151407,0.001026,-0.516191,-0.000488
1.228000,-0.889585,0.005303,1.021501,0.000109,0.150517,0.001031,-0.516170,-0.000488
1.229000,-0.884967,0.005182,1.021637,0.000108,0.149632,0.001036,-0.516148,-0.000488
1.230000,-0.884786,0.006343,1.021799,0.000093,0.148747,0.001042,-0.516127,-0.000488
1.231000,-0.881331,0.005349,1.021941,0.000102,0.147866,0.001048,-0.516105,-0.000488
1.232000,-0.878077,0.006046,1.022082,0.000091,0.146988,0.001054,-0.516083,-0.000488
1.233000,-0.877478,0.005206,1.022240,0.000099,0.146110,0.001059,-0.516061,-0.000488
1.234000,-0.872696,0.004419,1.022370,0.000106,0.145238,0.001063,-0.516038,-0.000488
1.235000,-0.871698,0.005612,1.022523,0.000090,0.144366,0.001069,-0.516016,-0.000487
1.236000,-0.870634,0.003411,1.022675,0.000114,0.143495,0.001073,-0.515994,-0.000487
1.237000,-0.868338,0.002681,1.022819,0.000122,0.142627,0.001075,-0.515971,-0.000487
1.238000,-0.868464,0.004533,1.022977,0.000098,0.141759,0.001080,-0.515948,-0.000487
1.239000,-0.864776,0.003056,1.023111,0.000114,0.140894,0.001083,-0.515925,-0.000487
1.240000,-0.862789,0.002974,1.023254,0.000114,0.140031,0.001086,-0.515902,-0.000487
1.241000,-0.859309,0.002164,1.023387,0.000122,0.139172,0.001088,-0.515879,-0.000487
1.242000,-0.857987,0.004095,1.023533,0.000099,0.138314,0.001092,-0.515855,-0.000487
1.243000,-0.855936,0.003970,1.023673,0.000098,0.137458,0.001096,-0.515832,-0.000487
1.244000,-0.855335,0.003216,1.023822,0.000106,0.136602,0.001099,-0.515808,-0.000487
1.245000,-0.853207,0.000479,1.023961,0.000137,0.135749,0.001100,-0.515784,-0.000486
1.246000,-0.850354,0.001090,1.024095,0.000130,0.134899,0.001101,-0.515760,-0.000486
1.247000,-0.848259,0.001686,1.024232,0.000122,0.134051,0.001102,-0.515736,-0.000486
1.248000,-0.847104,0.000997,1.024374,0.000130,0.133204,0.001103,-0.515712,-0.000486
1.249000,-0.844660,0.000962,1.024508,0.000130,0.132359,0.001104,-0.515688,-0.000486
1.250000,-0.840865,0.000423,1.024632,0.000136,0.131518,0.001105,-0.515663,-0.000486
1.251000,-0.840760,-0.002935,1.024779,0.000176,0.130677,0.001102,-0.515638,-0.000486
1.252000,-0.838278,-0.001761,1.024910,0.000163,0.129839,0.001100,-0.515614,-0.000485
1.253000,-0.837205,-0.001763,1.025049,0.000163,0.129002,0.001098,-0.515589,-0.000485
1.254000,-0.834242,-0.003046,1.025176,0.000179,0.128168,0.001095,-0.515564,-0.000485
1.255000,-0.832691,-0.000922,1.025311,0.000155,0.127335,0.001094,-0.515539,-0.000485
1.256000,-0.831340,-0.001617,1.025446,0.000164,0.126503,0.001093,-0.515513,-0.000485
1.257000,-0.827715,-0.001556,1.025566,0.000164,0.125676,0.001091,-0.515488,-0.000485
1.258000,-0.826200,-0.002656,1.025699,0.000178,0.124850,0.001089,-0.515462,-0.000484
1.259000,-0.824861,-0.002642,1.025832,0.000179,0.124025,0.001086,-0.515437,-0.000484
1.260000,-0.823091,-0.000313,1.025962,0.000152,0.123202,0.001086,-0.515411,-0.000484
1.261000,-0.821053,-0.004160,1.026090,0.000198,0.122381,0.001081,-0.515385,-0.000484
1.262000,-0.818313,-0.004432,1.026212,0.000203,0.121562,0.001077,-0.515359,-0.000484
1.263000,-0.816376,-0.003834,1.026338,0.000197,0.120746,0.001073,-0.515332,-0.000483
1.264000,-0.811972,-0.005780,1.026448,0.000222,0.119934,0.001067,-0.515306,-0.000483
1.265000,-0.812749,-0.004904,1.026590,0.000214,0.119121,0.001063,-0.515280,-0.000483
1.266000,-0.809593,-0.004126,1.026706,0.000206,0.118312,0.001058,-0.515253,-0.000483
1.267000,-0.809351,-0.002679,1.026841,0.000191,0.117502,0.001056,-0.515226,-0.000483
1.268000,-0.807289,-0.004365,1.026963,0.000212,0.116695,0.001051,-0.515199,-0.000482
1.269000,-0.808040,-0.005080,1.027102,0.000222,0.115887,0.001046,-0.515172,-0.000482
1.270000,-0.803193,-0.004818,1.027206,0.000221,0.115084,0.001041,-0.515145,-0.000482
1.271000,-0.802060,-0.004210,1.027332,0.000216,0.114282,0.001037,-0.515118,-0.000482
1.272000,-0.800083,-0.003529,1.027452,0.000209,0.113482,0.001034,-0.515091,-0.000482
1.273000,-0.798376,-0.002736,1.027573,0.000201,0.112683,0.001031,-0.515063,-0.000481
1.274000,-0.797415,-0.003957,1.027698,0.000217,0.111886,0.001027,-0.515036,-0.000481
1.275000,-0.797351,-0.003841,1.027829,0.000217,0.111088,0.001023,-0.515008,-0.000481
1.276000,-0.796069,-0.004246,1.027951,0.000223,0.110292,0.001019,-0.514980,-0.000481
1.277000,-0.793835,-0.004275,1.028067,0.000225,0.109498,0.001015,-0.514952,-0.000480
1.278000,-0.791941,-0.002354,1.028184,0.000204,0.108707,0.001012,-0.514924,-0.000480
1.279000,-0.790391,-0.003969,1.028303,0.000224,0.107916,0.001008,-0.514896,-0.000480
1.280000,-0.787476,-0.003265,1.028412,0.000217,0.107129,0.001005,-0.514868,-0.000480
1.281000,-0.786829,-0.003203,1.028535,0.000218,0.106342,0.001002,-0.514839,-0.000480
1.282000,-0.785480,-0.004443,1.028653,0.000234,0.105556,0.000997,-0.514811,-0.000479
1.283000,-0.783997,-0.003683,1.028770,0.000226,0.104772,0.000994,-0.514782,-0.000479
1.284000,-0.780936,-0.002854,1.028876,0.000218,0.103991,0.000991,-0.514753,-0.000479
1.285000,-0.781664,-0.002838,1.029005,0.000219,0.103210,0.000988,-0.514724,-0.000479
1.286000,-0.780899,-0.002742,1.029124,0.000219,0.102429,0.000985,-0.514695,-0.000479
1.287000,-0.778087,-0.002600,1.029231,0.000218,0.101651,0.000983,-0.514666,-0.000478
1.288000,-0.777994,-0.001877,1.029353,0.000210,0.100873,0.000981,-0.514637,-0.000478
1.289000,-0.775262,-0.001817,1.029459,0.000210,0.100098,0.000979,-0.514608,-0.000478
1.290000,-0.773218,-0.001774,1.029568,0.000211,0.099324,0.000977,-0.514578,-0.000478
1.291000,-0.771385,-0.003036,1.029677,0.000226,0.098553,0.000974,-0.514549,-0.000477
1.292000,-0.768442,-0.002762,1.029779,0.000224,0.097784,0.000971,-0.514519,-0.000477
1.293000,-0.766784,-0.003007,1.029888,0.000228,0.097018,0.000968,-0.514489,-0.000477
1.294000,-0.765272,-0.003347,1.029998,0.000233,0.096252,0.000965,-0.514459,-0.000477
1.295000,-0.764710,-0.002045,1.030113,0.000219,0.095488,0.000963,-0.514429,-0.000477
1.296000,-0.760942,-0.003360,1.030207,0.000235,0.094727,0.000960,-0.514399,-0.000476
1.297000,-0.761604,-0.003268,1.030328,0.000236,0.093965,0.000956,-0.514369,-0.000476
1.298000,-0.758864,-0.002541,1.030428,0.000228,0.093206,0.000954,-0.514339,-0.000476
1.299000,-0.756177,-0.002469,1.030527,0.000228,0.092450,0.000951,-0.514308,-0.000476
1.300000,-0.754178,-0.000393,1.030630,0.000204,0.091696,0.000951,-0.514278,-0.000475
1.301000,-0.752544,-0.001526,1.030734,0.000218,0.090943,0.000949,-0.514247,-0.000475
1.302000,-0.751615,-0.003760,1.030842,0.000245,0.090192,0.000946,-0.514216,-0.000475
1.303000,-0.750482,-0.002116,1.030948,0.000227,0.089441,0.000944,-0.514185,-0.000475
1.304000,-0.747535,-0.004815,1.031043,0.000260,0.088694,0.000939,-0.514154,-0.000474
1.305000,-0.747505,-0.004171,1.031155,0.000254,0.087946,0.000935,-0.514123,-0.000474
1.306000,-0.746074,-0.003198,1.031258,0.000244,0.087200,0.000931,-0.514092,-0.000474
1.307000,-0.744204,-0.003634,1.031357,0.000250,0.086456,0.000928,-0.514061,-0.000474
1.308000,-0.742848,-0.003616,1.031460,0.000251,0.085713,0.000924,-0.514029,-0.000473
1.309000,-0.741100,-0.002925,1.031559,0.000245,0.084972,0.000921,-0.513998,-0.000473
1.310000,-0.738239,-0.004172,1.031650,0.000260,0.084234,0.000917,-0.513966,-0.000473
1.311000,-0.736336,-0.002725,1.031747,0.000245,0.083497,0.000914,-0.513935,-0.000473
1.312000,-0.734239,-0.005198,1.031842,0.000275,0.082763,0.000909,-0.513903,-0.000472
1.313000,-0.732662,-0.005211,1.031939,0.000277,0.082031,0.000904,-0.513871,-0.000472
1.314000,-0.729590,-0.003086,1.032027,0.000254,0.081301,0.000901,-0.513839,-0.000472
1.315000,-0.728148,-0.003639,1.032123,0.000262,0.080573,0.000897,-0.513807,-0.000472
1.316000,-0.725813,-0.005553,1.032214,0.000286,0.079847,0.000892,-0.513775,-0.000471
1.317000,-0.726455,-0.002728,1.032323,0.000254,0.079121,0.000889,-0.513743,-0.000471
1.318000,-0.722649,-0.005030,1.032403,0.000283,0.078398,0.000884,-0.513710,-0.000471
1.319000,-0.719494,-0.004537,1.032487,0.000279,0.077678,0.000879,-0.513678,-0.000471
1.320000,-0.716848,-0.004687,1.032573,0.000282,0.076962,0.000875,-0.513646,-0.000470
1.321000,-0.713202,-0.004225,1.032651,0.000278,0.076248,0.000870,-0.513613,-0.000470
1.322000,-0.709695,-0.005088,1.032730,0.000290,0.075539,0.000865,-0.513580,-0.000470
1.323000,-0.707696,-0.003316,1.032817,0.000271,0.074831,0.000862,-0.513548,-0.000469
1.324000,-0.704985,-0.003336,1.032899,0.000272,0.074126,0.000859,-0.513515,-0.000469
1.325000,-0.701401,-0.004075,1.032975,0.000282,0.073425,0.000855,-0.513482,-0.000469
1.326000,-0.698684,-0.004218,1.033055,0.000285,0.072726,0.000850,-0.513449,-0.000469
1.327000,-0.696754,-0.003861,1.033139,0.000283,0.072029,0.000847,-0.513416,-0.000468
1.328000,-0.694909,-0.003668,1.033223,0.000282,0.071334,0.000843,-0.513383,-0.000468
1.329000,-0.691946,-0.004177,1.033300,0.000289,0.070642,0.000839,-0.513349,-0.000468
1.330000,-0.689111,-0.003219,1.033376,0.000279,0.069953,0.000835,-0.513316,-0.000467
1.331000,-0.684866,-0.001990,1.033443,0.000266,0.069268,0.000833,-0.513283,-0.000467
1.332000,-0.682196,-0.003317,1.033519,0.000282,0.068586,0.000830,-0.513249,-0.000467
1.333000,-0.677490,-0.002595,1.033580,0.000275,0.067909,0.000828,-0.513216,-0.000467
1.334000,-0.674385,-0.005188,1.033651,0.000307,0.067234,0.000822,-0.513182,-0.000466
1.335000,-0.670506,-0.003551,1.033716,0.000289,0.066564,0.000819,-0.513149,-0.000466
1.336000,-0.666823,-0.002467,1.033781,0.000277,0.065897,0.000816,-0.513115,-0.000466
1.337000,-0.663542,-0.002196,1.033848,0.000275,0.065233,0.000814,-0.513081,-0.000466
1.338000,-0.660676,-0.002000,1.033917,0.000273,0.064573,0.000812,-0.513047,-0.000465
1.339000,-0.657501,-0.001682,1.033982,0.000270,0.063915,0.000811,-0.513013,-0.000465
1.340000,-0.652878,-0.001425,1.034038,0.000267,0.063262,0.000809,-0.512979,-0.000465
1.341000,-0.649411,-0.001115,1.034100,0.000264,0.062613,0.000808,-0.512945,-0.000464
1.342000,-0.647813,-0.001235,1.034172,0.000266,0.061965,0.000807,-0.512911,-0.000464
1.343000,-0.643702,-0.001957,1.034229,0.000275,0.061321,0.000805,-0.512877,-0.000464
1.344000,-0.639928,-0.000681,1.034286,0.000260,0.060681,0.000804,-0.512843,-0.000464
1.345000,-0.636541,0.000805,1.034345,0.000242,0.060045,0.000805,-0.512808,-0.000463
1.346000,-0.632298,0.000194,1.034397,0.000249,0.059413,0.000805,-0.512774,-0.000463
1.347000,-0.629243,-0.000416,1.034456,0.000256,0.058783,0.000805,-0.512740,-0.000463
1.348000,-0.624815,0.000024,1.034505,0.000251,0.058159,0.000805,-0.512705,-0.000463
1.349000,-0.621913,0.001367,1.034563,0.000235,0.057537,0.000806,-0.512671,-0.000462
1.350000,-0.617530,0.000715,1.034610,0.000242,0.056919,0.000807,-0.512636,-0.000462
1.351000,-0.612593,-0.001319,1.034653,0.000266,0.056307,0.000805,-0.512602,-0.000462
1.352000,-0.610111,0.000106,1.034711,0.000249,0.055696,0.000806,-0.512567,-0.000462
1.353000,-0.605356,0.000094,1.034753,0.000249,0.055091,0.000806,-0.512532,-0.000461
1.354000,-0.601956,0.000709,1.034802,0.000241,0.054489,0.000806,-0.512498,-0.000461
1.355000,-0.598671,0.000039,1.034852,0.000249,0.053890,0.000806,-0.512463,-0.000461
1.356000,-0.594988,0.000647,1.034898,0.000241,0.053295,0.000807,-0.512428,-0.000461
1.357000,-0.592862,0.001236,1.034953,0.000234,0.052703,0.000808,-0.512393,-0.000460
1.358000,-0.589129,0.002564,1.034997,0.000217,0.052113,0.000811,-0.512358,-0.000460
1.359000,-0.586742,0.001775,1.035049,0.000226,0.051527,0.000813,-0.512323,-0.000460
1.360000,-0.583095,0.001702,1.035092,0.000225,0.050944,0.000814,-0.512288,-0.000460
1.361000,-0.582102,-0.000326,1.035151,0.000249,0.050362,0.000814,-0.512253,-0.000460
1.362000,-0.576797,0.000296,1.035182,0.000241,0.049785,0.000814,-0.512218,-0.000459
1.363000,-0.575200,-0.000515,1.035235,0.000251,0.049210,0.000814,-0.512183,-0.000459
1.364000,-0.573443,0.002936,1.035287,0.000210,0.048636,0.000817,-0.512147,-0.000459
1.365000,-0.570975,0.001733,1.035334,0.000223,0.048065,0.000818,-0.512112,-0.000459
1.366000,-0.567272,0.002034,1.035373,0.000218,0.047498,0.000820,-0.512077,-0.000458
1.367000,-0.563950,0.001545,1.035413,0.000223,0.046934,0.000822,-0.512041,-0.000458
1.368000,-0.561973,0.003090,1.035460,0.000204,0.046372,0.000825,-0.512006,-0.000458
1.369000,-0.559470,0.001435,1.035504,0.000222,0.045812,0.000827,-0.511971,-0.000458
1.370000,-0.557167,0.001124,1.035548,0.000225,0.045255,0.000828,-0.511935,-0.000458
1.371000,-0.552144,0.001902,1.035574,0.000215,0.044703,0.000830,-0.511899,-0.000457
1.372000,-0.551438,0.000139,1.035627,0.000235,0.044152,0.000830,-0.511864,-0.000457
1.373000,-0.548918,0.000928,1.035668,0.000225,0.043603,0.000831,-0.511828,-0.000457
1.374000,-0.545687,0.002875,1.035703,0.000202,0.043057,0.000834,-0.511793,-0.000457
1.375000,-0.542958,0.000955,1.035741,0.000223,0.042514,0.000834,-0.511757,-0.000456
1.376000,-0.540720,0.000346,1.035782,0.000230,0.041973,0.000835,-0.511721,-0.000456
1.377000,-0.538204,0.001133,1.035820,0.000220,0.041435,0.000836,-0.511685,-0.000456
1.378000,-0.535101,0.000755,1.035853,0.000224,0.040900,0.000837,-0.511650,-0.000456
1.379000,-0.532424,0.000287,1.035889,0.000229,0.040368,0.000837,-0.511614,-0.000456
1.380000,-0.531674,0.000682,1.035936,0.000224,0.039836,0.000838,-0.511578,-0.000455
1.381000,-0.528987,0.000759,1.035970,0.000223,0.039307,0.000838,-0.511542,-0.000455
1.382000,-0.526796,0.001465,1.036007,0.000214,0.038780,0.000840,-0.511506,-0.000455
1.383000,-0.524143,0.000182,1.036040,0.000228,0.038256,0.000840,-0.511470,-0.000455
1.384000,-0.521022,-0.000646,1.036070,0.000238,0.037735,0.000839,-0.511434,-0.000454
1.385000,-0.517535,0.000639,1.036096,0.000223,0.037218,0.000840,-0.511398,-0.000454
1.386000,-0.515055,0.000498,1.036129,0.000224,0.036702,0.000841,-0.511362,-0.000454
1.387000,-0.514765,-0.002099,1.036174,0.000255,0.036188,0.000838,-0.511326,-0.000454
1.388000,-0.512721,0.000417,1.036208,0.000225,0.035675,0.000839,-0.511289,-0.000453
1.389000,-0.509496,-0.000046,1.036234,0.000231,0.035166,0.000839,-0.511253,-0.000453
1.390000,-0.508244,-0.001211,1.036272,0.000244,0.034657,0.000838,-0.511217,-0.000453
1.391000,-0.507741,-0.000042,1.036314,0.000231,0.034150,0.000838,-0.511181,-0.000453
1.392000,-0.504923,-0.002041,1.036341,0.000254,0.033645,0.000836,-0.511144,-0.000453
1.393000,-0.502552,-0.000073,1.036370,0.000231,0.033142,0.000835,-0.511108,-0.000452
1.394000,-0.499763,-0.002034,1.036397,0.000255,0.032642,0.000833,-0.511072,-0.000452
1.395000,-0.497863,0.000664,1.036428,0.000223,0.032144,0.000834,-0.511035,-0.000452
1.396000,-0.496880,-0.000707,1.036464,0.000239,0.031648,0.000833,-0.510999,-0.000452
1.397000,-0.495775,-0.002614,1.036499,0.000262,0.031152,0.000831,-0.510962,-0.000451
1.398000,-0.493509,-0.001493,1.036527,0.000249,0.030658,0.000829,-0.510926,-0.000451
1.399000,-0.490023,-0.000705,1.036546,0.000240,0.030168,0.000829,-0.510889,-0.000451
1.400000,-0.487849,-0.001304,1.036573,0.000248,0.029680,0.000827,-0.510853,-0.000451
1.401000,-0.486642,-0.000624,1.036605,0.000240,0.029194,0.000827,-0.510816,-0.000450
1.402000,-0.485787,-0.001257,1.036639,0.000247,0.028708,0.000825,-0.510780,-0.000450
1.403000,-0.484069,-0.001890,1.036667,0.000255,0.028224,0.000824,-0.510743,-0.000450
1.404000,-0.481159,0.000167,1.036688,0.000231,0.027743,0.000824,-0.510706,-0.000450
1.405000,-0.480771,-0.003192,1.036723,0.000271,0.027262,0.000820,-0.510670,-0.000449
1.406000,-0.477442,-0.002233,1.036740,0.000261,0.026785,0.000818,-0.510633,-0.000449
1.407000,-0.479064,-0.001040,1.036788,0.000247,0.026305,0.000817,-0.510596,-0.000449
1.408000,-0.475478,-0.002447,1.036802,0.000264,0.025830,0.000815,-0.510559,-0.000449
1.409000,-0.473585,-0.003731,1.036827,0.000280,0.025356,0.000811,-0.510523,-0.000448
1.410000,-0.471781,-0.002242,1.036851,0.000264,0.024885,0.000809,-0.510486,-0.000448
1.411000,-0.469892,-0.001569,1.036875,0.000257,0.024415,0.000807,-0.510449,-0.000448
1.412000,-0.468040,-0.001547,1.036898,0.000257,0.023947,0.000806,-0.510412,-0.000448
1.413000,-0.467343,-0.002648,1.036929,0.000270,0.023479,0.000803,-0.510375,-0.000447
1.414000,-0.464687,-0.000965,1.036946,0.000251,0.023015,0.000802,-0.510338,-0.000447
1.415000,-0.463287,-0.002144,1.036971,0.000265,0.022551,0.000800,-0.510301,-0.000447
1.416000,-0.461383,-0.001385,1.036992,0.000257,0.022090,0.000799,-0.510264,-0.000446
1.417000,-0.459900,-0.003282,1.037016,0.000280,0.021630,0.000795,-0.510227,-0.000446
1.418000,-0.459022,-0.000539,1.037042,0.000248,0.021171,0.000795,-0.510190,-0.000446
1.419000,-0.458049,-0.001848,1.037069,0.000264,0.020713,0.000793,-0.510153,-0.000446
1.420000,-0.457255,-0.001803,1.037095,0.000264,0.020256,0.000791,-0.510116,-0.000445
1.421000,-0.454874,-0.001679,1.037112,0.000263,0.019801,0.000789,-0.510079,-0.000445
1.422000,-0.451940,-0.001819,1.037124,0.000265,0.019349,0.000788,-0.510042,-0.000445
1.423000,-0.452852,-0.001199,1.037161,0.000258,0.018896,0.000786,-0.510005,-0.000445
1.424000,-0.449220,-0.003154,1.037168,0.000282,0.018447,0.000783,-0.509968,-0.000444
1.425000,-0.447549,-0.001104,1.037187,0.000258,0.017999,0.000782,-0.509931,-0.000444
1.426000,-0.446114,-0.001739,1.037207,0.000266,0.017553,0.000780,-0.509893,-0.000444
1.427000,-0.443925,-0.000999,1.037222,0.000258,0.017109,0.000779,-0.509856,-0.000444
1.428000,-0.441397,-0.001669,1.037234,0.000266,0.016668,0.000778,-0.509819,-0.000443
1.429000,-0.440468,-0.002256,1.037256,0.000273,0.016227,0.000775,-0.509782,-0.000443
1.430000,-0.437822,-0.000268,1.037267,0.000250,0.015790,0.000775,-0.509744,-0.000443
1.431000,-0.436905,-0.001587,1.037287,0.000266,0.015353,0.000774,-0.509707,-0.000443
1.432000,-0.433549,-0.002880,1.037293,0.000282,0.014919,0.000771,-0.509670,-0.000442
1.433000,-0.431503,-0.001469,1.037305,0.000266,0.014488,0.000769,-0.509633,-0.000442
1.434000,-0.429763,-0.000754,1.037319,0.000258,0.014058,0.000768,-0.509595,-0.000442
1.435000,-0.429792,-0.001429,1.037344,0.000266,0.013628,0.000767,-0.509558,-0.000441
1.436000,-0.426441,-0.002723,1.037348,0.000282,0.013202,0.000764,-0.509521,-0.000441
1.437000,-0.424600,0.000006,1.037360,0.000250,0.012777,0.000764,-0.509483,-0.000441
1.438000,-0.421707,-0.001991,1.037365,0.000274,0.012355,0.000762,-0.509446,-0.000441
1.439000,-0.419745,-0.000616,1.037375,0.000258,0.011936,0.000762,-0.509409,-0.000440
1.440000,-0.420178,0.000640,1.037400,0.000243,0.011515,0.000762,-0.509371,-0.000440
1.441000,-0.416448,-0.001343,1.037399,0.000266,0.011099,0.000761,-0.509334,-0.000440
1.442000,-0.415980,-0.001859,1.037418,0.000272,0.010683,0.000759,-0.509296,-0.000440
1.443000,-0.413034,-0.003396,1.037420,0.000291,0.010270,0.000756,-0.509259,-0.000439
1.444000,-0.412136,-0.002537,1.037435,0.000282,0.009858,0.000753,-0.509222,-0.000439
1.445000,-0.410138,-0.000441,1.037443,0.000258,0.009448,0.000753,-0.509184,-0.000439
1.446000,-0.407010,-0.001762,1.037443,0.000274,0.009041,0.000751,-0.509147,-0.000439
1.447000,-0.408507,-0.001685,1.037471,0.000273,0.008632,0.000749,-0.509109,-0.000438
1.448000,-0.405870,-0.001657,1.037474,0.000273,0.008226,0.000748,-0.509072,-0.000438
1.449000,-0.405106,-0.002323,1.037488,0.000282,0.007821,0.000745,-0.509034,-0.000438
1.450000,-0.404217,-0.002096,1.037501,0.000280,0.007417,0.000743,-0.508997,-0.000437
1.451000,-0.403354,-0.002304,1.037514,0.000283,0.007014,0.000741,-0.508959,-0.000437
1.452000,-0.400283,-0.002303,1.037513,0.000283,0.006613,0.000739,-0.508922,-0.000437
1.453000,-0.399930,-0.000402,1.037528,0.000262,0.006213,0.000738,-0.508884,-0.000437
1.454000,-0.397862,-0.000088,1.037532,0.000258,0.005816,0.000738,-0.508847,-0.000436
1.455000,-0.398649,-0.003547,1.037554,0.000299,0.005417,0.000735,-0.508809,-0.000436
1.456000,-0.394616,-0.002125,1.037545,0.000283,0.005022,0.000733,-0.508772,-0.000436
1.457000,-0.394988,-0.002062,1.037564,0.000283,0.004627,0.000730,-0.508734,-0.000435
1.458000,-0.392505,-0.002716,1.037564,0.000291,0.004235,0.000728,-0.508697,-0.000435
1.459000,-0.392971,-0.002651,1.037583,0.000291,0.003842,0.000725,-0.508659,-0.000435
1.460000,-0.391887,-0.000567,1.037591,0.000267,0.003450,0.000725,-0.508621,-0.000435
1.461000,-0.391866,-0.002583,1.037607,0.000291,0.003058,0.000722,-0.508584,-0.000434
1.462000,-0.389584,-0.003050,1.037607,0.000298,0.002668,0.000719,-0.508546,-0.000434
1.463000,-0.388259,-0.002527,1.037614,0.000292,0.002280,0.000716,-0.508509,-0.000434
1.464000,-0.387288,-0.001807,1.037622,0.000285,0.001893,0.000715,-0.508471,-0.000433
1.465000,-0.388374,-0.003754,1.037643,0.000308,0.001505,0.000711,-0.508433,-0.000433
1.466000,-0.385241,-0.002319,1.037637,0.000292,0.001119,0.000708,-0.508396,-0.000433
1.467000,-0.383694,-0.002261,1.037641,0.000292,0.000736,0.000706,-0.508358,-0.000433
1.468000,-0.382139,-0.003516,1.037645,0.000308,0.000353,0.000703,-0.508320,-0.000432
1.469000,-0.380834,-0.001505,1.037649,0.000285,-0.000027,0.000701,-0.508283,-0.000432
1.470000,-0.378583,-0.002788,1.037647,0.000301,-0.000406,0.000698,-0.508245,-0.000432
1.471000,-0.376608,-0.002719,1.037647,0.000301,-0.000783,0.000696,-0.508207,-0.000431
1.472000,-0.376411,-0.001310,1.037657,0.000285,-0.001159,0.000694,-0.508170,-0.000431
1.473000,-0.372928,-0.000673,1.037647,0.000278,-0.001532,0.000694,-0.508132,-0.000431
1.474000,-0.370576,-0.001320,1.037642,0.000285,-0.001902,0.000692,-0.508095,-0.000431
1.475000,-0.370452,-0.002587,1.037652,0.000301,-0.002273,0.000690,-0.508057,-0.000430
1.476000,-0.369861,-0.002371,1.037658,0.000299,-0.002643,0.000687,-0.508019,-0.000430
1.477000,-0.368863,-0.000650,1.037662,0.000279,-0.003012,0.000687,-0.507982,-0.000430
1.478000,-0.366312,-0.001061,1.037655,0.000284,-0.003378,0.000686,-0.507944,-0.000429
1.479000,-0.364105,-0.000652,1.037651,0.000279,-0.003742,0.000685,-0.507906,-0.000429
1.480000,-0.362575,-0.002361,1.037650,0.000300,-0.004105,0.000683,-0.507869,-0.000429
1.481000,-0.361769,-0.001815,1.037653,0.000294,-0.004466,0.000681,-0.507831,-0.000429
1.482000,-0.359253,-0.000515,1.037645,0.000279,-0.004826,0.000680,-0.507793,-0.000428
1.483000,-0.357987,-0.003167,1.037644,0.000310,-0.005184,0.000677,-0.507756,-0.000428
1.484000,-0.355850,-0.001138,1.037638,0.000287,-0.005539,0.000676,-0.507718,-0.000428
1.485000,-0.355194,-0.001754,1.037641,0.000295,-0.005895,0.000674,-0.507680,-0.000427
1.486000,-0.353125,-0.002343,1.037634,0.000302,-0.006248,0.000672,-0.507643,-0.000427
1.487000,-0.351320,-0.000976,1.037629,0.000286,-0.006599,0.000671,-0.507605,-0.000427
1.488000,-0.350492,-0.001650,1.037629,0.000295,-0.006950,0.000669,-0.507567,-0.000426
1.489000,-0.349233,-0.000993,1.037627,0.000287,-0.007299,0.000668,-0.507530,-0.000426
1.490000,-0.345523,-0.000294,1.037608,0.000279,-0.007644,0.000668,-0.507492,-0.000426
1.491000,-0.346370,-0.000993,1.037618,0.000287,-0.007991,0.000667,-0.507455,-0.000426
1.492000,-0.343044,-0.000917,1.037601,0.000286,-0.008334,0.000666,-0.507417,-0.000425
1.493000,-0.344025,-0.000298,1.037611,0.000279,-0.008678,0.000666,-0.507379,-0.000425
1.494000,-0.342555,-0.000290,1.037606,0.000279,-0.009020,0.000666,-0.507342,-0.000425
1.495000,-0.342070,-0.000303,1.037607,0.000279,-0.009362,0.000665,-0.507304,-0.000424
1.496000,-0.339441,-0.001005,1.037594,0.000287,-0.009702,0.000664,-0.507266,-0.000424
1.497000,-0.341084,-0.000293,1.037607,0.000279,-0.010043,0.000664,-0.507229,-0.000424
1.498000,-0.339500,-0.000327,1.037600,0.000279,-0.010382,0.000664,-0.507191,-0.000424
1.499000,-0.337089,-0.000339,1.037588,0.000279,-0.010720,0.000663,-0.507154,-0.000423
1.500000,-0.336560,0.014613,1.037586,0.000279,-0.011056,0.000678,-0.507116,-0.000423
1.501000,-0.335539,0.012806,1.037582,0.000295,-0.011392,0.000691,-0.507078,-0.000423
1.502000,-0.336198,0.014920,1.037588,0.000264,-0.011728,0.000706,-0.507041,-0.000423
1.503000,-0.334921,0.011408,1.037582,0.000300,-0.012063,0.000717,-0.507003,-0.000422
1.504000,-0.334268,0.012732,1.037580,0.000279,-0.012397,0.000730,-0.506966,-0.000422
1.505000,-0.334930,0.012541,1.037586,0.000277,-0.012732,0.000742,-0.506928,-0.000422
1.506000,-0.332668,0.012591,1.037574,0.000271,-0.013065,0.000755,-0.506890,-0.000421
1.507000,-0.331543,0.010856,1.037568,0.000286,-0.013396,0.000766,-0.506853,-0.000421
1.508000,-0.332277,0.010480,1.037574,0.000286,-0.013728,0.000776,-0.506815,-0.000421
1.509000,-0.330311,0.011365,1.037563,0.000272,-0.014059,0.000788,-0.506778,-0.000421
1.510000,-0.332086,0.011512,1.037575,0.000265,-0.014391,0.000799,-0.506740,-0.000420
1.511000,-0.330716,0.008674,1.037568,0.000294,-0.014722,0.000808,-0.506703,-0.000420
1.512000,-0.329816,0.008559,1.037563,0.000292,-0.015051,0.000816,-0.506665,-0.000420
1.513000,-0.329359,0.008814,1.037561,0.000286,-0.015381,0.000825,-0.506627,-0.000419
1.514000,-0.329886,0.008937,1.037565,0.000281,-0.015711,0.000834,-0.506590,-0.000419
1.515000,-0.328714,0.009462,1.037558,0.000271,-0.016039,0.000844,-0.506552,-0.000419
1.516000,-0.330317,0.006661,1.037569,0.000300,-0.016370,0.000850,-0.506515,-0.000419
1.517000,-0.327674,0.008815,1.037553,0.000272,-0.016697,0.000859,-0.506477,-0.000418
1.518000,-0.325640,0.007419,1.037540,0.000285,-0.017023,0.000866,-0.506440,-0.000418
1.519000,-0.325639,0.006402,1.037540,0.000294,-0.017349,0.000873,-0.506402,-0.000418
1.520000,-0.326928,0.006770,1.037548,0.000287,-0.017676,0.000880,-0.506364,-0.000417
1.521000,-0.325316,0.006522,1.037538,0.000287,-0.018001,0.000886,-0.506327,-0.000417
1.522000,-0.324826,0.005672,1.037535,0.000295,-0.018326,0.000892,-0.506289,-0.000417
1.523000,-0.323172,0.004835,1.037524,0.000302,-0.018649,0.000897,-0.506252,-0.000417
1.524000,-0.322954,0.004672,1.037522,0.000302,-0.018972,0.000901,-0.506214,-0.000416
1.525000,-0.319741,0.004595,1.037501,0.000301,-0.019292,0.000906,-0.506177,-0.000416
1.526000,-0.320261,0.004078,1.037503,0.000305,-0.019612,0.000910,-0.506139,-0.000416
1.527000,-0.317785,0.005442,1.037486,0.000287,-0.019930,0.000915,-0.506102,-0.000415
1.528000,-0.316642,0.004074,1.037476,0.000301,-0.020246,0.000920,-0.506064,-0.000415
1.529000,-0.316027,0.003767,1.037470,0.000303,-0.020562,0.000923,-0.506027,-0.000415
1.530000,-0.313546,0.002790,1.037452,0.000313,-0.020876,0.000926,-0.505989,-0.000414
1.531000,-0.310394,0.004260,1.037429,0.000295,-0.021186,0.000930,-0.505952,-0.000414
1.532000,-0.308784,0.003353,1.037416,0.000304,-0.021495,0.000934,-0.505914,-0.000414
1.533000,-0.306335,0.001870,1.037396,0.000320,-0.021801,0.000936,-0.505877,-0.000414
1.534000,-0.305471,0.002482,1.037386,0.000312,-0.022107,0.000938,-0.505840,-0.000413
1.535000,-0.303765,0.002996,1.037371,0.000305,-0.022411,0.000941,-0.505802,-0.000413
1.536000,-0.301119,0.002270,1.037349,0.000312,-0.022712,0.000943,-0.505765,-0.000413
1.537000,-0.299042,0.002188,1.037330,0.000312,-0.023011,0.000946,-0.505727,-0.000412
1.538000,-0.297688,0.003359,1.037316,0.000297,-0.023308,0.000949,-0.505690,-0.000412
1.539000,-0.294192,0.004617,1.037287,0.000280,-0.023603,0.000953,-0.505653,-0.000412
1.540000,-0.293222,0.002436,1.037274,0.000305,-0.023896,0.000956,-0.505615,-0.000411
1.541000,-0.290658,0.001726,1.037250,0.000312,-0.024186,0.000958,-0.505578,-0.000411
1.542000,-0.289366,0.001605,1.037234,0.000313,-0.024476,0.000959,-0.505541,-0.000411
1.543000,-0.286651,0.001691,1.037209,0.000311,-0.024763,0.000961,-0.505504,-0.000410
1.544000,-0.284785,0.001419,1.037188,0.000313,-0.025047,0.000962,-0.505466,-0.000410
1.545000,-0.282618,0.001999,1.037165,0.000306,-0.025330,0.000964,-0.505429,-0.000410
1.546000,-0.281908,0.001750,1.037151,0.000308,-0.025612,0.000966,-0.505392,-0.000410
1.547000,-0.280117,0.001857,1.037130,0.000306,-0.025892,0.000968,-0.505355,-0.000409
1.548000,-0.278389,0.001309,1.037109,0.000311,-0.026170,0.000969,-0.505318,-0.000409
1.549000,-0.275478,0.002409,1.037080,0.000297,-0.026446,0.000972,-0.505281,-0.000409
1.550000,-0.274594,0.001580,1.037064,0.000306,-0.026720,0.000973,-0.505244,-0.000408
1.551000,-0.271853,0.001555,1.037035,0.000306,-0.026992,0.000975,-0.505207,-0.000408
1.552000,-0.271276,0.002739,1.037020,0.000291,-0.027264,0.000978,-0.505170,-0.000408
1.553000,-0.269678,0.003970,1.036998,0.000275,-0.027533,0.000982,-0.505132,-0.000407
1.554000,-0.268041,-0.000753,1.036975,0.000330,-0.027801,0.000981,-0.505095,-0.000407
1.555000,-0.265528,-0.000052,1.036946,0.000321,-0.028067,0.000981,-0.505059,-0.000407
1.556000,-0.264391,0.002580,1.036926,0.000290,-0.028331,0.000983,-0.505022,-0.000407
1.557000,-0.262743,0.001089,1.036902,0.000307,-0.028594,0.000984,-0.504985,-0.000406
1.558000,-0.260710,0.002429,1.036876,0.000290,-0.028855,0.000987,-0.504948,-0.000406
1.559000,-0.260570,0.000312,1.036861,0.000314,-0.029115,0.000987,-0.504911,-0.000406
1.560000,-0.257612,0.000931,1.036828,0.000307,-0.029373,0.000988,-0.504874,-0.000405
1.561000,-0.257158,-0.000358,1.036810,0.000322,-0.029630,0.000988,-0.504837,-0.000405
1.562000,-0.257447,0.001051,1.036798,0.000305,-0.029887,0.000989,-0.504800,-0.000405
1.563000,-0.256022,0.001363,1.036774,0.000301,-0.030143,0.000990,-0.504764,-0.000404
1.564000,-0.254227,0.001440,1.036747,0.000299,-0.030398,0.000992,-0.504727,-0.000404
1.565000,-0.253599,0.000610,1.036728,0.000308,-0.030651,0.000992,-0.504690,-0.000404
1.566000,-0.253417,0.000881,1.036712,0.000305,-0.030905,0.000993,-0.504653,-0.000403
1.567000,-0.252819,0.001419,1.036692,0.000298,-0.031157,0.000994,-0.504617,-0.000403
1.568000,-0.249697,0.001307,1.036657,0.000298,-0.031407,0.000996,-0.504580,-0.000403
1.569000,-0.249761,0.000027,1.036641,0.000313,-0.031657,0.000996,-0.504543,-0.000403
1.570000,-0.250344,-0.000960,1.036629,0.000325,-0.031907,0.000995,-0.504506,-0.000402
1.571000,-0.249218,-0.001359,1.036606,0.000330,-0.032157,0.000993,-0.504470,-0.000402
1.572000,-0.248729,-0.001455,1.036586,0.000331,-0.032405,0.000992,-0.504433,-0.000402
1.573000,-0.248031,0.000576,1.036566,0.000308,-0.032653,0.000993,-0.504397,-0.000401
1.574000,-0.246413,-0.000092,1.036539,0.000315,-0.032900,0.000993,-0.504360,-0.000401
1.575000,-0.244859,-0.000137,1.036512,0.000316,-0.033145,0.000992,-0.504324,-0.000401
1.576000,-0.245502,-0.000111,1.036499,0.000315,-0.033390,0.000992,-0.504287,-0.000400
1.577000,-0.242362,-0.000203,1.036463,0.000316,-0.033632,0.000992,-0.504250,-0.000400
1.578000,-0.241739,-0.000830,1.036441,0.000324,-0.033874,0.000991,-0.504214,-0.000400
1.579000,-0.242806,-0.000815,1.036430,0.000324,-0.034117,0.000990,-0.504178,-0.000399
1.580000,-0.241145,-0.002122,1.036402,0.000340,-0.034358,0.000988,-0.504141,-0.000399
1.581000,-0.240379,-0.001437,1.036380,0.000332,-0.034598,0.000987,-0.504105,-0.000399
1.582000,-0.239280,-0.001914,1.036355,0.000338,-0.034838,0.000985,-0.504068,-0.000398
1.583000,-0.238409,-0.001982,1.036331,0.000340,-0.035076,0.000983,-0.504032,-0.000398
1.584000,-0.236889,-0.000119,1.036304,0.000318,-0.035313,0.000983,-0.503996,-0.000398
1.585000,-0.236141,-0.001205,1.036280,0.000331,-0.035549,0.000982,-0.503959,-0.000397
1.586000,-0.234566,-0.001315,1.036252,0.000333,-0.035784,0.000980,-0.503923,-0.000397
1.587000,-0.232846,-0.001945,1.036222,0.000341,-0.036017,0.000978,-0.503887,-0.000397
1.588000,-0.232061,-0.001289,1.036198,0.000333,-0.036249,0.000977,-0.503851,-0.000396
1.589000,-0.230788,-0.001269,1.036170,0.000333,-0.036479,0.000976,-0.503814,-0.000396
1.590000,-0.227174,-0.002551,1.036127,0.000349,-0.036707,0.000973,-0.503778,-0.000396
1.591000,-0.226033,-0.001789,1.036100,0.000341,-0.036933,0.000971,-0.503742,-0.000395
1.592000,-0.225483,-0.003132,1.036075,0.000357,-0.037158,0.000968,-0.503706,-0.000395
1.593000,-0.223413,-0.002992,1.036042,0.000357,-0.037382,0.000965,-0.503670,-0.000395
1.594000,-0.222681,-0.002255,1.036016,0.000349,-0.037604,0.000963,-0.503634,-0.000394
1.595000,-0.220657,-0.002746,1.035982,0.000356,-0.037825,0.000960,-0.503598,-0.000394
1.596000,-0.218784,-0.002866,1.035948,0.000358,-0.038044,0.000957,-0.503562,-0.000394
1.597000,-0.216078,-0.000822,1.035909,0.000335,-0.038260,0.000957,-0.503526,-0.000393
1.598000,-0.216046,-0.002836,1.035886,0.000359,-0.038476,0.000954,-0.503490,-0.000393
1.599000,-0.211854,-0.002755,1.035837,0.000359,-0.038688,0.000951,-0.503454,-0.000393
1.600000,-0.210359,-0.001996,1.035804,0.000350,-0.038898,0.000949,-0.503418,-0.000392
1.601000,-0.209282,-0.001313,1.035773,0.000343,-0.039107,0.000948,-0.503382,-0.000392
1.602000,-0.206076,-0.001304,1.035729,0.000343,-0.039313,0.000946,-0.503347,-0.000392
1.603000,-0.204888,-0.000646,1.035697,0.000336,-0.039518,0.000946,-0.503311,-0.000391
1.604000,-0.203630,-0.003145,1.035664,0.000365,-0.039722,0.000943,-0.503275,-0.000391
1.605000,-0.200678,-0.000597,1.035620,0.000336,-0.039923,0.000942,-0.503239,-0.000390
1.606000,-0.199026,-0.001272,1.035584,0.000344,-0.040122,0.000941,-0.503204,-0.000390
1.607000,-0.198208,-0.001944,1.035553,0.000352,-0.040320,0.000939,-0.503168,-0.000390
1.608000,-0.196667,-0.001283,1.035517,0.000345,-0.040516,0.000938,-0.503133,-0.000389
1.609000,-0.194305,-0.001885,1.035476,0.000353,-0.040711,0.000936,-0.503097,-0.000389
1.610000,-0.192060,-0.001163,1.035435,0.000344,-0.040903,0.000935,-0.503062,-0.000389
1.611000,-0.191366,-0.001202,1.035403,0.000345,-0.041094,0.000933,-0.503026,-0.000388
1.612000,-0.188685,-0.002432,1.035358,0.000360,-0.041283,0.000931,-0.502991,-0.000388
1.613000,-0.187430,-0.002395,1.035323,0.000360,-0.041470,0.000928,-0.502956,-0.000388
1.614000,-0.185532,-0.000371,1.035282,0.000337,-0.041656,0.000928,-0.502920,-0.000387
1.615000,-0.182147,-0.001694,1.035232,0.000353,-0.041838,0.000926,-0.502885,-0.000387
1.616000,-0.181487,-0.002372,1.035199,0.000361,-0.042019,0.000924,-0.502850,-0.000387
1.617000,-0.180782,-0.001604,1.035165,0.000353,-0.042200,0.000922,-0.502814,-0.000386
1.618000,-0.178316,-0.001576,1.035120,0.000353,-0.042379,0.000921,-0.502779,-0.000386
1.619000,-0.177629,-0.000912,1.035086,0.000345,-0.042556,0.000920,-0.502744,-0.000386
1.620000,-0.174460,-0.001526,1.035036,0.000353,-0.042731,0.000918,-0.502709,-0.000385
1.621000,-0.172440,-0.000875,1.034992,0.000345,-0.042903,0.000918,-0.502674,-0.000385
1.622000,-0.168117,-0.000878,1.034934,0.000345,-0.043071,0.000917,-0.502639,-0.000385
1.623000,-0.168367,-0.000867,1.034904,0.000345,-0.043240,0.000916,-0.502604,-0.000384
1.624000,-0.165669,-0.000159,1.034855,0.000337,-0.043405,0.000916,-0.502569,-0.000384
1.625000,-0.162974,-0.000184,1.034805,0.000337,-0.043568,0.000915,-0.502534,-0.000384
1.626000,-0.162376,-0.000841,1.034769,0.000345,-0.043731,0.000915,-0.502500,-0.000383
1.627000,-0.161455,-0.002675,1.034730,0.000367,-0.043892,0.000912,-0.502465,-0.000383
1.628000,-0.159507,-0.000315,1.034684,0.000339,-0.044052,0.000912,-0.502430,-0.000382
1.629000,-0.157882,-0.002066,1.034641,0.000360,-0.044209,0.000910,-0.502395,-0.000382
1.630000,-0.154162,-0.002166,1.034583,0.000362,-0.044364,0.000907,-0.502361,-0.000382
1.631000,-0.154666,-0.001621,1.034552,0.000356,-0.044518,0.000906,-0.502326,-0.000381
1.632000,-0.152107,-0.001967,1.034502,0.000360,-0.044670,0.000904,-0.502292,-0.000381
1.633000,-0.150402,-0.000736,1.034456,0.000346,-0.044821,0.000903,-0.502257,-0.000381
1.634000,-0.149380,-0.002104,1.034414,0.000362,-0.044970,0.000901,-0.502223,-0.000380
1.635000,-0.148869,-0.000732,1.034376,0.000347,-0.045119,0.000900,-0.502188,-0.000380
1.636000,-0.145541,-0.002053,1.034320,0.000362,-0.045265,0.000898,-0.502154,-0.000380
1.637000,-0.145578,-0.000149,1.034284,0.000340,-0.045410,0.000898,-0.502120,-0.000379
1.638000,-0.143968,-0.001857,1.034238,0.000360,-0.045554,0.000896,-0.502085,-0.000379
1.639000,-0.142215,-0.001942,1.034191,0.000362,-0.045696,0.000894,-0.502051,-0.000379
1.640000,-0.139953,-0.001956,1.034140,0.000362,-0.045836,0.000892,-0.502017,-0.000378
1.641000,-0.139199,-0.003234,1.034098,0.000378,-0.045975,0.000889,-0.501983,-0.000378
1.642000,-0.138481,-0.003142,1.034057,0.000378,-0.046114,0.000886,-0.501949,-0.000377
1.643000,-0.137120,-0.001126,1.034011,0.000355,-0.046251,0.000885,-0.501915,-0.000377
1.644000,-0.136738,-0.000423,1.033971,0.000347,-0.046388,0.000884,-0.501881,-0.000377
1.645000,-0.134445,-0.001070,1.033919,0.000354,-0.046522,0.000883,-0.501847,-0.000376
1.646000,-0.133072,-0.003073,1.033873,0.000378,-0.046655,0.000880,-0.501813,-0.000376
1.647000,-0.130832,-0.001042,1.033821,0.000355,-0.046786,0.000879,-0.501779,-0.000376
1.648000,-0.129388,-0.000358,1.033773,0.000347,-0.046916,0.000879,-0.501745,-0.000375
1.649000,-0.126325,-0.001052,1.033715,0.000355,-0.047042,0.000878,-0.501711,-0.000375
1.650000,-0.123988,-0.001679,1.033661,0.000362,-0.047166,0.000876,-0.501677,-0.000375
1.651000,-0.124791,-0.002265,1.033627,0.000370,-0.047291,0.000874,-0.501644,-0.000374
1.652000,-0.122075,-0.002226,1.033570,0.000370,-0.047413,0.000872,-0.501610,-0.000374
1.653000,-0.121727,-0.000918,1.033528,0.000355,-0.047534,0.000871,-0.501577,-0.000374
1.654000,-0.120460,-0.002866,1.033480,0.000378,-0.047655,0.000868,-0.501543,-0.000373
1.655000,-0.118850,-0.001491,1.033430,0.000363,-0.047774,0.000866,-0.501510,-0.000373
1.656000,-0.118729,-0.002774,1.033389,0.000378,-0.047893,0.000864,-0.501476,-0.000372
1.657000,-0.117052,-0.002008,1.033338,0.000370,-0.048010,0.000862,-0.501443,-0.000372
1.658000,-0.114929,-0.002054,1.033283,0.000371,-0.048124,0.000859,-0.501409,-0.000372
1.659000,-0.115045,-0.001292,1.033243,0.000362,-0.048240,0.000858,-0.501376,-0.000371
1.660000,-0.112821,-0.001970,1.033188,0.000371,-0.048352,0.000856,-0.501343,-0.000371
1.661000,-0.112084,-0.001792,1.033142,0.000369,-0.048464,0.000854,-0.501310,-0.000371
1.662000,-0.110941,-0.002642,1.033094,0.000379,-0.048575,0.000852,-0.501277,-0.000370
1.663000,-0.109881,-0.001308,1.033045,0.000364,-0.048685,0.000850,-0.501243,-0.000370
1.664000,-0.108043,-0.001420,1.032992,0.000366,-0.048793,0.000849,-0.501210,-0.000369
1.665000,-0.107307,-0.002537,1.032945,0.000379,-0.048901,0.000847,-0.501177,-0.000369
1.666000,-0.104545,-0.002428,1.032886,0.000379,-0.049005,0.000844,-0.501145,-0.000369
1.667000,-0.103578,-0.002191,1.032837,0.000376,-0.049109,0.000842,-0.501112,-0.000368
1.668000,-0.103080,-0.000474,1.032791,0.000357,-0.049212,0.000841,-0.501079,-0.000368
1.669000,-0.100262,-0.002298,1.032730,0.000378,-0.049312,0.000839,-0.501046,-0.000368
1.670000,-0.101570,0.000338,1.032695,0.000347,-0.049414,0.000839,-0.501013,-0.000367
1.671000,-0.098951,-0.000454,1.032636,0.000356,-0.049513,0.000839,-0.500981,-0.000367
1.672000,-0.098104,-0.002503,1.032587,0.000380,-0.049611,0.000837,-0.500948,-0.000367
1.673000,-0.096573,-0.001128,1.032534,0.000365,-0.049707,0.000835,-0.500915,-0.000366
1.674000,-0.095059,-0.002456,1.032480,0.000381,-0.049802,0.000833,-0.500883,-0.000366
1.675000,-0.093581,-0.001702,1.032427,0.000372,-0.049896,0.000831,-0.500850,-0.000365
1.676000,-0.092144,-0.001673,1.032374,0.000372,-0.049988,0.000830,-0.500818,-0.000365
1.677000,-0.093620,-0.001650,1.032339,0.000372,-0.050082,0.000828,-0.500786,-0.000365
1.678000,-0.092413,-0.001620,1.032287,0.000372,-0.050174,0.000826,-0.500753,-0.000364
1.679000,-0.092373,-0.000961,1.032242,0.000365,-0.050266,0.000825,-0.500721,-0.000364
1.680000,-0.090948,-0.000960,1.032189,0.000365,-0.050357,0.000824,-0.500689,-0.000364
1.681000,-0.090067,-0.000271,1.032139,0.000357,-0.050447,0.000824,-0.500656,-0.000363
1.682000,-0.089239,-0.004155,1.032089,0.000403,-0.050537,0.000820,-0.500624,-0.000363
1.683000,-0.089134,-0.001666,1.032044,0.000374,-0.050626,0.000818,-0.500592,-0.000362
1.684000,-0.087015,-0.002698,1.031986,0.000387,-0.050713,0.000816,-0.500560,-0.000362
1.685000,-0.088714,-0.002230,1.031952,0.000382,-0.050802,0.000813,-0.500528,-0.000362
1.686000,-0.089353,-0.001963,1.031912,0.000379,-0.050891,0.000811,-0.500496,-0.000361
1.687000,-0.088217,-0.001434,1.031861,0.000374,-0.050979,0.000810,-0.500464,-0.000361
1.688000,-0.086392,-0.002712,1.031805,0.000389,-0.051066,0.000807,-0.500432,-0.000361
1.689000,-0.084941,-0.001518,1.031751,0.000375,-0.051150,0.000806,-0.500401,-0.000360
1.690000,-0.084328,-0.001228,1.031702,0.000372,-0.051235,0.000805,-0.500369,-0.000360
1.691000,-0.082070,-0.001284,1.031643,0.000373,-0.051317,0.000803,-0.500337,-0.000359
1.692000,-0.082610,-0.002617,1.031601,0.000389,-0.051400,0.000801,-0.500306,-0.000359
1.693000,-0.082035,-0.002653,1.031552,0.000390,-0.051482,0.000798,-0.500274,-0.000359
1.694000,-0.081945,-0.001899,1.031506,0.000382,-0.051563,0.000796,-0.500242,-0.000358
1.695000,-0.080840,-0.002487,1.031454,0.000389,-0.051644,0.000794,-0.500211,-0.000358
1.696000,-0.081771,-0.001276,1.031415,0.000375,-0.051726,0.000792,-0.500179,-0.000357
1.697000,-0.080593,-0.000915,1.031362,0.000371,-0.051807,0.000791,-0.500148,-0.000357
1.698000,-0.079833,-0.000414,1.031313,0.000365,-0.051887,0.000791,-0.500117,-0.000357
1.699000,-0.078181,0.001463,1.031257,0.000343,-0.051965,0.000792,-0.500085,-0.000356
1.700000,-0.077348,0.000037,1.031206,0.000359,-0.052042,0.000792,-0.500054,-0.000356
1.701000,-0.077604,-0.000615,1.031162,0.000366,-0.052120,0.000792,-0.500023,-0.000356
1.702000,-0.075312,-0.001965,1.031102,0.000382,-0.052195,0.000790,-0.499992,-0.000355
1.703000,-0.074979,-0.001284,1.031054,0.000374,-0.052270,0.000789,-0.499961,-0.000355
1.704000,-0.074140,-0.002525,1.031003,0.000389,-0.052344,0.000786,-0.499930,-0.000355
1.705000,-0.073851,-0.000532,1.030955,0.000366,-0.052418,0.000786,-0.499899,-0.000354
1.706000,-0.072591,-0.001868,1.030901,0.000382,-0.052491,0.000784,-0.499868,-0.000354
1.707000,-0.072365,-0.000530,1.030854,0.000366,-0.052563,0.000783,-0.499837,-0.000353
1.708000,-0.072824,-0.001840,1.030811,0.000382,-0.052636,0.000781,-0.499806,-0.000353
1.709000,-0.069974,-0.003134,1.030747,0.000398,-0.052706,0.000778,-0.499775,-0.000353
1.710000,-0.069724,-0.001757,1.030699,0.000382,-0.052775,0.000776,-0.499744,-0.000352
1.711000,-0.068776,-0.001100,1.030647,0.000374,-0.052844,0.000775,-0.499714,-0.000352
1.712000,-0.067650,-0.001726,1.030593,0.000382,-0.052912,0.000774,-0.499683,-0.000352
1.713000,-0.064733,-0.001720,1.030528,0.000382,-0.052977,0.000772,-0.499652,-0.000351
1.714000,-0.064276,-0.001051,1.030478,0.000374,-0.053041,0.000771,-0.499622,-0.000351
1.715000,-0.064443,-0.001584,1.030432,0.000381,-0.053105,0.000769,-0.499591,-0.000350
1.716000,-0.061811,-0.001157,1.030368,0.000376,-0.053167,0.000768,-0.499561,-0.000350
1.717000,-0.061572,-0.001032,1.030319,0.000375,-0.053229,0.000767,-0.499531,-0.000350
1.718000,-0.060537,-0.001584,1.030265,0.000381,-0.053289,0.000765,-0.499500,-0.000349
1.719000,-0.060008,-0.002361,1.030214,0.000391,-0.053349,0.000763,-0.499470,-0.000349
1.720000,-0.059561,-0.001683,1.030164,0.000383,-0.053409,0.000761,-0.499440,-0.000348
1.721000,-0.058396,-0.002377,1.030109,0.000392,-0.053467,0.000759,-0.499410,-0.000348
1.722000,-0.058329,-0.000390,1.030060,0.000369,-0.053526,0.000759,-0.499379,-0.000348
1.723000,-0.056762,-0.002348,1.030003,0.000392,-0.053582,0.000756,-0.499349,-0.000347
1.724000,-0.056262,-0.001675,1.029952,0.000384,-0.053639,0.000755,-0.499319,-0.000347
1.725000,-0.056414,-0.002283,1.029905,0.000392,-0.053695,0.000752,-0.499289,-0.000347
1.726000,-0.055812,-0.002941,1.029853,0.000400,-0.053751,0.000749,-0.499260,-0.000346
1.727000,-0.052804,-0.000869,1.029786,0.000376,-0.053804,0.000749,-0.499230,-0.000346
1.728000,-0.053416,-0.002185,1.029741,0.000392,-0.053857,0.000746,-0.499200,-0.000345
1.729000,-0.053922,-0.001608,1.029697,0.000385,-0.053911,0.000745,-0.499170,-0.000345
1.730000,-0.052188,-0.001943,1.029637,0.000389,-0.053963,0.000743,-0.499140,-0.000345
1.731000,-0.048866,-0.001417,1.029568,0.000383,-0.054012,0.000741,-0.499111,-0.000344
1.732000,-0.049436,-0.001441,1.029523,0.000384,-0.054061,0.000740,-0.499081,-0.000344
1.733000,-0.047080,-0.002078,1.029459,0.000392,-0.054108,0.000738,-0.499052,-0.000343
1.734000,-0.046310,-0.001417,1.029405,0.000384,-0.054155,0.000736,-0.499022,-0.000343
1.735000,-0.045334,-0.001352,1.029350,0.000384,-0.054200,0.000735,-0.498993,-0.000343
1.736000,-0.044149,-0.001401,1.029293,0.000384,-0.054244,0.000734,-0.498964,-0.000342
1.737000,-0.043348,-0.002641,1.029238,0.000399,-0.054288,0.000731,-0.498934,-0.000342
1.738000,-0.043219,-0.002587,1.029188,0.000399,-0.054331,0.000728,-0.498905,-0.000342
1.739000,-0.041223,-0.003776,1.029126,0.000414,-0.054372,0.000725,-0.498876,-0.000341
1.740000,-0.039367,-0.002633,1.029064,0.000401,-0.054411,0.000722,-0.498847,-0.000341
1.741000,-0.037614,-0.002466,1.029003,0.000400,-0.054449,0.000720,-0.498818,-0.000340
1.742000,-0.036526,-0.002917,1.028946,0.000406,-0.054486,0.000717,-0.498789,-0.000340
1.743000,-0.035875,-0.002409,1.028891,0.000400,-0.054521,0.000714,-0.498760,-0.000340
1.744000,-0.034526,-0.001729,1.028832,0.000393,-0.054556,0.000713,-0.498731,-0.000339
1.745000,-0.032561,-0.001732,1.028768,0.000393,-0.054589,0.000711,-0.498702,-0.000339
1.746000,-0.034560,-0.002386,1.028730,0.000401,-0.054623,0.000708,-0.498673,-0.000338
1.747000,-0.031867,-0.002362,1.028662,0.000401,-0.054655,0.000706,-0.498645,-0.000338
1.748000,-0.029595,-0.002323,1.028597,0.000401,-0.054685,0.000704,-0.498616,-0.000338
1.749000,-0.027808,-0.002909,1.028534,0.000409,-0.054712,0.000701,-0.498587,-0.000337
1.750000,-0.027196,-0.002232,1.028478,0.000401,-0.054740,0.000699,-0.498559,-0.000337
1.751000,-0.025894,-0.000880,1.028418,0.000386,-0.054765,0.000698,-0.498530,-0.000336
1.752000,-0.024951,-0.000889,1.028360,0.000386,-0.054790,0.000697,-0.498502,-0.000336
1.753000,-0.025075,-0.002213,1.028309,0.000401,-0.054815,0.000695,-0.498473,-0.000336
1.754000,-0.022357,-0.001552,1.028240,0.000394,-0.054838,0.000693,-0.498445,-0.000335
1.755000,-0.023261,-0.001482,1.028193,0.000393,-0.054861,0.000692,-0.498417,-0.000335
1.756000,-0.023266,-0.001443,1.028141,0.000393,-0.054884,0.000690,-0.498389,-0.000334
1.757000,-0.022351,-0.001460,1.028083,0.000393,-0.054907,0.000689,-0.498361,-0.000334
1.758000,-0.020926,-0.000819,1.028022,0.000386,-0.054928,0.000688,-0.498333,-0.000334
1.759000,-0.021744,-0.002136,1.027975,0.000401,-0.054949,0.000686,-0.498305,-0.000333
1.760000,-0.020096,-0.003436,1.027913,0.000417,-0.054969,0.000682,-0.498277,-0.000333
1.761000,-0.021132,-0.002736,1.027867,0.000410,-0.054991,0.000680,-0.498249,-0.000332
1.762000,-0.018860,-0.001961,1.027800,0.000401,-0.055009,0.000678,-0.498221,-0.000332
1.763000,-0.019116,-0.001959,1.027750,0.000401,-0.055029,0.000676,-0.498193,-0.000332
1.764000,-0.019171,-0.001304,1.027698,0.000394,-0.055048,0.000674,-0.498165,-0.000331
1.765000,-0.017707,-0.003248,1.027637,0.000417,-0.055065,0.000671,-0.498138,-0.000331
1.766000,-0.018195,-0.000550,1.027588,0.000386,-0.055084,0.000671,-0.498110,-0.000330
1.767000,-0.016211,-0.000554,1.027523,0.000386,-0.055100,0.000670,-0.498082,-0.000330
1.768000,-0.015889,0.000051,1.027468,0.000378,-0.055116,0.000670,-0.498055,-0.000330
1.769000,-0.014649,-0.000732,1.027408,0.000387,-0.055130,0.000669,-0.498027,-0.000329
1.770000,-0.013463,0.000146,1.027348,0.000376,-0.055144,0.000669,-0.498000,-0.000329
1.771000,-0.011539,-0.002636,1.027283,0.000409,-0.055155,0.000667,-0.497973,-0.000328
1.772000,-0.012351,-0.000626,1.027235,0.000386,-0.055168,0.000666,-0.497945,-0.000328
1.773000,-0.011079,-0.001825,1.027174,0.000400,-0.055179,0.000664,-0.497918,-0.000328
1.774000,-0.010533,-0.001357,1.027118,0.000394,-0.055189,0.000663,-0.497891,-0.000327
1.775000,-0.009845,-0.002206,1.027061,0.000404,-0.055199,0.000661,-0.497864,-0.000327
1.776000,-0.008428,-0.002544,1.026999,0.000409,-0.055208,0.000658,-0.497837,-0.000326
1.777000,-0.007431,-0.001939,1.026939,0.000402,-0.055215,0.000656,-0.497810,-0.000326
1.778000,-0.007543,-0.002655,1.026887,0.000411,-0.055223,0.000654,-0.497783,-0.000326
1.779000,-0.006920,-0.003305,1.026830,0.000419,-0.055230,0.000650,-0.497756,-0.000325
1.780000,-0.005953,-0.001227,1.026770,0.000395,-0.055235,0.000649,-0.497729,-0.000325
1.781000,-0.004636,-0.001858,1.026709,0.000403,-0.055240,0.000647,-0.497702,-0.000324
1.782000,-0.005278,-0.001894,1.026659,0.000404,-0.055245,0.000645,-0.497676,-0.000324
1.783000,-0.003717,-0.001187,1.026596,0.000395,-0.055249,0.000644,-0.497649,-0.000324
1.784000,-0.003220,-0.001879,1.026540,0.000404,-0.055252,0.000642,-0.497622,-0.000323
1.785000,-0.001572,-0.003106,1.026476,0.000419,-0.055254,0.000639,-0.497596,-0.000323
1.786000,0.001312,-0.001741,1.026404,0.000403,-0.055253,0.000637,-0.497569,-0.000322
1.787000,0.002676,-0.001733,1.026341,0.000403,-0.055250,0.000636,-0.497543,-0.000322
1.788000,0.002705,-0.002402,1.026286,0.000411,-0.055247,0.000633,-0.497517,-0.000322
1.789000,0.005032,-0.002982,1.026217,0.000419,-0.055242,0.000630,-0.497490,-0.000321
1.790000,0.006019,-0.001781,1.026156,0.000405,-0.055236,0.000629,-0.497464,-0.000321
1.791000,0.003760,-0.002110,1.026115,0.000409,-0.055232,0.000626,-0.497438,-0.000320
1.792000,0.005613,-0.000874,1.026049,0.000395,-0.055227,0.000626,-0.497412,-0.000320
1.793000,0.005577,-0.002243,1.025995,0.000411,-0.055221,0.000623,-0.497386,-0.000320
1.794000,0.006234,-0.003540,1.025937,0.000427,-0.055215,0.000620,-0.497360,-0.000319
1.795000,0.004784,-0.001622,1.025891,0.000405,-0.055210,0.000618,-0.497334,-0.000319
1.796000,0.006389,-0.001285,1.025827,0.000401,-0.055204,0.000617,-0.497308,-0.000318
1.797000,0.007966,-0.002091,1.025763,0.000410,-0.055196,0.000615,-0.497282,-0.000318
1.798000,0.007559,-0.002102,1.025711,0.000411,-0.055188,0.000613,-0.497256,-0.000317
1.799000,0.007498,-0.003403,1.025657,0.000427,-0.055181,0.000609,-0.497231,-0.000317
1.800000,0.007813,-0.007417,1.025602,0.000411,-0.055173,0.000602,-0.497205,-0.000317
1.801000,0.009879,-0.007213,1.025534,0.000411,-0.055163,0.000595,-0.497179,-0.000316
1.802000,0.007144,-0.007538,1.025497,0.000418,-0.055156,0.000587,-0.497154,-0.000316
1.803000,0.010105,-0.006337,1.025425,0.000406,-0.055146,0.000581,-0.497128,-0.000315
1.804000,0.009942,-0.007291,1.025372,0.000419,-0.055136,0.000573,-0.497103,-0.000315
1.805000,0.011355,-0.005794,1.025308,0.000404,-0.055125,0.000568,-0.497078,-0.000315
1.806000,0.012682,-0.005630,1.025246,0.000404,-0.055112,0.000562,-0.497052,-0.000314
1.807000,0.014204,-0.007315,1.025181,0.000426,-0.055098,0.000555,-0.497027,-0.000314
1.808000,0.013860,-0.005921,1.025129,0.000412,-0.055084,0.000549,-0.497002,-0.000313
1.809000,0.012753,-0.006486,1.025081,0.000420,-0.055071,0.000542,-0.496977,-0.000313
1.810000,0.012469,-0.005806,1.025029,0.000414,-0.055059,0.000537,-0.496952,-0.000313
1.811000,0.014630,-0.006013,1.024961,0.000419,-0.055044,0.000531,-0.496927,-0.000312
1.812000,0.014732,-0.005974,1.024906,0.000420,-0.055029,0.000525,-0.496902,-0.000312
1.813000,0.015290,-0.003339,1.024848,0.000391,-0.055014,0.000521,-0.496877,-0.000311
1.814000,0.015238,-0.004302,1.024794,0.000403,-0.054999,0.000517,-0.496852,-0.000311
1.815000,0.015863,-0.004945,1.024736,0.000412,-0.054983,0.000512,-0.496827,-0.000310
1.816000,0.016121,-0.004239,1.024680,0.000405,-0.054967,0.000508,-0.496802,-0.000310
1.817000,0.014819,-0.006069,1.024634,0.000428,-0.054952,0.000502,-0.496778,-0.000310
1.818000,0.015138,-0.004610,1.024579,0.000413,-0.054937,0.000497,-0.496753,-0.000309
1.819000,0.014724,-0.005961,1.024527,0.000430,-0.054922,0.000491,-0.496728,-0.000309
1.820000,0.015453,-0.003007,1.024469,0.000397,-0.054907,0.000488,-0.496704,-0.000308
1.821000,0.015945,-0.005428,1.024413,0.000426,-0.054891,0.000483,-0.496680,-0.000308
1.822000,0.018036,-0.004056,1.024346,0.000412,-0.054873,0.000479,-0.496655,-0.000308
1.823000,0.017398,-0.005317,1.024296,0.000428,-0.054855,0.000473,-0.496631,-0.000307
1.824000,0.017720,-0.003261,1.024240,0.000405,-0.054837,0.000470,-0.496606,-0.000307
1.825000,0.018010,-0.003882,1.024185,0.000413,-0.054819,0.000466,-0.496582,-0.000306
1.826000,0.019068,-0.004417,1.024124,0.000421,-0.054800,0.000462,-0.496558,-0.000306
1.827000,0.019425,-0.004310,1.024068,0.000421,-0.054781,0.000457,-0.496534,-0.000305
1.828000,0.019825,-0.004217,1.024012,0.000421,-0.054761,0.000453,-0.496510,-0.000305
1.829000,0.019160,-0.004654,1.023963,0.000427,-0.054742,0.000449,-0.496486,-0.000305
1.830000,0.018845,-0.004179,1.023911,0.000423,-0.054723,0.000444,-0.496462,-0.000304
1.831000,0.019207,-0.003329,1.023856,0.000414,-0.054704,0.000441,-0.496438,-0.000304
1.832000,0.017218,-0.003847,1.023815,0.000421,-0.054687,0.000437,-0.496414,-0.000303
1.833000,0.018952,-0.004902,1.023751,0.000435,-0.054668,0.000432,-0.496390,-0.000303
1.834000,0.017248,-0.003167,1.023709,0.000416,-0.054651,0.000429,-0.496367,-0.000303
1.835000,0.018802,-0.003521,1.023647,0.000421,-0.054632,0.000426,-0.496343,-0.000302
1.836000,0.018835,-0.005526,1.023594,0.000445,-0.054613,0.000420,-0.496319,-0.000302
1.837000,0.019703,-0.004113,1.023536,0.000430,-0.054593,0.000416,-0.496296,-0.000301
1.838000,0.019755,-0.003400,1.023483,0.000423,-0.054573,0.000413,-0.496272,-0.000301
1.839000,0.021463,-0.005285,1.023419,0.000446,-0.054552,0.000407,-0.496249,-0.000300
1.840000,0.021728,-0.005244,1.023365,0.000447,-0.054530,0.000402,-0.496225,-0.000300
1.841000,0.023150,-0.004227,1.023303,0.000437,-0.054507,0.000398,-0.496202,-0.000299
1.842000,0.022781,-0.002232,1.023252,0.000414,-0.054484,0.000396,-0.496178,-0.000299
1.843000,0.024036,-0.002869,1.023191,0.000422,-0.054460,0.000393,-0.496155,-0.000299
1.844000,0.023439,-0.003514,1.023142,0.000430,-0.054437,0.000389,-0.496132,-0.000298
1.845000,0.024498,-0.004762,1.023083,0.000446,-0.054412,0.000384,-0.496109,-0.000298
1.846000,0.025067,-0.002000,1.023026,0.000415,-0.054387,0.000382,-0.496086,-0.000297
1.847000,0.025729,-0.003305,1.022969,0.000430,-0.054362,0.000379,-0.496063,-0.000297
1.848000,0.026583,-0.003231,1.022911,0.000430,-0.054335,0.000376,-0.496040,-0.000297
1.849000,0.025580,-0.001160,1.022864,0.000406,-0.054309,0.000375,-0.496017,-0.000296
1.850000,0.026410,-0.002493,1.022806,0.000422,-0.054283,0.000372,-0.495994,-0.000296
1.851000,0.027480,-0.003143,1.022747,0.000431,-0.054255,0.000369,-0.495971,-0.000295
1.852000,0.025732,-0.004390,1.022705,0.000446,-0.054230,0.000365,-0.495948,-0.000295
1.853000,0.026633,-0.003592,1.022647,0.000438,-0.054203,0.000361,-0.495926,-0.000294
1.854000,0.027765,-0.002899,1.022587,0.000431,-0.054175,0.000358,-0.495903,-0.000294
1.855000,0.027903,-0.002857,1.022533,0.000431,-0.054147,0.000355,-0.495881,-0.000294
1.856000,0.028932,-0.004088,1.022474,0.000446,-0.054119,0.000351,-0.495858,-0.000293
1.857000,0.031084,-0.002705,1.022408,0.000430,-0.054087,0.000349,-0.495836,-0.000293
1.858000,0.030390,-0.002031,1.022359,0.000423,-0.054057,0.000347,-0.495813,-0.000292
1.859000,0.031059,-0.003169,1.022302,0.000437,-0.054026,0.000343,-0.495791,-0.000292
1.860000,0.031933,-0.000743,1.022244,0.000409,-0.053994,0.000343,-0.495769,-0.000291
1.861000,0.033147,-0.002660,1.022183,0.000431,-0.053961,0.000340,-0.495746,-0.000291
1.862000,0.034338,-0.001946,1.022122,0.000423,-0.053927,0.000338,-0.495724,-0.000291
1.863000,0.034040,-0.001230,1.022071,0.000415,-0.053893,0.000337,-0.495702,-0.000290
1.864000,0.034140,-0.001834,1.022017,0.000422,-0.053858,0.000335,-0.495680,-0.000290
1.865000,0.033893,-0.002532,1.021966,0.000431,-0.053824,0.000332,-0.495658,-0.000289
1.866000,0.034755,-0.001857,1.021908,0.000423,-0.053790,0.000331,-0.495636,-0.000289
1.867000,0.034993,-0.003622,1.021853,0.000444,-0.053755,0.000327,-0.495614,-0.000288
1.868000,0.035577,-0.003092,1.021797,0.000439,-0.053719,0.000324,-0.495592,-0.000288
1.869000,0.034330,-0.001783,1.021752,0.000424,-0.053685,0.000322,-0.495570,-0.000288
1.870000,0.036205,-0.002575,1.021687,0.000434,-0.053649,0.000319,-0.495549,-0.000287
1.871000,0.036822,-0.002191,1.021631,0.000430,-0.053612,0.000317,-0.495527,-0.000287
1.872000,0.036544,-0.002995,1.021580,0.000440,-0.053575,0.000314,-0.495505,-0.000286
1.873000,0.036511,-0.001114,1.021527,0.000418,-0.053539,0.000313,-0.495484,-0.000286
1.874000,0.037711,-0.001494,1.021467,0.000422,-0.053501,0.000312,-0.495462,-0.000285
1.875000,0.038052,-0.002937,1.021412,0.000439,-0.053463,0.000309,-0.495441,-0.000285
1.876000,0.039076,-0.002920,1.021353,0.000440,-0.053424,0.000306,-0.495419,-0.000284
1.877000,0.039982,-0.002203,1.021294,0.000432,-0.053384,0.000304,-0.495398,-0.000284
1.878000,0.037969,-0.001708,1.021254,0.000426,-0.053346,0.000302,-0.495377,-0.000284
1.879000,0.040571,-0.003303,1.021185,0.000445,-0.053305,0.000299,-0.495355,-0.000283
1.880000,0.040545,-0.002051,1.021133,0.000431,-0.053265,0.000297,-0.495334,-0.000283
1.881000,0.039547,-0.002061,1.021087,0.000432,-0.053225,0.000295,-0.495313,-0.000282
1.882000,0.039935,-0.003437,1.021032,0.000448,-0.053185,0.000291,-0.495292,-0.000282
1.883000,0.040012,-0.001990,1.020979,0.000432,-0.053145,0.000289,-0.495271,-0.000281
1.884000,0.039541,-0.002663,1.020930,0.000440,-0.053106,0.000286,-0.495250,-0.000281
1.885000,0.041708,-0.001291,1.020864,0.000424,-0.053064,0.000285,-0.495229,-0.000281
1.886000,0.040958,-0.002610,1.020816,0.000440,-0.053023,0.000283,-0.495208,-0.000280
1.887000,0.041631,-0.001950,1.020760,0.000433,-0.052982,0.000281,-0.495187,-0.000280
1.888000,0.042713,-0.003179,1.020701,0.000448,-0.052939,0.000277,-0.495167,-0.000279
1.889000,0.041981,-0.002499,1.020653,0.000440,-0.052897,0.000275,-0.495146,-0.000279
1.890000,0.042310,-0.001925,1.020599,0.000434,-0.052855,0.000273,-0.495125,-0.000278
1.891000,0.041293,-0.002266,1.020554,0.000438,-0.052813,0.000271,-0.495105,-0.000278
1.892000,0.041899,-0.002354,1.020498,0.000440,-0.052771,0.000268,-0.495084,-0.000278
1.893000,0.040574,-0.001728,1.020455,0.000433,-0.052731,0.000267,-0.495064,-0.000277
1.894000,0.041960,-0.002350,1.020395,0.000440,-0.052689,0.000264,-0.495043,-0.000277
1.895000,0.041264,-0.002330,1.020348,0.000440,-0.052648,0.000262,-0.495023,-0.000276
1.896000,0.042142,-0.002923,1.020291,0.000448,-0.052605,0.000259,-0.495002,-0.000276
1.897000,0.042340,-0.000934,1.020238,0.000425,-0.052563,0.000258,-0.494982,-0.000275
1.898000,0.041967,-0.001742,1.020189,0.000434,-0.052521,0.000256,-0.494962,-0.000275
1.899000,0.041724,-0.002697,1.020140,0.000446,-0.052479,0.000254,-0.494942,-0.000274
1.900000,0.044679,-0.002856,1.020070,0.000448,-0.052435,0.000251,-0.494922,-0.000274
1.901000,0.042308,-0.001618,1.020034,0.000434,-0.052392,0.000249,-0.494902,-0.000274
1.902000,0.043702,-0.001347,1.019974,0.000431,-0.052349,0.000248,-0.494881,-0.000273
1.903000,0.043804,-0.002099,1.019922,0.000440,-0.052305,0.000246,-0.494861,-0.000273
1.904000,0.041890,-0.002723,1.019884,0.000447,-0.052263,0.000243,-0.494842,-0.000272
1.905000,0.042236,-0.002081,1.019831,0.000440,-0.052221,0.000241,-0.494822,-0.000272
1.906000,0.042101,-0.002215,1.019781,0.000442,-0.052179,0.000239,-0.494802,-0.000271
1.907000,0.042827,-0.003177,1.019726,0.000454,-0.052136,0.000236,-0.494782,-0.000271
1.908000,0.042189,-0.002534,1.019680,0.000447,-0.052094,0.000233,-0.494762,-0.000270
1.909000,0.042956,-0.001291,1.019625,0.000433,-0.052051,0.000232,-0.494743,-0.000270
1.910000,0.041629,-0.001252,1.019584,0.000432,-0.052009,0.000230,-0.494723,-0.000270
1.911000,0.041736,-0.003091,1.019533,0.000454,-0.051967,0.000227,-0.494703,-0.000269
1.912000,0.041085,-0.000753,1.019488,0.000427,-0.051926,0.000227,-0.494684,-0.000269
1.913000,0.040976,-0.001792,1.019439,0.000439,-0.051885,0.000225,-0.494664,-0.000268
1.914000,0.042104,-0.001468,1.019382,0.000435,-0.051843,0.000223,-0.494645,-0.000268
1.915000,0.040452,-0.002579,1.019343,0.000449,-0.051803,0.000221,-0.494626,-0.000267
1.916000,0.043458,-0.001881,1.019275,0.000441,-0.051759,0.000219,-0.494606,-0.000267
1.917000,0.043383,-0.001847,1.019226,0.000440,-0.051716,0.000217,-0.494587,-0.000267
1.918000,0.042965,-0.003675,1.019179,0.000462,-0.051673,0.000213,-0.494568,-0.000266
1.919000,0.043734,-0.001918,1.019125,0.000442,-0.051629,0.000211,-0.494549,-0.000266
1.920000,0.044468,-0.002495,1.019071,0.000449,-0.051585,0.000209,-0.494529,-0.000265
1.921000,0.045178,-0.002252,1.019017,0.000447,-0.051539,0.000207,-0.494510,-0.000265
1.922000,0.043928,-0.001756,1.018976,0.000441,-0.051496,0.000205,-0.494491,-0.000264
1.923000,0.043830,-0.002440,1.018927,0.000450,-0.051452,0.000202,-0.494472,-0.000264
1.924000,0.044803,-0.002407,1.018872,0.000450,-0.051407,0.000200,-0.494453,-0.000263
1.925000,0.043775,-0.003700,1.018830,0.000466,-0.051363,0.000196,-0.494435,-0.000263
1.926000,0.043490,-0.000299,1.018783,0.000426,-0.051320,0.000196,-0.494416,-0.000262
1.927000,0.044945,-0.001724,1.018725,0.000442,-0.051275,0.000194,-0.494397,-0.000262
1.928000,0.044422,-0.002342,1.018680,0.000450,-0.051230,0.000192,-0.494378,-0.000262
1.929000,0.044653,-0.002927,1.018629,0.000457,-0.051186,0.000189,-0.494360,-0.000261
1.930000,0.044473,-0.001572,1.018582,0.000442,-0.051141,0.000188,-0.494341,-0.000261
1.931000,0.045248,-0.001100,1.018529,0.000436,-0.051096,0.000186,-0.494322,-0.000260
1.932000,0.044819,-0.000076,1.018483,0.000424,-0.051051,0.000186,-0.494304,-0.000260
1.933000,0.046669,-0.001628,1.018423,0.000442,-0.051004,0.000185,-0.494285,-0.000259
1.934000,0.046749,-0.002905,1.018374,0.000457,-0.050958,0.000182,-0.494267,-0.000259
1.935000,0.045708,-0.002246,1.018332,0.000450,-0.050912,0.000180,-0.494249,-0.000258
1.936000,0.045694,-0.002213,1.018284,0.000450,-0.050866,0.000177,-0.494230,-0.000258
1.937000,0.048044,-0.001579,1.018221,0.000443,-0.050818,0.000176,-0.494212,-0.000258
1.938000,0.047147,-0.002820,1.018178,0.000457,-0.050771,0.000173,-0.494194,-0.000257
1.939000,0.048934,-0.001468,1.018118,0.000442,-0.050722,0.000171,-0.494176,-0.000257
1.940000,0.049946,-0.001620,1.018064,0.000444,-0.050672,0.000170,-0.494157,-0.000256
1.941000,0.049272,-0.002593,1.018019,0.000455,-0.050623,0.000167,-0.494139,-0.000256
1.942000,0.050613,-0.000743,1.017962,0.000434,-0.050572,0.000167,-0.494121,-0.000255
1.943000,0.051482,-0.000110,1.017908,0.000426,-0.050521,0.000166,-0.494103,-0.000255
1.944000,0.049773,-0.002792,1.017870,0.000457,-0.050471,0.000164,-0.494085,-0.000254
1.945000,0.047874,-0.002129,1.017834,0.000450,-0.050423,0.000162,-0.494068,-0.000254
1.946000,0.049474,-0.002201,1.017777,0.000451,-0.050374,0.000159,-0.494050,-0.000254
1.947000,0.048675,-0.001381,1.017734,0.000442,-0.050325,0.000158,-0.494032,-0.000253
1.948000,0.050439,-0.001841,1.017675,0.000447,-0.050275,0.000156,-0.494014,-0.000253
1.949000,0.048909,-0.001984,1.017637,0.000449,-0.050226,0.000154,-0.493997,-0.000252
1.950000,0.049318,-0.002016,1.017587,0.000450,-0.050176,0.000152,-0.493979,-0.000252
1.951000,0.050456,-0.003332,1.017532,0.000466,-0.050126,0.000149,-0.493961,-0.000251
1.952000,0.051256,-0.002586,1.017479,0.000457,-0.050075,0.000146,-0.493944,-0.000251
1.953000,0.050320,-0.002547,1.017437,0.000457,-0.050024,0.000144,-0.493926,-0.000250
1.954000,0.049932,-0.001267,1.017392,0.000443,-0.049974,0.000142,-0.493909,-0.000250
1.955000,0.051239,-0.001276,1.017337,0.000443,-0.049923,0.000141,-0.493891,-0.000250
1.956000,0.051346,-0.002527,1.017289,0.000457,-0.049872,0.000139,-0.493874,-0.000249
1.957000,0.050722,-0.002487,1.017245,0.000457,-0.049821,0.000136,-0.493857,-0.000249
1.958000,0.050013,-0.002614,1.017203,0.000459,-0.049771,0.000133,-0.493840,-0.000248
1.959000,0.051549,-0.002863,1.017146,0.000463,-0.049720,0.000131,-0.493822,-0.000248
1.960000,0.052772,-0.001249,1.017091,0.000444,-0.049667,0.000129,-0.493805,-0.000247
1.961000,0.053565,-0.001120,1.017039,0.000442,-0.049613,0.000128,-0.493788,-0.000247
1.962000,0.053862,-0.001888,1.016989,0.000451,-0.049559,0.000126,-0.493771,-0.000246
1.963000,0.055137,-0.003434,1.016934,0.000470,-0.049504,0.000123,-0.493754,-0.000246
1.964000,0.054735,-0.002342,1.016889,0.000458,-0.049449,0.000121,-0.493737,-0.000245
1.965000,0.054174,-0.001788,1.016845,0.000452,-0.049395,0.000119,-0.493720,-0.000245
1.966000,0.054855,-0.003139,1.016794,0.000468,-0.049340,0.000116,-0.493703,-0.000245
1.967000,0.055732,-0.002407,1.016741,0.000460,-0.049285,0.000113,-0.493687,-0.000244
1.968000,0.055100,-0.001836,1.016698,0.000453,-0.049230,0.000111,-0.493670,-0.000244
1.969000,0.056739,-0.000868,1.016640,0.000442,-0.049173,0.000111,-0.493653,-0.000243
1.970000,0.056007,-0.001006,1.016598,0.000443,-0.049117,0.000110,-0.493637,-0.000243
1.971000,0.056219,-0.001063,1.016549,0.000444,-0.049061,0.000108,-0.493620,-0.000242
1.972000,0.056851,-0.002400,1.016498,0.000460,-0.049004,0.000106,-0.493603,-0.000242
1.973000,0.058742,-0.001755,1.016439,0.000452,-0.048945,0.000104,-0.493587,-0.000241
1.974000,0.058366,-0.003672,1.016394,0.000475,-0.048887,0.000101,-0.493570,-0.000241
1.975000,0.056397,-0.000978,1.016359,0.000444,-0.048830,0.000100,-0.493554,-0.000240
1.976000,0.060321,-0.000309,1.016288,0.000436,-0.048770,0.000099,-0.493538,-0.000240
1.977000,0.059341,-0.002354,1.016246,0.000460,-0.048711,0.000097,-0.493521,-0.000240
1.978000,0.061417,-0.002323,1.016186,0.000460,-0.048649,0.000095,-0.493505,-0.000239
1.979000,0.061337,-0.001676,1.016139,0.000452,-0.048588,0.000093,-0.493489,-0.000239
1.980000,0.062546,-0.002914,1.016084,0.000467,-0.048525,0.000090,-0.493473,-0.000238
1.981000,0.062803,-0.002249,1.016035,0.000460,-0.048463,0.000088,-0.493457,-0.000238
1.982000,0.063673,-0.001623,1.015982,0.000453,-0.048399,0.000086,-0.493441,-0.000237
1.983000,0.064370,-0.002227,1.015930,0.000460,-0.048334,0.000084,-0.493425,-0.000237
1.984000,0.065543,-0.001045,1.015875,0.000446,-0.048269,0.000083,-0.493409,-0.000236
1.985000,0.063717,-0.002034,1.015838,0.000458,-0.048205,0.000081,-0.493393,-0.000236
1.986000,0.063991,-0.002137,1.015789,0.000459,-0.048141,0.000079,-0.493377,-0.000235
1.987000,0.064674,-0.000833,1.015738,0.000444,-0.048077,0.000078,-0.493361,-0.000235
1.988000,0.065424,-0.000867,1.015686,0.000444,-0.048011,0.000077,-0.493346,-0.000235
1.989000,0.066313,-0.001594,1.015633,0.000452,-0.047945,0.000075,-0.493330,-0.000234
1.990000,0.064119,-0.000974,1.015599,0.000445,-0.047881,0.000074,-0.493314,-0.000234
1.991000,0.064705,-0.002055,1.015548,0.000458,-0.047816,0.000072,-0.493299,-0.000233
1.992000,0.064618,-0.002774,1.015502,0.000466,-0.047751,0.000070,-0.493283,-0.000233
1.993000,0.066836,-0.001529,1.015441,0.000452,-0.047685,0.000068,-0.493268,-0.000232
1.994000,0.063070,-0.002160,1.015418,0.000460,-0.047621,0.000066,-0.493252,-0.000232
1.995000,0.064195,-0.001517,1.015364,0.000452,-0.047557,0.000064,-0.493237,-0.000231
1.996000,0.065763,-0.000142,1.015308,0.000436,-0.047492,0.000064,-0.493221,-0.000231
1.997000,0.065895,-0.000984,1.015260,0.000445,-0.047426,0.000063,-0.493206,-0.000230
1.998000,0.065336,0.001031,1.015217,0.000421,-0.047360,0.000064,-0.493191,-0.000230
1.999000,0.066312,-0.000574,1.015165,0.000439,-0.047294,0.000064,-0.493176,-0.000230
2.000000,0.066715,0.000434,1.015116,0.000427,-0.047227,0.000064,-0.493161,-0.000229
2.001000,0.067068,-0.000342,1.015067,0.000435,-0.047160,0.000064,-0.493145,-0.000229
2.002000,0.068255,-0.001200,1.015013,0.000445,-0.047092,0.000063,-0.493130,-0.000228
2.003000,0.066305,-0.000950,1.014978,0.000442,-0.047026,0.000062,-0.493115,-0.000228
2.004000,0.068581,-0.001867,1.014918,0.000453,-0.046957,0.000060,-0.493100,-0.000227
2.005000,0.067402,-0.002954,1.014879,0.000466,-0.046890,0.000057,-0.493085,-0.000227
2.006000,0.067888,-0.002336,1.014829,0.000459,-0.046822,0.000055,-0.493071,-0.000226
2.007000,0.068674,-0.003653,1.014778,0.000475,-0.046753,0.000051,-0.493056,-0.000226
2.008000,0.067006,-0.001760,1.014742,0.000453,-0.046686,0.000049,-0.493041,-0.000226
2.009000,0.066798,-0.001482,1.014698,0.000450,-0.046619,0.000048,-0.493026,-0.000225
2.010000,0.068195,-0.001705,1.014643,0.000453,-0.046551,0.000046,-0.493011,-0.000225
2.011000,0.067597,-0.002089,1.014601,0.000458,-0.046483,0.000044,-0.492997,-0.000224
2.012000,0.068407,-0.002900,1.014550,0.000467,-0.046415,0.000041,-0.492982,-0.000224
2.013000,0.067389,-0.001044,1.014511,0.000446,-0.046348,0.000040,-0.492968,-0.000223
2.014000,0.067538,-0.002043,1.014465,0.000458,-0.046280,0.000038,-0.492953,-0.000223
2.015000,0.067692,-0.002154,1.014418,0.000459,-0.046212,0.000036,-0.492939,-0.000222
2.016000,0.068300,-0.002166,1.014369,0.000460,-0.046144,0.000034,-0.492924,-0.000222
2.017000,0.068555,-0.002165,1.014322,0.000460,-0.046076,0.000031,-0.492910,-0.000221
2.018000,0.067636,-0.002763,1.014283,0.000467,-0.046008,0.000029,-0.492896,-0.000221
2.019000,0.066027,-0.000778,1.014248,0.000444,-0.045942,0.000028,-0.492881,-0.000221
2.020000,0.066512,-0.002126,1.014200,0.000460,-0.045875,0.000026,-0.492867,-0.000220
2.021000,0.066529,-0.002786,1.014155,0.000468,-0.045809,0.000023,-0.492853,-0.000220
2.022000,0.066415,-0.001531,1.014112,0.000454,-0.045742,0.000021,-0.492839,-0.000219
2.023000,0.067217,-0.002504,1.014062,0.000465,-0.045675,0.000019,-0.492825,-0.000219
2.024000,0.068049,-0.001969,1.014012,0.000459,-0.045607,0.000017,-0.492811,-0.000218
2.025000,0.067894,-0.001994,1.013969,0.000460,-0.045539,0.000015,-0.492797,-0.000218
2.026000,0.067654,-0.002609,1.013926,0.000467,-0.045472,0.000012,-0.492783,-0.000217
2.027000,0.066926,-0.001958,1.013886,0.000460,-0.045405,0.000010,-0.492769,-0.000217
2.028000,0.066927,-0.002562,1.013842,0.000467,-0.045338,0.000008,-0.492755,-0.000216
2.029000,0.067674,-0.001289,1.013793,0.000453,-0.045270,0.000007,-0.492741,-0.000216
2.030000,0.067082,-0.000597,1.013753,0.000444,-0.045203,0.000006,-0.492727,-0.000215
2.031000,0.065908,-0.001259,1.013717,0.000452,-0.045137,0.000005,-0.492713,-0.000215
2.032000,0.065635,-0.001324,1.013675,0.000452,-0.045072,0.000003,-0.492700,-0.000215
2.033000,0.065771,-0.002653,1.013631,0.000468,-0.045006,0.000001,-0.492686,-0.000214
2.034000,0.065762,-0.002597,1.013587,0.000468,-0.044940,-0.000002,-0.492672,-0.000214
2.035000,0.066116,-0.001201,1.013542,0.000452,-0.044874,-0.000003,-0.492659,-0.000213
2.036000,0.065490,-0.001896,1.013503,0.000460,-0.044808,-0.000005,-0.492645,-0.000213
2.037000,0.065222,-0.001882,1.013462,0.000460,-0.044743,-0.000007,-0.492632,-0.000212
2.038000,0.066511,-0.000547,1.013410,0.000444,-0.044677,-0.000007,-0.492618,-0.000212
2.039000,0.064935,-0.001897,1.013378,0.000460,-0.044612,-0.000009,-0.492605,-0.000211
2.040000,0.065081,-0.000049,1.013334,0.000438,-0.044547,-0.000009,-0.492591,-0.000211
2.041000,0.064183,-0.001231,1.013297,0.000452,-0.044482,-0.000011,-0.492578,-0.000210
2.042000,0.063272,0.000128,1.013261,0.000435,-0.044419,-0.000010,-0.492565,-0.000210
2.043000,0.064713,-0.001735,1.013210,0.000457,-0.044354,-0.000012,-0.492552,-0.000210
2.044000,0.064546,-0.001221,1.013169,0.000451,-0.044290,-0.000013,-0.492538,-0.000209
2.045000,0.063678,-0.001339,1.013132,0.000452,-0.044226,-0.000015,-0.492525,-0.000209
2.046000,0.065741,-0.001472,1.013077,0.000454,-0.044160,-0.000016,-0.492512,-0.000208
2.047000,0.066128,-0.001146,1.013033,0.000450,-0.044094,-0.000017,-0.492499,-0.000208
2.048000,0.065725,-0.002111,1.012993,0.000461,-0.044029,-0.000020,-0.492486,-0.000207
2.049000,0.067914,-0.000497,1.012937,0.000442,-0.043961,-0.000020,-0.492473,-0.000207
2.050000,0.069192,-0.001347,1.012886,0.000452,-0.043892,-0.000021,-0.492460,-0.000206
2.051000,0.069126,-0.000176,1.012844,0.000438,-0.043822,-0.000022,-0.492447,-0.000206
2.052000,0.070391,-0.001910,1.012794,0.000458,-0.043752,-0.000023,-0.492434,-0.000206
2.053000,0.070534,-0.001337,1.012750,0.000451,-0.043681,-0.000025,-0.492421,-0.000205
2.054000,0.070754,-0.002056,1.012706,0.000460,-0.043611,-0.000027,-0.492409,-0.000205
2.055000,0.069709,0.000393,1.012670,0.000431,-0.043541,-0.000026,-0.492396,-0.000204
2.056000,0.069722,-0.002123,1.012628,0.000460,-0.043471,-0.000029,-0.492383,-0.000204
2.057000,0.070945,-0.001874,1.012578,0.000457,-0.043400,-0.000030,-0.492371,-0.000203
2.058000,0.071679,-0.002117,1.012531,0.000460,-0.043329,-0.000033,-0.492358,-0.000203
2.059000,0.071456,-0.000730,1.012490,0.000444,-0.043257,-0.000033,-0.492346,-0.000202
2.060000,0.072510,-0.001240,1.012441,0.000450,-0.043185,-0.000035,-0.492333,-0.000202
2.061000,0.072697,-0.002653,1.012397,0.000467,-0.043112,-0.000037,-0.492321,-0.000201
2.062000,0.072831,-0.001518,1.012354,0.000453,-0.043039,-0.000039,-0.492308,-0.000201
2.063000,0.072467,-0.000748,1.012314,0.000444,-0.042967,-0.000039,-0.492296,-0.000201
2.064000,0.073456,0.000138,1.012265,0.000433,-0.042893,-0.000039,-0.492284,-0.000200
2.065000,0.074138,-0.002181,1.012219,0.000460,-0.042819,-0.000041,-0.492271,-0.000200
2.066000,0.073986,-0.001937,1.012177,0.000458,-0.042745,-0.000043,-0.492259,-0.000199
2.067000,0.073744,-0.000831,1.012137,0.000445,-0.042671,-0.000044,-0.492247,-0.000199
2.068000,0.074999,-0.001269,1.012087,0.000450,-0.042596,-0.000046,-0.492235,-0.000198
2.069000,0.076478,-0.004188,1.012035,0.000484,-0.042520,-0.000050,-0.492223,-0.000198
2.070000,0.075032,-0.000725,1.012002,0.000444,-0.042445,-0.000050,-0.492211,-0.000197
2.071000,0.075553,-0.001333,1.011956,0.000451,-0.042369,-0.000052,-0.492199,-0.000197
2.072000,0.075850,-0.001323,1.011912,0.000451,-0.042293,-0.000053,-0.492187,-0.000196
2.073000,0.077713,0.000676,1.011858,0.000427,-0.042216,-0.000052,-0.492175,-0.000196
2.074000,0.077347,-0.001220,1.011818,0.000449,-0.042138,-0.000054,-0.492163,-0.000196
2.075000,0.077369,-0.003436,1.011775,0.000475,-0.042061,-0.000057,-0.492151,-0.000195
2.076000,0.078239,-0.002727,1.011728,0.000467,-0.041983,-0.000060,-0.492139,-0.000195
2.077000,0.077585,-0.000937,1.011689,0.000446,-0.041905,-0.000061,-0.492128,-0.000194
2.078000,0.077139,-0.002034,1.011650,0.000459,-0.041828,-0.000063,-0.492116,-0.000194
2.079000,0.075755,-0.001861,1.011617,0.000457,-0.041752,-0.000065,-0.492104,-0.000193
2.080000,0.077102,-0.002540,1.011567,0.000466,-0.041675,-0.000067,-0.492093,-0.000193
2.081000,0.077176,-0.001500,1.011525,0.000454,-0.041598,-0.000069,-0.492081,-0.000192
2.082000,0.075939,-0.001414,1.011491,0.000453,-0.041522,-0.000070,-0.492070,-0.000192
2.083000,0.077113,-0.003382,1.011442,0.000476,-0.041445,-0.000073,-0.492058,-0.000191
2.084000,0.077764,-0.001475,1.011397,0.000454,-0.041367,-0.000075,-0.492047,-0.000191
2.085000,0.077405,-0.000515,1.011357,0.000443,-0.041290,-0.000075,-0.492035,-0.000191
2.086000,0.077683,-0.002587,1.011314,0.000467,-0.041212,-0.000078,-0.492024,-0.000190
2.087000,0.077128,-0.001965,1.011276,0.000460,-0.041135,-0.000080,-0.492013,-0.000190
2.088000,0.077714,-0.001964,1.011231,0.000460,-0.041057,-0.000082,-0.492001,-0.000189
2.089000,0.077468,-0.002053,1.011192,0.000461,-0.040980,-0.000084,-0.491990,-0.000189
2.090000,0.077611,-0.002388,1.011150,0.000466,-0.040902,-0.000086,-0.491979,-0.000188
2.091000,0.077895,-0.001858,1.011107,0.000460,-0.040824,-0.000088,-0.491968,-0.000188
2.092000,0.079308,-0.001894,1.011057,0.000460,-0.040745,-0.000090,-0.491957,-0.000187
2.093000,0.077654,-0.001204,1.011026,0.000452,-0.040667,-0.000091,-0.491946,-0.000187
2.094000,0.079005,-0.001286,1.010977,0.000453,-0.040588,-0.000093,-0.491935,-0.000186
2.095000,0.079544,-0.000082,1.010933,0.000438,-0.040509,-0.000093,-0.491924,-0.000186
2.096000,0.080314,-0.002409,1.010887,0.000466,-0.040429,-0.000095,-0.491913,-0.000186
2.097000,0.080407,-0.000034,1.010845,0.000438,-0.040348,-0.000095,-0.491902,-0.000185
2.098000,0.081299,-0.001265,1.010798,0.000452,-0.040267,-0.000096,-0.491891,-0.000185
2.099000,0.081748,-0.003063,1.010754,0.000473,-0.040185,-0.000100,-0.491880,-0.000184
2.100000,0.082381,-0.002774,1.010709,0.000468,-0.040103,-0.000102,-0.491869,-0.000184
2.101000,0.083200,-0.001470,1.010663,0.000453,-0.040019,-0.000104,-0.491859,-0.000183
2.102000,0.082944,-0.002104,1.010623,0.000460,-0.039937,-0.000106,-0.491848,-0.000183
2.103000,0.082761,-0.002191,1.010583,0.000461,-0.039854,-0.000108,-0.491837,-0.000182
2.104000,0.082760,-0.001921,1.010542,0.000458,-0.039771,-0.000110,-0.491827,-0.000182
2.105000,0.083758,-0.002008,1.010494,0.000460,-0.039687,-0.000112,-0.491816,-0.000181
2.106000,0.083903,-0.002727,1.010452,0.000468,-0.039603,-0.000115,-0.491806,-0.000181
2.107000,0.085431,-0.002103,1.010402,0.000461,-0.039518,-0.000117,-0.491795,-0.000180
2.108000,0.084032,0.000105,1.010369,0.000435,-0.039434,-0.000117,-0.491785,-0.000180
2.109000,0.084627,-0.000147,1.010325,0.000438,-0.039349,-0.000117,-0.491775,-0.000180
2.110000,0.085735,-0.000758,1.010277,0.000444,-0.039264,-0.000118,-0.491764,-0.000179
2.111000,0.085693,-0.000580,1.010236,0.000442,-0.039178,-0.000118,-0.491754,-0.000179
2.112000,0.085744,-0.002083,1.010194,0.000459,-0.039092,-0.000120,-0.491744,-0.000178
2.113000,0.086676,-0.000908,1.010147,0.000446,-0.039005,-0.000121,-0.491734,-0.000178
2.114000,0.086237,-0.000670,1.010109,0.000443,-0.038919,-0.000122,-0.491723,-0.000177
2.115000,0.085695,-0.000983,1.010072,0.000446,-0.038833,-0.000123,-0.491713,-0.000177
2.116000,0.085349,-0.001490,1.010033,0.000452,-0.038748,-0.000124,-0.491703,-0.000176
2.117000,0.087315,-0.000821,1.009980,0.000444,-0.038661,-0.000125,-0.491693,-0.000176
2.118000,0.086541,-0.001988,1.009944,0.000457,-0.038574,-0.000127,-0.491683,-0.000176
2.119000,0.088558,-0.000836,1.009891,0.000444,-0.038486,-0.000128,-0.491673,-0.000175
2.120000,0.087739,-0.001597,1.009855,0.000453,-0.038398,-0.000130,-0.491663,-0.000175
2.121000,0.085894,-0.001700,1.009826,0.000454,-0.038312,-0.000131,-0.491654,-0.000174
2.122000,0.088250,-0.002062,1.009771,0.000458,-0.038224,-0.000133,-0.491644,-0.000174
2.123000,0.089252,-0.001643,1.009723,0.000453,-0.038135,-0.000135,-0.491634,-0.000173
2.124000,0.089127,-0.000703,1.009683,0.000442,-0.038045,-0.000136,-0.491624,-0.000173
2.125000,0.087206,-0.002180,1.009655,0.000460,-0.037958,-0.000138,-0.491615,-0.000172
2.126000,0.086650,-0.002193,1.009618,0.000460,-0.037872,-0.000140,-0.491605,-0.000172
2.127000,0.086905,-0.000350,1.009577,0.000438,-0.037785,-0.000140,-0.491595,-0.000171
2.128000,0.087626,-0.000919,1.009532,0.000445,-0.037697,-0.000141,-0.491586,-0.000171
2.129000,0.088693,-0.002185,1.009485,0.000459,-0.037608,-0.000143,-0.491576,-0.000171
2.130000,0.087084,-0.002663,1.009455,0.000465,-0.037521,-0.000146,-0.491567,-0.000170
2.131000,0.084816,-0.000802,1.009430,0.000444,-0.037436,-0.000147,-0.491557,-0.000170
2.132000,0.084415,-0.002192,1.009394,0.000460,-0.037352,-0.000149,-0.491548,-0.000169
2.133000,0.085871,-0.002982,1.009345,0.000470,-0.037266,-0.000152,-0.491538,-0.000169
2.134000,0.084706,-0.000654,1.009313,0.000443,-0.037181,-0.000153,-0.491529,-0.000168
2.135000,0.084525,-0.002115,1.009276,0.000460,-0.037097,-0.000155,-0.491520,-0.000168
2.136000,0.085392,-0.001630,1.009231,0.000454,-0.037012,-0.000157,-0.491511,-0.000167
2.137000,0.084294,-0.002069,1.009199,0.000459,-0.036927,-0.000159,-0.491501,-0.000167
2.138000,0.084075,-0.003211,1.009162,0.000473,-0.036843,-0.000162,-0.491492,-0.000166
2.139000,0.084124,-0.001320,1.009123,0.000451,-0.036759,-0.000163,-0.491483,-0.000166
2.140000,0.084227,-0.002156,1.009084,0.000461,-0.036675,-0.000165,-0.491474,-0.000166
2.141000,0.081745,-0.001978,1.009062,0.000459,-0.036593,-0.000167,-0.491465,-0.000165
2.142000,0.083214,-0.001806,1.009015,0.000457,-0.036510,-0.000169,-0.491456,-0.000165
2.143000,0.082278,-0.003275,1.008983,0.000475,-0.036428,-0.000172,-0.491447,-0.000164
2.144000,0.082220,-0.002758,1.008946,0.000470,-0.036345,-0.000175,-0.491438,-0.000164
2.145000,0.083208,-0.002375,1.008902,0.000466,-0.036262,-0.000177,-0.491429,-0.000163
2.146000,0.083997,-0.001232,1.008859,0.000452,-0.036178,-0.000179,-0.491420,-0.000163
2.147000,0.083186,-0.001812,1.008826,0.000459,-0.036095,-0.000181,-0.491411,-0.000162
2.148000,0.082495,-0.004087,1.008793,0.000486,-0.036013,-0.000185,-0.491402,-0.000162
2.149000,0.084520,-0.002588,1.008743,0.000469,-0.035928,-0.000187,-0.491393,-0.000161
2.150000,0.082603,-0.001290,1.008717,0.000454,-0.035845,-0.000188,-0.491385,-0.000161
2.151000,0.084475,-0.002254,1.008668,0.000466,-0.035761,-0.000191,-0.491376,-0.000160
2.152000,0.085028,-0.001027,1.008627,0.000451,-0.035676,-0.000192,-0.491367,-0.000160
2.153000,0.084282,-0.001260,1.008594,0.000454,-0.035592,-0.000193,-0.491359,-0.000160
2.154000,0.083046,-0.001483,1.008565,0.000457,-0.035509,-0.000195,-0.491350,-0.000159
2.155000,0.084739,-0.001316,1.008517,0.000455,-0.035424,-0.000196,-0.491341,-0.000159
2.156000,0.082707,-0.001856,1.008493,0.000461,-0.035341,-0.000198,-0.491333,-0.000158
2.157000,0.082581,-0.001113,1.008457,0.000452,-0.035259,-0.000199,-0.491324,-0.000158
2.158000,0.082118,-0.001206,1.008423,0.000453,-0.035176,-0.000200,-0.491316,-0.000157
2.159000,0.082259,-0.002451,1.008386,0.000468,-0.035094,-0.000202,-0.491308,-0.000157
2.160000,0.081386,-0.002591,1.008355,0.000470,-0.035013,-0.000205,-0.491299,-0.000156
2.161000,0.081803,-0.000902,1.008316,0.000450,-0.034931,-0.000206,-0.491291,-0.000156
2.162000,0.082691,-0.001726,1.008274,0.000460,-0.034848,-0.000208,-0.491282,-0.000155
2.163000,0.083200,-0.001760,1.008235,0.000460,-0.034765,-0.000209,-0.491274,-0.000155
2.164000,0.084005,-0.001772,1.008193,0.000460,-0.034681,-0.000211,-0.491266,-0.000154
2.165000,0.082117,-0.000452,1.008169,0.000445,-0.034599,-0.000212,-0.491258,-0.000154
2.166000,0.082190,-0.001175,1.008132,0.000453,-0.034517,-0.000213,-0.491250,-0.000154
2.167000,0.082639,-0.000489,1.008093,0.000445,-0.034434,-0.000213,-0.491241,-0.000153
2.168000,0.081577,-0.003841,1.008064,0.000484,-0.034353,-0.000217,-0.491233,-0.000153
2.169000,0.082776,-0.001772,1.008021,0.000461,-0.034270,-0.000219,-0.491225,-0.000152
2.170000,0.082238,-0.001752,1.007989,0.000460,-0.034188,-0.000221,-0.491217,-0.000152
2.171000,0.082639,-0.000449,1.007950,0.000445,-0.034105,-0.000221,-0.491209,-0.000151
2.172000,0.082375,-0.001168,1.007916,0.000453,-0.034023,-0.000222,-0.491201,-0.000151
2.173000,0.081892,-0.001805,1.007884,0.000461,-0.033941,-0.000224,-0.491193,-0.000150
2.174000,0.082601,-0.001797,1.007844,0.000461,-0.033858,-0.000226,-0.491186,-0.000150
2.175000,0.084717,-0.002407,1.007795,0.000468,-0.033773,-0.000228,-0.491178,-0.000149
2.176000,0.084923,-0.002991,1.007758,0.000475,-0.033688,-0.000231,-0.491170,-0.000149
2.177000,0.083551,-0.001978,1.007731,0.000464,-0.033605,-0.000233,-0.491162,-0.000148
2.178000,0.084050,-0.000957,1.007692,0.000452,-0.033521,-0.000234,-0.491154,-0.000148
2.179000,0.084826,-0.001159,1.007652,0.000454,-0.033436,-0.000235,-0.491147,-0.000148
2.180000,0.083244,-0.002854,1.007627,0.000474,-0.033353,-0.000238,-0.491139,-0.000147
2.181000,0.085197,-0.001633,1.007579,0.000460,-0.033268,-0.000240,-0.491132,-0.000147
2.182000,0.083149,-0.001755,1.007557,0.000461,-0.033184,-0.000242,-0.491124,-0.000146
2.183000,0.082863,-0.002191,1.007523,0.000467,-0.033101,-0.000244,-0.491116,-0.000146
2.184000,0.084333,-0.001597,1.007479,0.000460,-0.033017,-0.000245,-0.491109,-0.000145
2.185000,0.083584,-0.002416,1.007449,0.000470,-0.032934,-0.000248,-0.491101,-0.000145
2.186000,0.084367,-0.000922,1.007409,0.000452,-0.032849,-0.000249,-0.491094,-0.000144
2.187000,0.083526,-0.002027,1.007379,0.000465,-0.032766,-0.000251,-0.491087,-0.000144
2.188000,0.083463,-0.000926,1.007345,0.000452,-0.032682,-0.000252,-0.491079,-0.000143
2.189000,0.083499,-0.001625,1.007310,0.000460,-0.032599,-0.000253,-0.491072,-0.000143
2.190000,0.082793,-0.000330,1.007280,0.000445,-0.032516,-0.000254,-0.491064,-0.000143
2.191000,0.083779,-0.001164,1.007240,0.000454,-0.032432,-0.000255,-0.491057,-0.000142
2.192000,0.083598,-0.002314,1.007206,0.000468,-0.032349,-0.000257,-0.491050,-0.000142
2.193000,0.082905,-0.001444,1.007176,0.000458,-0.032266,-0.000259,-0.491043,-0.000141
2.194000,0.083065,-0.002298,1.007141,0.000468,-0.032183,-0.000261,-0.491036,-0.000141
2.195000,0.081783,0.000378,1.007115,0.000436,-0.032101,-0.000261,-0.491028,-0.000140
2.196000,0.083393,0.000300,1.007071,0.000437,-0.032017,-0.000260,-0.491021,-0.000140
2.197000,0.082493,-0.001148,1.007043,0.000453,-0.031935,-0.000261,-0.491014,-0.000139
2.198000,0.080898,-0.000637,1.007020,0.000447,-0.031854,-0.000262,-0.491007,-0.000139
2.199000,0.081572,-0.000957,1.006982,0.000450,-0.031772,-0.000263,-0.491000,-0.000138
2.200000,0.081909,-0.001158,1.006946,0.000452,-0.031691,-0.000264,-0.490993,-0.000138
2.201000,0.082492,-0.001310,1.006909,0.000454,-0.031608,-0.000265,-0.490986,-0.000138
2.202000,0.081521,-0.000524,1.006882,0.000445,-0.031527,-0.000266,-0.490979,-0.000137
2.203000,0.081484,-0.002273,1.006849,0.000465,-0.031445,-0.000268,-0.490972,-0.000137
2.204000,0.081957,-0.002480,1.006813,0.000468,-0.031363,-0.000271,-0.490966,-0.000136
2.205000,0.080177,-0.001184,1.006791,0.000453,-0.031283,-0.000272,-0.490959,-0.000136
2.206000,0.080733,-0.001306,1.006755,0.000454,-0.031202,-0.000273,-0.490952,-0.000135
2.207000,0.080226,-0.001670,1.006725,0.000458,-0.031122,-0.000275,-0.490945,-0.000135
2.208000,0.081582,-0.002471,1.006684,0.000468,-0.031040,-0.000277,-0.490939,-0.000134
2.209000,0.082344,-0.001171,1.006646,0.000453,-0.030958,-0.000278,-0.490932,-0.000134
2.210000,0.082647,-0.001919,1.006611,0.000462,-0.030875,-0.000280,-0.490925,-0.000133
2.211000,0.083362,-0.001625,1.006574,0.000458,-0.030792,-0.000282,-0.490919,-0.000133
2.212000,0.082005,-0.000450,1.006550,0.000444,-0.030710,-0.000282,-0.490912,-0.000132
2.213000,0.081294,-0.002450,1.006521,0.000468,-0.030629,-0.000285,-0.490906,-0.000132
2.214000,0.081475,-0.001806,1.006488,0.000460,-0.030547,-0.000287,-0.490899,-0.000132
2.215000,0.080847,-0.001186,1.006460,0.000453,-0.030466,-0.000288,-0.490892,-0.000131
2.216000,0.082754,-0.002520,1.006415,0.000469,-0.030384,-0.000290,-0.490886,-0.000131
2.217000,0.079594,-0.000465,1.006403,0.000445,-0.030304,-0.000291,-0.490880,-0.000130
2.218000,0.081870,-0.001301,1.006356,0.000454,-0.030222,-0.000292,-0.490873,-0.000130
2.219000,0.078480,-0.002949,1.006346,0.000474,-0.030144,-0.000295,-0.490867,-0.000129
2.220000,0.080314,-0.000419,1.006303,0.000444,-0.030063,-0.000296,-0.490861,-0.000129
2.221000,0.080703,-0.000580,1.006269,0.000446,-0.029983,-0.000296,-0.490854,-0.000128
2.222000,0.080534,-0.000526,1.006238,0.000445,-0.029902,-0.000297,-0.490848,-0.000128
2.223000,0.081056,-0.001128,1.006203,0.000452,-0.029821,-0.000298,-0.490842,-0.000127
2.224000,0.081900,-0.000507,1.006166,0.000444,-0.029739,-0.000298,-0.490836,-0.000127
2.225000,0.080512,-0.000526,1.006143,0.000444,-0.029659,-0.000299,-0.490829,-0.000127
2.226000,0.078974,-0.001873,1.006121,0.000460,-0.029580,-0.000301,-0.490823,-0.000126
2.227000,0.078937,-0.003001,1.006090,0.000473,-0.029501,-0.000304,-0.490817,-0.000126
2.228000,0.079836,-0.001192,1.006054,0.000452,-0.029421,-0.000305,-0.490811,-0.000125
2.229000,0.077645,-0.002500,1.006037,0.000468,-0.029343,-0.000307,-0.490805,-0.000125
2.230000,0.078193,-0.002571,1.006003,0.000469,-0.029265,-0.000310,-0.490799,-0.000124
2.231000,0.079221,-0.001839,1.005965,0.000461,-0.029186,-0.000312,-0.490793,-0.000124
2.232000,0.076982,-0.001831,1.005949,0.000461,-0.029109,-0.000314,-0.490787,-0.000123
2.233000,0.077172,-0.001295,1.005917,0.000454,-0.029032,-0.000315,-0.490781,-0.000123
2.234000,0.077524,-0.002349,1.005885,0.000467,-0.028954,-0.000317,-0.490775,-0.000122
2.235000,0.076692,-0.001739,1.005860,0.000460,-0.028877,-0.000319,-0.490769,-0.000122
2.236000,0.076613,-0.002394,1.005831,0.000468,-0.028801,-0.000321,-0.490763,-0.000122
2.237000,0.075755,-0.001757,1.005806,0.000461,-0.028725,-0.000323,-0.490757,-0.000121
2.238000,0.076378,-0.001224,1.005772,0.000454,-0.028649,-0.000324,-0.490752,-0.000121
2.239000,0.076676,-0.001590,1.005741,0.000459,-0.028572,-0.000326,-0.490746,-0.000120
2.240000,0.075690,-0.002399,1.005717,0.000468,-0.028496,-0.000328,-0.490740,-0.000120
2.241000,0.077012,-0.001093,1.005680,0.000453,-0.028419,-0.000330,-0.490734,-0.000119
2.242000,0.075409,-0.002526,1.005660,0.000470,-0.028344,-0.000332,-0.490729,-0.000119
2.243000,0.076117,-0.000917,1.005626,0.000451,-0.028268,-0.000333,-0.490723,-0.000118
2.244000,0.076877,-0.002373,1.005592,0.000468,-0.028191,-0.000335,-0.490717,-0.000118
2.245000,0.075697,-0.002303,1.005570,0.000468,-0.028115,-0.000338,-0.490712,-0.000117
2.246000,0.074435,-0.001674,1.005549,0.000461,-0.028041,-0.000339,-0.490706,-0.000117
2.247000,0.076321,-0.000526,1.005508,0.000447,-0.027965,-0.000340,-0.490701,-0.000116
2.248000,0.074746,-0.000321,1.005489,0.000444,-0.027890,-0.000340,-0.490695,-0.000116
2.249000,0.074800,-0.002133,1.005460,0.000465,-0.027815,-0.000342,-0.490690,-0.000116
2.250000,0.073806,-0.001822,1.005438,0.000462,-0.027741,-0.000344,-0.490684,-0.000115
2.251000,0.073444,-0.001516,1.005411,0.000458,-0.027668,-0.000346,-0.490679,-0.000115
2.252000,0.074668,-0.001023,1.005375,0.000452,-0.027593,-0.000347,-0.490673,-0.000114
2.253000,0.073328,-0.000401,1.005355,0.000445,-0.027520,-0.000347,-0.490668,-0.000114
2.254000,0.073064,-0.003061,1.005329,0.000476,-0.027447,-0.000350,-0.490663,-0.000113
2.255000,0.075265,-0.001718,1.005287,0.000461,-0.027371,-0.000352,-0.490657,-0.000113
2.256000,0.072089,-0.002322,1.005279,0.000468,-0.027299,-0.000354,-0.490652,-0.000112
2.257000,0.072382,-0.001772,1.005249,0.000462,-0.027227,-0.000356,-0.490647,-0.000112
2.258000,0.072897,-0.001498,1.005218,0.000459,-0.027154,-0.000357,-0.490642,-0.000111
2.259000,0.071187,-0.000925,1.005201,0.000452,-0.027083,-0.000358,-0.490636,-0.000111
2.260000,0.072685,-0.002464,1.005164,0.000470,-0.027010,-0.000361,-0.490631,-0.000110
2.261000,0.073394,0.000460,1.005132,0.000435,-0.026937,-0.000360,-0.490626,-0.000110
2.262000,0.070873,-0.002973,1.005120,0.000476,-0.026866,-0.000363,-0.490621,-0.000110
2.263000,0.070699,-0.001657,1.005094,0.000461,-0.026795,-0.000365,-0.490616,-0.000109
2.264000,0.068891,-0.001754,1.005079,0.000462,-0.026726,-0.000367,-0.490611,-0.000109
2.265000,0.070142,-0.000335,1.005044,0.000445,-0.026656,-0.000367,-0.490606,-0.000108
2.266000,0.072034,-0.002086,1.005006,0.000465,-0.026584,-0.000369,-0.490601,-0.000108
2.267000,0.069047,-0.002216,1.004997,0.000467,-0.026515,-0.000371,-0.490596,-0.000107
2.268000,0.067511,-0.001713,1.004981,0.000462,-0.026448,-0.000373,-0.490591,-0.000107
2.269000,0.067851,-0.001460,1.004953,0.000459,-0.026380,-0.000375,-0.490586,-0.000106
2.270000,0.066780,-0.000961,1.004933,0.000453,-0.026313,-0.000375,-0.490581,-0.000106
2.271000,0.068810,-0.001020,1.004895,0.000453,-0.026244,-0.000377,-0.490576,-0.000105
2.272000,0.066337,-0.001674,1.004884,0.000461,-0.026178,-0.000378,-0.490571,-0.000105
2.273000,0.065859,-0.001761,1.004862,0.000462,-0.026112,-0.000380,-0.490566,-0.000104
2.274000,0.065971,-0.000336,1.004836,0.000445,-0.026046,-0.000380,-0.490561,-0.000104
2.275000,0.064160,-0.000760,1.004822,0.000450,-0.025982,-0.000381,-0.490556,-0.000104
2.276000,0.065816,-0.000350,1.004786,0.000444,-0.025916,-0.000381,-0.490551,-0.000103
2.277000,0.065823,-0.001112,1.004761,0.000453,-0.025850,-0.000383,-0.490547,-0.000103
2.278000,0.067299,-0.002388,1.004727,0.000468,-0.025783,-0.000385,-0.490542,-0.000102
2.279000,0.064868,-0.001042,1.004717,0.000452,-0.025718,-0.000386,-0.490537,-0.000102
2.280000,0.066093,-0.000557,1.004684,0.000446,-0.025652,-0.000386,-0.490532,-0.000101
2.281000,0.064205,-0.001593,1.004671,0.000458,-0.025588,-0.000388,-0.490528,-0.000101
2.282000,0.065875,-0.002349,1.004636,0.000467,-0.025522,-0.000390,-0.490523,-0.000100
2.283000,0.065380,-0.001745,1.004614,0.000461,-0.025456,-0.000392,-0.490518,-0.000100
2.284000,0.064900,-0.002440,1.004592,0.000469,-0.025392,-0.000395,-0.490514,-0.000099
2.285000,0.066324,-0.001814,1.004558,0.000462,-0.025325,-0.000396,-0.490509,-0.000099
2.286000,0.065740,-0.004158,1.004537,0.000490,-0.025259,-0.000401,-0.490505,-0.000099
2.287000,0.066274,-0.001042,1.004509,0.000454,-0.025193,-0.000402,-0.490500,-0.000098
2.288000,0.065042,-0.002750,1.004492,0.000474,-0.025128,-0.000404,-0.490496,-0.000098
2.289000,0.064929,-0.000910,1.004468,0.000453,-0.025063,-0.000405,-0.490491,-0.000097
2.290000,0.065787,-0.002907,1.004439,0.000476,-0.024997,-0.000408,-0.490487,-0.000097
2.291000,0.064978,-0.001555,1.004419,0.000461,-0.024932,-0.000410,-0.490482,-0.000096
2.292000,0.064242,-0.002181,1.004400,0.000468,-0.024868,-0.000412,-0.490478,-0.000096
2.293000,0.063327,-0.000228,1.004381,0.000445,-0.024805,-0.000412,-0.490473,-0.000095
2.294000,0.063055,-0.002195,1.004359,0.000468,-0.024742,-0.000414,-0.490469,-0.000095
2.295000,0.062286,-0.002862,1.004340,0.000476,-0.024680,-0.000417,-0.490465,-0.000094
2.296000,0.064118,-0.002822,1.004305,0.000476,-0.024615,-0.000420,-0.490460,-0.000094
2.297000,0.061443,-0.000760,1.004299,0.000452,-0.024554,-0.000421,-0.490456,-0.000093
2.298000,0.062383,-0.000865,1.004269,0.000453,-0.024492,-0.000422,-0.490452,-0.000093
2.299000,0.060851,-0.001512,1.004256,0.000461,-0.024431,-0.000423,-0.490447,-0.000092
2.300000,0.061201,-0.002128,1.004230,0.000468,-0.024370,-0.000425,-0.490443,-0.000092
2.301000,0.061928,-0.002104,1.004203,0.000468,-0.024308,-0.000427,-0.490439,-0.000092
2.302000,0.060975,-0.001466,1.004186,0.000461,-0.024247,-0.000429,-0.490435,-0.000091
2.303000,0.059834,-0.000942,1.004170,0.000455,-0.024187,-0.000430,-0.490430,-0.000091
2.304000,0.060657,-0.000690,1.004142,0.000451,-0.024126,-0.000431,-0.490426,-0.000090
2.305000,0.062061,-0.001551,1.004111,0.000461,-0.024064,-0.000432,-0.490422,-0.000090
2.306000,0.062856,-0.002019,1.004083,0.000467,-0.024001,-0.000434,-0.490418,-0.000089
2.307000,0.060556,-0.000809,1.004074,0.000453,-0.023941,-0.000435,-0.490414,-0.000089
2.308000,0.060601,-0.002116,1.004051,0.000468,-0.023880,-0.000437,-0.490410,-0.000088
2.309000,0.060156,-0.002182,1.004032,0.000469,-0.023820,-0.000439,-0.490406,-0.000088
2.310000,0.060823,-0.002089,1.004005,0.000468,-0.023759,-0.000441,-0.490402,-0.000087
2.311000,0.059854,-0.002761,1.003989,0.000476,-0.023699,-0.000444,-0.490398,-0.000087
2.312000,0.059541,-0.001397,1.003969,0.000461,-0.023640,-0.000445,-0.490394,-0.000086
2.313000,0.060249,-0.001415,1.003942,0.000461,-0.023579,-0.000447,-0.490390,-0.000086
2.314000,0.058719,-0.000104,1.003930,0.000445,-0.023521,-0.000447,-0.490386,-0.000086
2.315000,0.058323,-0.000230,1.003910,0.000446,-0.023462,-0.000447,-0.490382,-0.000085
2.316000,0.059475,-0.000642,1.003881,0.000451,-0.023403,-0.000448,-0.490378,-0.000085
2.317000,0.058932,-0.000846,1.003863,0.000453,-0.023344,-0.000449,-0.490374,-0.000084
2.318000,0.057390,-0.002835,1.003851,0.000476,-0.023287,-0.000452,-0.490370,-0.000084
2.319000,0.057330,-0.000976,1.003830,0.000455,-0.023229,-0.000452,-0.490366,-0.000083
2.320000,0.058390,-0.001347,1.003802,0.000459,-0.023171,-0.000454,-0.490363,-0.000083
2.321000,0.059742,-0.001470,1.003772,0.000460,-0.023111,-0.000455,-0.490359,-0.000082
2.322000,0.058659,-0.000359,1.003757,0.000447,-0.023053,-0.000456,-0.490355,-0.000082
2.323000,0.060756,-0.000768,1.003722,0.000451,-0.022992,-0.000456,-0.490351,-0.000081
2.324000,0.058144,-0.000848,1.003717,0.000452,-0.022934,-0.000457,-0.490347,-0.000081
2.325000,0.059035,-0.000969,1.003690,0.000453,-0.022875,-0.000458,-0.490344,-0.000081
2.326000,0.059660,-0.000415,1.003664,0.000446,-0.022815,-0.000459,-0.490340,-0.000080
2.327000,0.061200,-0.000873,1.003633,0.000451,-0.022754,-0.000460,-0.490336,-0.000080
2.328000,0.058713,-0.001001,1.003627,0.000453,-0.022695,-0.000461,-0.490333,-0.000079
2.329000,0.058598,-0.001056,1.003607,0.000453,-0.022636,-0.000462,-0.490329,-0.000079
2.330000,0.060605,-0.002408,1.003573,0.000469,-0.022576,-0.000464,-0.490326,-0.000078
2.331000,0.061076,-0.002468,1.003548,0.000470,-0.022515,-0.000466,-0.490322,-0.000078
2.332000,0.059400,-0.001471,1.003537,0.000459,-0.022455,-0.000468,-0.490318,-0.000077
2.333000,0.059210,-0.000972,1.003517,0.000453,-0.022396,-0.000469,-0.490315,-0.000077
2.334000,0.059997,-0.002270,1.003491,0.000468,-0.022336,-0.000471,-0.490311,-0.000076
2.335000,0.060081,-0.000322,1.003469,0.000445,-0.022276,-0.000471,-0.490308,-0.000076
2.336000,0.061056,0.000156,1.003442,0.000439,-0.022215,-0.000471,-0.490304,-0.000076
2.337000,0.059498,-0.002180,1.003431,0.000466,-0.022155,-0.000474,-0.490301,-0.000075
2.338000,0.060790,-0.001656,1.003401,0.000460,-0.022095,-0.000475,-0.490298,-0.000075
2.339000,0.059752,-0.001003,1.003387,0.000452,-0.022035,-0.000476,-0.490294,-0.000074
2.340000,0.059143,-0.001098,1.003370,0.000453,-0.021976,-0.000477,-0.490291,-0.000074
2.341000,0.058484,-0.001727,1.003353,0.000461,-0.021917,-0.000479,-0.490287,-0.000073
2.342000,0.056612,-0.001040,1.003344,0.000453,-0.021861,-0.000480,-0.490284,-0.000073
2.343000,0.057859,-0.001042,1.003316,0.000453,-0.021803,-0.000481,-0.490281,-0.000072
2.344000,0.057542,-0.001746,1.003298,0.000461,-0.021745,-0.000483,-0.490277,-0.000072
2.345000,0.056371,-0.000434,1.003285,0.000445,-0.021689,-0.000483,-0.490274,-0.000071
2.346000,0.058690,-0.001266,1.003250,0.000455,-0.021630,-0.000485,-0.490271,-0.000071
2.347000,0.057295,0.000222,1.003239,0.000437,-0.021573,-0.000484,-0.490268,-0.000071
2.348000,0.056758,-0.001613,1.003222,0.000458,-0.021516,-0.000486,-0.490264,-0.000070
2.349000,0.056360,-0.001764,1.003205,0.000460,-0.021460,-0.000488,-0.490261,-0.000070
2.350000,0.055840,-0.002479,1.003188,0.000469,-0.021404,-0.000490,-0.490258,-0.000069
2.351000,0.056692,-0.001784,1.003163,0.000461,-0.021347,-0.000492,-0.490255,-0.000069
2.352000,0.054993,-0.001254,1.003154,0.000455,-0.021292,-0.000493,-0.490251,-0.000068
2.353000,0.056081,-0.000992,1.003128,0.000451,-0.021236,-0.000494,-0.490248,-0.000068
2.354000,0.056108,-0.001068,1.003108,0.000452,-0.021180,-0.000495,-0.490245,-0.000067
2.355000,0.055920,-0.001802,1.003090,0.000461,-0.021124,-0.000497,-0.490242,-0.000067
2.356000,0.057233,-0.001961,1.003062,0.000463,-0.021067,-0.000499,-0.490239,-0.000066
2.357000,0.054728,-0.001609,1.003058,0.000459,-0.021012,-0.000501,-0.490236,-0.000066
2.358000,0.053496,-0.002344,1.003047,0.000468,-0.020959,-0.000503,-0.490233,-0.000065
2.359000,0.055707,-0.001058,1.003014,0.000453,-0.020903,-0.000504,-0.490230,-0.000065
2.360000,0.055672,-0.001759,1.002995,0.000461,-0.020847,-0.000506,-0.490227,-0.000065
2.361000,0.054108,-0.001137,1.002986,0.000454,-0.020793,-0.000507,-0.490224,-0.000064
2.362000,0.054701,-0.002448,1.002963,0.000469,-0.020739,-0.000509,-0.490221,-0.000064
2.363000,0.054517,-0.002360,1.002946,0.000468,-0.020684,-0.000512,-0.490218,-0.000063
2.364000,0.053723,-0.002320,1.002932,0.000468,-0.020630,-0.000514,-0.490215,-0.000063
2.365000,0.055608,-0.001686,1.002901,0.000461,-0.020575,-0.000516,-0.490212,-0.000062
2.366000,0.055676,-0.001051,1.002882,0.000454,-0.020519,-0.000517,-0.490209,-0.000062
2.367000,0.054984,-0.003684,1.002867,0.000485,-0.020464,-0.000520,-0.490206,-0.000061
2.368000,0.055806,-0.002234,1.002843,0.000468,-0.020408,-0.000523,-0.490203,-0.000061
2.369000,0.056182,-0.001593,1.002822,0.000461,-0.020352,-0.000524,-0.490200,-0.000060
2.370000,0.057042,-0.000909,1.002798,0.000453,-0.020295,-0.000525,-0.490198,-0.000060
2.371000,0.056606,-0.001610,1.002781,0.000461,-0.020238,-0.000527,-0.490195,-0.000059
2.372000,0.055852,-0.002217,1.002767,0.000468,-0.020183,-0.000529,-0.490192,-0.000059
2.373000,0.056775,-0.001749,1.002742,0.000463,-0.020126,-0.000531,-0.490189,-0.000059
2.374000,0.057944,-0.000091,1.002716,0.000443,-0.020068,-0.000531,-0.490187,-0.000058
2.375000,0.054806,-0.000934,1.002717,0.000453,-0.020013,-0.000532,-0.490184,-0.000058
2.376000,0.056314,-0.003605,1.002689,0.000484,-0.019957,-0.000535,-0.490181,-0.000057
2.377000,0.056947,-0.001031,1.002666,0.000455,-0.019900,-0.000536,-0.490178,-0.000057
2.378000,0.056233,-0.000250,1.002652,0.000445,-0.019844,-0.000537,-0.490176,-0.000056
2.379000,0.058359,-0.002083,1.002619,0.000466,-0.019785,-0.000539,-0.490173,-0.000056
2.380000,0.057782,-0.002203,1.002604,0.000468,-0.019727,-0.000541,-0.490170,-0.000055
2.381000,0.058042,-0.000238,1.002584,0.000445,-0.019669,-0.000541,-0.490168,-0.000055
2.382000,0.059887,-0.001615,1.002553,0.000461,-0.019609,-0.000543,-0.490165,-0.000054
2.383000,0.056826,-0.001786,1.002553,0.000463,-0.019553,-0.000545,-0.490163,-0.000054
2.384000,0.057177,-0.002043,1.002532,0.000466,-0.019495,-0.000547,-0.490160,-0.000053
2.385000,0.058094,-0.001006,1.002508,0.000454,-0.019437,-0.000548,-0.490158,-0.000053
2.386000,0.057773,0.000412,1.002491,0.000437,-0.019380,-0.000547,-0.490155,-0.000053
2.387000,0.058710,-0.000282,1.002466,0.000444,-0.019321,-0.000548,-0.490153,-0.000052
2.388000,0.057978,-0.000921,1.002452,0.000452,-0.019263,-0.000548,-0.490150,-0.000052
2.389000,0.057473,-0.000842,1.002437,0.000450,-0.019205,-0.000549,-0.490148,-0.000051
2.390000,0.058317,-0.000514,1.002413,0.000446,-0.019147,-0.000550,-0.490145,-0.000051
2.391000,0.058076,-0.001053,1.002396,0.000452,-0.019089,-0.000551,-0.490143,-0.000050
2.392000,0.058105,-0.000868,1.002377,0.000450,-0.019031,-0.000552,-0.490141,-0.000050
2.393000,0.058397,-0.001211,1.002357,0.000454,-0.018973,-0.000553,-0.490138,-0.000049
2.394000,0.058319,-0.002238,1.002339,0.000466,-0.018914,-0.000555,-0.490136,-0.000049
2.395000,0.057672,-0.001721,1.002324,0.000460,-0.018857,-0.000557,-0.490133,-0.000048
2.396000,0.057387,-0.002459,1.002308,0.000469,-0.018799,-0.000559,-0.490131,-0.000048
2.397000,0.058991,-0.001841,1.002279,0.000462,-0.018740,-0.000561,-0.490129,-0.000048
2.398000,0.058857,-0.000271,1.002262,0.000443,-0.018681,-0.000561,-0.490127,-0.000047
2.399000,0.058470,-0.002405,1.002246,0.000468,-0.018623,-0.000564,-0.490124,-0.000047
2.400000,0.058081,-0.001798,1.002230,0.000445,-0.018565,-0.000566,-0.490122,-0.000046
2.401000,0.059160,-0.003101,1.002205,0.000461,-0.018506,-0.000569,-0.490120,-0.000046
2.402000,0.058248,-0.002539,1.002192,0.000455,-0.018447,-0.000571,-0.490118,-0.000045
2.403000,0.058065,-0.004155,1.002175,0.000475,-0.018389,-0.000575,-0.490115,-0.000045
2.404000,0.058972,-0.004334,1.002152,0.000478,-0.018330,-0.000580,-0.490113,-0.000044
2.405000,0.057631,-0.002636,1.002142,0.000459,-0.018273,-0.000582,-0.490111,-0.000044
2.406000,0.058255,-0.004028,1.002120,0.000476,-0.018214,-0.000586,-0.490109,-0.000043
2.407000,0.058137,-0.002143,1.002103,0.000454,-0.018156,-0.000589,-0.490107,-0.000043
2.408000,0.058417,-0.003109,1.002083,0.000466,-0.018098,-0.000592,-0.490105,-0.000042
2.409000,0.057601,-0.003870,1.002070,0.000476,-0.018040,-0.000596,-0.490103,-0.000042
2.410000,0.058188,-0.003826,1.002049,0.000476,-0.017982,-0.000599,-0.490101,-0.000042
2.411000,0.057194,-0.003141,1.002037,0.000469,-0.017925,-0.000603,-0.490098,-0.000041
2.412000,0.056869,-0.002392,1.002022,0.000461,-0.017868,-0.000605,-0.490096,-0.000041
2.413000,0.057002,-0.003671,1.002003,0.000477,-0.017811,-0.000609,-0.490094,-0.000040
2.414000,0.056624,-0.001770,1.001988,0.000455,-0.017754,-0.000610,-0.490092,-0.000040
2.415000,0.057976,-0.002720,1.001962,0.000466,-0.017696,-0.000613,-0.490090,-0.000039
2.416000,0.057318,-0.002794,1.001949,0.000468,-0.017639,-0.000616,-0.490088,-0.000039
2.417000,0.060057,-0.002791,1.001914,0.000468,-0.017579,-0.000619,-0.490087,-0.000038
2.418000,0.058584,-0.002753,1.001905,0.000468,-0.017520,-0.000621,-0.490085,-0.000038
2.419000,0.058689,-0.004096,1.001887,0.000485,-0.017462,-0.000626,-0.490083,-0.000037
2.420000,0.057765,-0.002630,1.001875,0.000468,-0.017404,-0.000628,-0.490081,-0.000037
2.421000,0.057742,-0.001975,1.001858,0.000461,-0.017346,-0.000630,-0.490079,-0.000036
2.422000,0.059180,-0.002053,1.001831,0.000462,-0.017287,-0.000632,-0.490077,-0.000036
2.423000,0.058094,-0.001240,1.001821,0.000453,-0.017229,-0.000633,-0.490075,-0.000035
2.424000,0.058316,-0.001184,1.001802,0.000452,-0.017171,-0.000635,-0.490073,-0.000035
2.425000,0.057559,-0.001693,1.001789,0.000458,-0.017113,-0.000636,-0.490072,-0.000035
2.426000,0.058402,-0.002481,1.001767,0.000467,-0.017055,-0.000639,-0.490070,-0.000034
2.427000,0.059932,-0.000673,1.001740,0.000446,-0.016995,-0.000639,-0.490068,-0.000034
2.428000,0.059418,-0.000598,1.001725,0.000445,-0.016935,-0.000640,-0.490066,-0.000033
2.429000,0.057282,-0.001727,1.001721,0.000458,-0.016878,-0.000642,-0.490065,-0.000033
2.430000,0.058406,-0.002042,1.001697,0.000462,-0.016820,-0.000644,-0.490063,-0.000032
2.431000,0.058650,-0.001736,1.001679,0.000459,-0.016761,-0.000646,-0.490061,-0.000032
2.432000,0.059532,-0.001866,1.001656,0.000460,-0.016701,-0.000647,-0.490060,-0.000031
2.433000,0.059607,-0.001211,1.001638,0.000453,-0.016642,-0.000649,-0.490058,-0.000031
2.434000,0.059581,-0.002692,1.001621,0.000470,-0.016582,-0.000651,-0.490056,-0.000030
2.435000,0.058991,-0.002400,1.001607,0.000467,-0.016523,-0.000654,-0.490055,-0.000030
2.436000,0.057726,-0.001933,1.001598,0.000462,-0.016466,-0.000656,-0.490053,-0.000029
2.437000,0.058748,-0.000930,1.001575,0.000450,-0.016407,-0.000657,-0.490051,-0.000029
2.438000,0.060036,0.000048,1.001549,0.000438,-0.016347,-0.000657,-0.490050,-0.000029
2.439000,0.058173,-0.001704,1.001544,0.000459,-0.016289,-0.000658,-0.490048,-0.000028
2.440000,0.057875,-0.001208,1.001529,0.000453,-0.016231,-0.000659,-0.490047,-0.000028
2.441000,0.058602,-0.001866,1.001508,0.000461,-0.016172,-0.000661,-0.490045,-0.000027
2.442000,0.058252,-0.000729,1.001493,0.000447,-0.016114,-0.000662,-0.490044,-0.000027
2.443000,0.058311,-0.001819,1.001476,0.000460,-0.016056,-0.000664,-0.490042,-0.000026
2.444000,0.058331,-0.001825,1.001459,0.000460,-0.015997,-0.000666,-0.490041,-0.000026
2.445000,0.059333,-0.001723,1.001436,0.000459,-0.015938,-0.000667,-0.490039,-0.000025
2.446000,0.057824,-0.000935,1.001429,0.000450,-0.015880,-0.000668,-0.490038,-0.000025
2.447000,0.058209,-0.000490,1.001410,0.000444,-0.015822,-0.000669,-0.490036,-0.000024
2.448000,0.056907,-0.000833,1.001402,0.000448,-0.015765,-0.000670,-0.490035,-0.000024
2.449000,0.058689,-0.000371,1.001374,0.000442,-0.015706,-0.000670,-0.490034,-0.000024
2.450000,0.055538,0.000154,1.001378,0.000436,-0.015651,-0.000670,-0.490032,-0.000023
2.451000,0.055893,0.000600,1.001359,0.000430,-0.015595,-0.000669,-0.490031,-0.000023
2.452000,0.055296,-0.001651,1.001347,0.000456,-0.015540,-0.000671,-0.490029,-0.000022
2.453000,0.055116,-0.000793,1.001333,0.000446,-0.015484,-0.000672,-0.490028,-0.000022
2.454000,0.055785,-0.001884,1.001313,0.000458,-0.015429,-0.000674,-0.490027,-0.000021
2.455000,0.055009,-0.002110,1.001302,0.000461,-0.015374,-0.000676,-0.490025,-0.000021
2.456000,0.055731,-0.001343,1.001282,0.000452,-0.015318,-0.000677,-0.490024,-0.000020
2.457000,0.054752,-0.001922,1.001272,0.000459,-0.015263,-0.000679,-0.490023,-0.000020
2.458000,0.054348,-0.000128,1.001259,0.000438,-0.015209,-0.000679,-0.490022,-0.000020
2.459000,0.054968,-0.001151,1.001240,0.000450,-0.015154,-0.000680,-0.490020,-0.000019
2.460000,0.052998,0.000144,1.001237,0.000434,-0.015101,-0.000680,-0.490019,-0.000019
2.461000,0.054168,-0.001532,1.001215,0.000453,-0.015047,-0.000682,-0.490018,-0.000018
2.462000,0.054135,-0.001429,1.001200,0.000452,-0.014993,-0.000683,-0.490017,-0.000018
2.463000,0.051810,-0.002003,1.001200,0.000459,-0.014941,-0.000685,-0.490015,-0.000017
2.464000,0.051639,-0.002656,1.001186,0.000467,-0.014889,-0.000688,-0.490014,-0.000017
2.465000,0.052130,-0.001310,1.001168,0.000452,-0.014837,-0.000689,-0.490013,-0.000016
2.466000,0.052048,-0.000170,1.001154,0.000438,-0.014785,-0.000689,-0.490012,-0.000016
2.467000,0.050671,0.000140,1.001148,0.000434,-0.014734,-0.000689,-0.490011,-0.000016
2.468000,0.052808,-0.000729,1.001120,0.000443,-0.014681,-0.000690,-0.490010,-0.000015
2.469000,0.050921,0.000514,1.001118,0.000428,-0.014631,-0.000689,-0.490008,-0.000015
2.470000,0.049592,-0.002105,1.001112,0.000459,-0.014581,-0.000691,-0.490007,-0.000014
2.471000,0.051196,0.000360,1.001088,0.000430,-0.014530,-0.000691,-0.490006,-0.000014
2.472000,0.051463,-0.003199,1.001072,0.000471,-0.014478,-0.000694,-0.490005,-0.000013
2.473000,0.051788,-0.001596,1.001056,0.000453,-0.014426,-0.000696,-0.490004,-0.000013
2.474000,0.050714,-0.002286,1.001048,0.000461,-0.014376,-0.000698,-0.490003,-0.000012
2.475000,0.050530,-0.000754,1.001035,0.000443,-0.014325,-0.000699,-0.490002,-0.000012
2.476000,0.050514,0.000603,1.001021,0.000427,-0.014275,-0.000698,-0.490001,-0.000011
2.477000,0.050431,-0.001265,1.001008,0.000448,-0.014224,-0.000700,-0.490000,-0.000011
2.478000,0.050598,-0.002740,1.000993,0.000466,-0.014174,-0.000702,-0.489999,-0.000011
2.479000,0.049947,-0.002076,1.000983,0.000459,-0.014124,-0.000704,-0.489998,-0.000010
2.480000,0.050825,-0.002077,1.000964,0.000459,-0.014073,-0.000706,-0.489997,-0.000010
2.481000,0.050665,-0.001443,1.000951,0.000452,-0.014022,-0.000708,-0.489996,-0.000009
2.482000,0.050738,-0.000746,1.000937,0.000443,-0.013972,-0.000709,-0.489995,-0.000009
2.483000,0.050059,-0.001462,1.000927,0.000452,-0.013921,-0.000710,-0.489994,-0.000008
2.484000,0.049550,-0.002083,1.000917,0.000459,-0.013872,-0.000712,-0.489993,-0.000008
2.485000,0.049869,0.000552,1.000901,0.000428,-0.013822,-0.000712,-0.489992,-0.000007
2.486000,0.051025,-0.001520,1.000880,0.000452,-0.013771,-0.000713,-0.489991,-0.000007
2.487000,0.051120,-0.001512,1.000866,0.000452,-0.013720,-0.000715,-0.489990,-0.000007
2.488000,0.052012,-0.002124,1.000846,0.000459,-0.013668,-0.000717,-0.489990,-0.000006
2.489000,0.051201,-0.002176,1.000838,0.000460,-0.013617,-0.000719,-0.489989,-0.000006
2.490000,0.050114,-0.001456,1.000831,0.000452,-0.013567,-0.000720,-0.489988,-0.000005
2.491000,0.052269,-0.002238,1.000803,0.000461,-0.013514,-0.000723,-0.489987,-0.000005
2.492000,0.051431,-0.000572,1.000795,0.000441,-0.013463,-0.000723,-0.489986,-0.000004
2.493000,0.050967,-0.000086,1.000784,0.000435,-0.013412,-0.000723,-0.489985,-0.000004
2.494000,0.049435,-0.002795,1.000780,0.000467,-0.013362,-0.000726,-0.489985,-0.000003
2.495000,0.051004,-0.002069,1.000757,0.000459,-0.013311,-0.000728,-0.489984,-0.000003
2.496000,0.051659,-0.000809,1.000739,0.000444,-0.013260,-0.000729,-0.489983,-0.000002
2.497000,0.050318,-0.001457,1.000734,0.000452,-0.013209,-0.000730,-0.489982,-0.000002
2.498000,0.050399,-0.002861,1.000720,0.000468,-0.013159,-0.000733,-0.489982,-0.000002
2.499000,0.049546,-0.002530,1.000713,0.000465,-0.013110,-0.000736,-0.489981,-0.000001
2.500000,0.050986,-0.000787,1.000690,0.000445,-0.013059,-0.000737,-0.489980,-0.000001
2.501000,0.049671,-0.001811,1.000685,0.000457,-0.013009,-0.000738,-0.489980,-0.000000
2.502000,0.051530,-0.000632,1.000660,0.000443,-0.012957,-0.000739,-0.489979,0.000000
2.503000,0.052390,0.000444,1.000641,0.000429,-0.012905,-0.000739,-0.489978,0.000001
2.504000,0.051201,-0.000669,1.000635,0.000442,-0.012854,-0.000739,-0.489978,0.000001
2.505000,0.049418,-0.001428,1.000633,0.000451,-0.012804,-0.000741,-0.489977,0.000002
2.506000,0.049846,-0.001469,1.000618,0.000451,-0.012755,-0.000742,-0.489976,0.000002
2.507000,0.049951,-0.002781,1.000604,0.000467,-0.012705,-0.000745,-0.489976,0.000003
2.508000,0.051522,-0.002054,1.000581,0.000459,-0.012653,-0.000747,-0.489975,0.000003
2.509000,0.050969,-0.000741,1.000571,0.000443,-0.012602,-0.000748,-0.489974,0.000003
2.510000,0.050606,-0.002745,1.000561,0.000467,-0.012551,-0.000751,-0.489974,0.000004
2.511000,0.051069,-0.001392,1.000545,0.000451,-0.012500,-0.000752,-0.489973,0.000004
2.512000,0.050370,-0.001399,1.000536,0.000452,-0.012450,-0.000753,-0.489973,0.000005
2.513000,0.049356,-0.000883,1.000529,0.000445,-0.012401,-0.000754,-0.489972,0.000005
2.514000,0.050397,-0.000714,1.000510,0.000443,-0.012350,-0.000755,-0.489972,0.000006
2.515000,0.049566,-0.001831,1.000503,0.000456,-0.012301,-0.000757,-0.489971,0.000006
2.516000,0.049740,-0.001354,1.000489,0.000451,-0.012251,-0.000758,-0.489971,0.000007
2.517000,0.050744,-0.000785,1.000470,0.000444,-0.012200,-0.000759,-0.489970,0.000007
2.518000,0.049786,-0.000298,1.000463,0.000438,-0.012150,-0.000759,-0.489970,0.000007
2.519000,0.049799,-0.000693,1.000450,0.000442,-0.012101,-0.000760,-0.489969,0.000008
2.520000,0.049744,-0.000303,1.000438,0.000437,-0.012051,-0.000760,-0.489969,0.000008
2.521000,0.049621,-0.000045,1.000426,0.000434,-0.012001,-0.000760,-0.489968,0.000009
2.522000,0.050238,-0.002150,1.000410,0.000458,-0.011951,-0.000762,-0.489968,0.000009
2.523000,0.049788,-0.000239,1.000400,0.000436,-0.011901,-0.000763,-0.489968,0.000010
2.524000,0.048540,-0.001699,1.000395,0.000453,-0.011853,-0.000764,-0.489967,0.000010
2.525000,0.050390,-0.002122,1.000371,0.000458,-0.011802,-0.000766,-0.489967,0.000011
2.526000,0.049440,-0.001513,1.000365,0.000451,-0.011753,-0.000768,-0.489966,0.000011
2.527000,0.048255,-0.000876,1.000360,0.000443,-0.011705,-0.000769,-0.489966,0.000012
2.528000,0.048904,0.000943,1.000344,0.000421,-0.011656,-0.000768,-0.489966,0.000012
2.529000,0.049979,-0.000966,1.000325,0.000443,-0.011606,-0.000769,-0.489965,0.000012
2.530000,0.050981,-0.000931,1.000306,0.000442,-0.011555,-0.000770,-0.489965,0.000013
2.531000,0.049004,-0.001615,1.000306,0.000450,-0.011506,-0.000771,-0.489965,0.000013
2.532000,0.048755,-0.000227,1.000295,0.000434,-0.011457,-0.000772,-0.489964,0.000014
2.533000,0.051114,-0.000336,1.000268,0.000435,-0.011406,-0.000772,-0.489964,0.000014
2.534000,0.051400,-0.000986,1.000254,0.000442,-0.011354,-0.000773,-0.489964,0.000015
2.535000,0.049684,-0.002309,1.000252,0.000458,-0.011305,-0.000775,-0.489964,0.000015
2.536000,0.051128,-0.001584,1.000231,0.000449,-0.011254,-0.000777,-0.489963,0.000015
2.537000,0.049446,-0.001481,1.000229,0.000448,-0.011204,-0.000778,-0.489963,0.000016
2.538000,0.050392,-0.001310,1.000211,0.000446,-0.011154,-0.000780,-0.489963,0.000016
2.539000,0.050276,-0.000848,1.000199,0.000441,-0.011104,-0.000780,-0.489963,0.000017
2.540000,0.051390,-0.001039,1.000180,0.000443,-0.011052,-0.000782,-0.489963,0.000017
2.541000,0.051013,-0.000276,1.000170,0.000434,-0.011001,-0.000782,-0.489962,0.000018
2.542000,0.050791,-0.001413,1.000159,0.000447,-0.010950,-0.000783,-0.489962,0.000018
2.543000,0.051607,-0.001736,1.000142,0.000450,-0.010899,-0.000785,-0.489962,0.000019
2.544000,0.050123,-0.000825,1.000139,0.000440,-0.010849,-0.000786,-0.489962,0.000019
2.545000,0.050941,-0.001590,1.000121,0.000449,-0.010798,-0.000787,-0.489962,0.000020
2.546000,0.049228,-0.003623,1.000120,0.000473,-0.010748,-0.000791,-0.489962,0.000020
2.547000,0.049766,-0.000957,1.000105,0.000442,-0.010699,-0.000792,-0.489961,0.000020
2.548000,0.049979,-0.001067,1.000092,0.000443,-0.010649,-0.000793,-0.489961,0.000021
2.549000,0.049616,-0.002130,1.000082,0.000456,-0.010599,-0.000795,-0.489961,0.000021
2.550000,0.050721,-0.000224,1.000063,0.000433,-0.010548,-0.000795,-0.489961,0.000022
2.551000,0.049451,-0.002293,1.000059,0.000457,-0.010499,-0.000798,-0.489961,0.000022
2.552000,0.050204,-0.001645,1.000043,0.000450,-0.010449,-0.000799,-0.489961,0.000023
2.553000,0.050670,-0.000967,1.000028,0.000442,-0.010398,-0.000800,-0.489961,0.000023
2.554000,0.050546,-0.000300,1.000017,0.000434,-0.010348,-0.000801,-0.489961,0.000024
2.555000,0.050186,-0.001110,1.000007,0.000443,-0.010297,-0.000802,-0.489961,0.000024
2.556000,0.049252,-0.001468,1.000001,0.000447,-0.010248,-0.000803,-0.489961,0.000024
2.557000,0.049714,-0.000970,0.999987,0.000441,-0.010198,-0.000804,-0.489961,0.000025
2.558000,0.050014,-0.001637,0.999973,0.000449,-0.010148,-0.000806,-0.489961,0.000025
2.559000,0.050016,-0.002338,0.999961,0.000458,-0.010098,-0.000808,-0.489961,0.000026
2.560000,0.050068,-0.001000,0.999949,0.000442,-0.010048,-0.000809,-0.489961,0.000026
2.561000,0.049482,-0.001006,0.999941,0.000442,-0.009999,-0.000810,-0.489961,0.000027
2.562000,0.051031,-0.001649,0.999920,0.000449,-0.009948,-0.000812,-0.489961,0.000027
2.563000,0.050764,-0.000404,0.999910,0.000435,-0.009897,-0.000812,-0.489961,0.000028
2.564000,0.050075,0.000867,0.999902,0.000419,-0.009847,-0.000811,-0.489961,0.000028
2.565000,0.049646,-0.002448,0.999894,0.000458,-0.009797,-0.000814,-0.489961,0.000028
2.566000,0.051430,-0.002403,0.999871,0.000458,-0.009746,-0.000816,-0.489962,0.000029
2.567000,0.051241,-0.001681,0.999860,0.000449,-0.009695,-0.000818,-0.489962,0.000029
2.568000,0.052718,-0.001056,0.999839,0.000442,-0.009642,-0.000819,-0.489962,0.000030
2.569000,0.052265,-0.001067,0.999830,0.000442,-0.009590,-0.000820,-0.489962,0.000030
2.570000,0.051323,-0.001084,0.999824,0.000442,-0.009538,-0.000821,-0.489962,0.000031
2.571000,0.051512,-0.001182,0.999811,0.000443,-0.009487,-0.000822,-0.489962,0.000031
2.572000,0.050834,-0.000317,0.999804,0.000433,-0.009436,-0.000823,-0.489963,0.000032
2.573000,0.051905,-0.001081,0.999785,0.000441,-0.009384,-0.000824,-0.489963,0.000032
2.574000,0.053860,-0.001750,0.999761,0.000449,-0.009330,-0.000825,-0.489963,0.000032
2.575000,0.053210,-0.001830,0.999753,0.000450,-0.009277,-0.000827,-0.489963,0.000033
2.576000,0.053438,-0.001130,0.999739,0.000442,-0.009224,-0.000828,-0.489963,0.000033
2.577000,0.054257,-0.001127,0.999722,0.000442,-0.009169,-0.000829,-0.489964,0.000034
2.578000,0.053459,-0.000632,0.999715,0.000436,-0.009116,-0.000830,-0.489964,0.000034
2.579000,0.052146,-0.001165,0.999712,0.000442,-0.009064,-0.000831,-0.489964,0.000035
2.580000,0.053142,-0.001638,0.999693,0.000448,-0.009011,-0.000833,-0.489965,0.000035
2.581000,0.053705,-0.001709,0.999678,0.000448,-0.008957,-0.000835,-0.489965,0.000036
2.582000,0.053547,-0.001928,0.999667,0.000451,-0.008903,-0.000837,-0.489965,0.000036
2.583000,0.053844,-0.000975,0.999653,0.000440,-0.008849,-0.000837,-0.489966,0.000036
2.584000,0.052589,0.000742,0.999649,0.000419,-0.008797,-0.000837,-0.489966,0.000037
2.585000,0.055559,-0.002348,0.999619,0.000455,-0.008741,-0.000839,-0.489966,0.000037
2.586000,0.054815,-0.002443,0.999611,0.000457,-0.008686,-0.000842,-0.489967,0.000038
2.587000,0.053631,-0.000100,0.999607,0.000429,-0.008633,-0.000842,-0.489967,0.000038
2.588000,0.054595,-0.000334,0.999589,0.000432,-0.008578,-0.000842,-0.489967,0.000039
2.589000,0.052895,-0.000947,0.999588,0.000439,-0.008525,-0.000843,-0.489968,0.000039
2.590000,0.053638,-0.001157,0.999571,0.000441,-0.008472,-0.000844,-0.489968,0.000040
2.591000,0.054727,-0.000615,0.999553,0.000434,-0.008417,-0.000845,-0.489969,0.000040
2.592000,0.054092,-0.001375,0.999545,0.000443,-0.008363,-0.000846,-0.489969,0.000040
2.593000,0.054713,-0.001125,0.999529,0.000440,-0.008308,-0.000847,-0.489970,0.000041
2.594000,0.052943,0.000064,0.999528,0.000426,-0.008255,-0.000847,-0.489970,0.000041
2.595000,0.053742,-0.000804,0.999512,0.000436,-0.008201,-0.000848,-0.489971,0.000042
2.596000,0.055296,-0.001815,0.999490,0.000447,-0.008146,-0.000850,-0.489971,0.000042
2.597000,0.055463,-0.003314,0.999477,0.000465,-0.008091,-0.000853,-0.489972,0.000043
2.598000,0.054160,-0.001281,0.999474,0.000442,-0.008037,-0.000854,-0.489972,0.000043
2.599000,0.054520,-0.001913,0.999460,0.000449,-0.007982,-0.000856,-0.489973,0.000044
2.600000,0.055627,-0.000591,0.999441,0.000434,-0.007926,-0.000857,-0.489973,0.000044
2.601000,0.056538,-0.001933,0.999423,0.000449,-0.007870,-0.000859,-0.489974,0.000044
2.602000,0.056788,-0.001312,0.999409,0.000442,-0.007813,-0.000860,-0.489974,0.000045
2.603000,0.056359,-0.001301,0.999400,0.000442,-0.007757,-0.000861,-0.489975,0.000045
2.604000,0.056050,-0.002608,0.999390,0.000458,-0.007701,-0.000864,-0.489976,0.000046
2.605000,0.055467,-0.000644,0.999382,0.000435,-0.007645,-0.000865,-0.489976,0.000046
2.606000,0.055811,-0.001292,0.999368,0.000442,-0.007589,-0.000866,-0.489977,0.000047
2.607000,0.055699,-0.001383,0.999357,0.000443,-0.007534,-0.000867,-0.489977,0.000047
2.608000,0.055745,0.000087,0.999345,0.000426,-0.007478,-0.000867,-0.489978,0.000047
2.609000,0.055259,-0.002418,0.999336,0.000455,-0.007423,-0.000870,-0.489979,0.000048
2.610000,0.056290,-0.002702,0.999318,0.000459,-0.007366,-0.000872,-0.489979,0.000048
2.611000,0.055829,-0.000443,0.999309,0.000432,-0.007311,-0.000873,-0.489980,0.000049
2.612000,0.055106,0.000066,0.999302,0.000426,-0.007255,-0.000873,-0.489981,0.000049
2.613000,0.054792,-0.001319,0.999292,0.000442,-0.007201,-0.000874,-0.489981,0.000050
2.614000,0.055122,-0.001435,0.999279,0.000443,-0.007146,-0.000875,-0.489982,0.000050
2.615000,0.054756,-0.001867,0.999270,0.000448,-0.007091,-0.000877,-0.489983,0.000051
2.616000,0.055309,-0.001275,0.999255,0.000441,-0.007036,-0.000879,-0.489984,0.000051
2.617000,0.054532,-0.002084,0.999248,0.000451,-0.006981,-0.000881,-0.489984,0.000051
2.618000,0.052266,-0.000602,0.999251,0.000434,-0.006929,-0.000881,-0.489985,0.000052
2.619000,0.055019,-0.003192,0.999223,0.000464,-0.006874,-0.000884,-0.489986,0.000052
2.620000,0.053694,-0.000498,0.999220,0.000433,-0.006820,-0.000885,-0.489987,0.000053
2.621000,0.054183,-0.000524,0.999206,0.000433,-0.006766,-0.000886,-0.489987,0.000053
2.622000,0.052031,-0.001859,0.999209,0.000448,-0.006714,-0.000887,-0.489988,0.000054
2.623000,0.051656,-0.002520,0.999200,0.000456,-0.006662,-0.000890,-0.489989,0.000054
2.624000,0.051650,-0.001183,0.999190,0.000441,-0.006610,-0.000891,-0.489990,0.000055
2.625000,0.050574,-0.001176,0.999186,0.000441,-0.006560,-0.000892,-0.489991,0.000055
2.626000,0.051795,-0.001123,0.999168,0.000440,-0.006508,-0.000893,-0.489991,0.000055
2.627000,0.051666,-0.001132,0.999159,0.000440,-0.006456,-0.000895,-0.489992,0.000056
2.628000,0.050605,-0.001217,0.999155,0.000441,-0.006406,-0.000896,-0.489993,0.000056
2.629000,0.050815,-0.001834,0.999144,0.000448,-0.006355,-0.000898,-0.489994,0.000057
2.630000,0.049250,-0.000504,0.999143,0.000432,-0.006306,-0.000898,-0.489995,0.000057
2.631000,0.050256,-0.002459,0.999127,0.000455,-0.006256,-0.000901,-0.489996,0.000058
2.632000,0.050227,-0.001814,0.999117,0.000448,-0.006205,-0.000902,-0.489997,0.000058
2.633000,0.051212,-0.000499,0.999101,0.000433,-0.006154,-0.000903,-0.489997,0.000059
2.634000,0.050770,-0.000524,0.999094,0.000433,-0.006103,-0.000903,-0.489998,0.000059
2.635000,0.048068,0.000136,0.999101,0.000424,-0.006055,-0.000903,-0.489999,0.000059
2.636000,0.049002,-0.000603,0.999085,0.000433,-0.006006,-0.000904,-0.490000,0.000060
2.637000,0.047707,0.000057,0.999084,0.000424,-0.005959,-0.000904,-0.490001,0.000060
2.638000,0.048374,-0.002589,0.999070,0.000455,-0.005910,-0.000906,-0.490002,0.000061
2.639000,0.047704,-0.000633,0.999065,0.000433,-0.005862,-0.000907,-0.490003,0.000061
2.640000,0.044831,-0.000653,0.999074,0.000433,-0.005818,-0.000908,-0.490004,0.000062
2.641000,0.045587,-0.001991,0.999061,0.000448,-0.005772,-0.000910,-0.490005,0.000062
2.642000,0.044940,-0.001280,0.999056,0.000440,-0.005727,-0.000911,-0.490006,0.000063
2.643000,0.044674,-0.001961,0.999049,0.000448,-0.005682,-0.000913,-0.490007,0.000063
2.644000,0.044902,-0.000113,0.999039,0.000426,-0.005638,-0.000913,-0.490008,0.000063
2.645000,0.042583,-0.000505,0.999046,0.000430,-0.005595,-0.000913,-0.490009,0.000064
2.646000,0.043831,-0.001434,0.999030,0.000441,-0.005551,-0.000915,-0.490010,0.000064
2.647000,0.042853,-0.001128,0.999027,0.000438,-0.005508,-0.000916,-0.490011,0.000065
2.648000,0.042850,-0.000655,0.999019,0.000432,-0.005465,-0.000917,-0.490011,0.000065
2.649000,0.041763,0.001113,0.999018,0.000411,-0.005424,-0.000916,-0.490012,0.000066
2.650000,0.040557,-0.000109,0.999018,0.000424,-0.005383,-0.000916,-0.490013,0.000066
2.651000,0.041430,-0.000262,0.999005,0.000425,-0.005342,-0.000916,-0.490014,0.000066
2.652000,0.040785,-0.000475,0.999002,0.000428,-0.005301,-0.000916,-0.490015,0.000067
2.653000,0.040345,-0.000253,0.998997,0.000425,-0.005261,-0.000917,-0.490016,0.000067
2.654000,0.039246,-0.002045,0.998996,0.000445,-0.005221,-0.000919,-0.490017,0.000068
2.655000,0.038817,-0.000330,0.998992,0.000425,-0.005182,-0.000919,-0.490018,0.000068
2.656000,0.038989,-0.002233,0.998984,0.000448,-0.005143,-0.000921,-0.490019,0.000069
2.657000,0.038846,-0.000181,0.998978,0.000423,-0.005105,-0.000921,-0.490020,0.000069
2.658000,0.037532,-0.000192,0.998979,0.000423,-0.005067,-0.000922,-0.490021,0.000069
2.659000,0.037972,-0.000402,0.998969,0.000425,-0.005029,-0.000922,-0.490022,0.000070
2.660000,0.039993,-0.001916,0.998950,0.000443,-0.004989,-0.000924,-0.490024,0.000070
2.661000,0.037346,0.000168,0.998959,0.000418,-0.004952,-0.000924,-0.490025,0.000071
2.662000,0.037567,-0.000150,0.998951,0.000421,-0.004914,-0.000924,-0.490026,0.000071
2.663000,0.036023,-0.000974,0.998955,0.000431,-0.004878,-0.000925,-0.490027,0.000072
2.664000,0.036641,-0.000329,0.998944,0.000423,-0.004842,-0.000925,-0.490028,0.000072
2.665000,0.036187,-0.000362,0.998941,0.000423,-0.004805,-0.000926,-0.490029,0.000072
2.666000,0.036259,-0.001725,0.998934,0.000439,-0.004769,-0.000927,-0.490030,0.000073
2.667000,0.035100,-0.001008,0.998935,0.000430,-0.004734,-0.000928,-0.490031,0.000073
2.668000,0.034316,0.000896,0.998934,0.000408,-0.004700,-0.000927,-0.490032,0.000074
2.669000,0.034065,-0.000644,0.998930,0.000425,-0.004666,-0.000928,-0.490033,0.000074
2.670000,0.034470,-0.001019,0.998921,0.000429,-0.004631,-0.000929,-0.490034,0.000075
2.671000,0.032583,-0.001145,0.998927,0.000431,-0.004599,-0.000930,-0.490035,0.000075
2.672000,0.033256,-0.001187,0.998918,0.000431,-0.004565,-0.000931,-0.490036,0.000075
2.673000,0.033074,0.000007,0.998913,0.000417,-0.004532,-0.000931,-0.490037,0.000076
2.674000,0.033693,-0.000395,0.998904,0.000421,-0.004499,-0.000932,-0.490038,0.000076
2.675000,0.033362,-0.001219,0.998900,0.000431,-0.004465,-0.000933,-0.490040,0.000077
2.676000,0.031860,-0.000746,0.998904,0.000425,-0.004433,-0.000934,-0.490041,0.000077
2.677000,0.032059,-0.000435,0.998898,0.000421,-0.004401,-0.000934,-0.490042,0.000078
2.678000,0.030664,-0.001196,0.998901,0.000430,-0.004371,-0.000935,-0.490043,0.000078
2.679000,0.030792,0.000675,0.998895,0.000407,-0.004340,-0.000935,-0.490044,0.000078
2.680000,0.030572,-0.000184,0.998892,0.000417,-0.004309,-0.000935,-0.490045,0.000079
2.681000,0.029859,0.000650,0.998892,0.000406,-0.004279,-0.000934,-0.490046,0.000079
2.682000,0.029871,-0.000577,0.998887,0.000420,-0.004249,-0.000935,-0.490047,0.000080
2.683000,0.029357,-0.000762,0.998885,0.000422,-0.004220,-0.000936,-0.490048,0.000080
2.684000,0.028143,0.000474,0.998888,0.000407,-0.004192,-0.000935,-0.490049,0.000080
2.685000,0.029342,-0.001005,0.998876,0.000424,-0.004163,-0.000936,-0.490051,0.000081
2.686000,0.029316,-0.000758,0.998872,0.000421,-0.004133,-0.000937,-0.490052,0.000081
2.687000,0.028923,-0.000204,0.998870,0.000414,-0.004104,-0.000937,-0.490053,0.000082
2.688000,0.027367,-0.000282,0.998875,0.000415,-0.004077,-0.000937,-0.490054,0.000082
2.689000,0.027990,-0.001625,0.998867,0.000430,-0.004049,-0.000939,-0.490055,0.000083
2.690000,0.026715,-0.001003,0.998871,0.000423,-0.004022,-0.000940,-0.490056,0.000083
2.691000,0.026573,-0.000328,0.998868,0.000415,-0.003996,-0.000940,-0.490057,0.000083
2.692000,0.025988,-0.001659,0.998868,0.000430,-0.003970,-0.000942,-0.490058,0.000084
2.693000,0.027475,-0.000497,0.998854,0.000417,-0.003942,-0.000943,-0.490060,0.000084
2.694000,0.026535,0.000258,0.998856,0.000407,-0.003916,-0.000942,-0.490061,0.000085
2.695000,0.025947,-0.001571,0.998856,0.000429,-0.003890,-0.000944,-0.490062,0.000085
2.696000,0.025826,0.000808,0.998853,0.000400,-0.003864,-0.000943,-0.490063,0.000085
2.697000,0.026199,-0.000443,0.998847,0.000414,-0.003838,-0.000943,-0.490064,0.000086
2.698000,0.025359,-0.000335,0.998849,0.000413,-0.003812,-0.000944,-0.490065,0.000086
2.699000,0.025346,0.000061,0.998845,0.000408,-0.003787,-0.000944,-0.490066,0.000087
2.700000,0.025302,0.000584,0.998841,0.000430,-0.003762,-0.000943,-0.490068,0.000087
2.701000,0.024969,0.001878,0.998840,0.000414,-0.003737,-0.000941,-0.490069,0.000088
2.702000,0.023196,0.003611,0.998848,0.000392,-0.003714,-0.000938,-0.490070,0.000088
2.703000,0.024308,0.001090,0.998838,0.000420,-0.003689,-0.000937,-0.490071,0.000088
2.704000,0.023340,0.000285,0.998840,0.000429,-0.003666,-0.000936,-0.490072,0.000089
2.705000,0.024164,0.001496,0.998832,0.000413,-0.003642,-0.000935,-0.490073,0.000089
2.706000,0.024757,0.000698,0.998825,0.000422,-0.003617,-0.000934,-0.490075,0.000090
2.707000,0.023759,0.000616,0.998828,0.000422,-0.003593,-0.000934,-0.490076,0.000090
2.708000,0.023628,0.001929,0.998826,0.000406,-0.003570,-0.000932,-0.490077,0.000090
2.709000,0.023500,0.002286,0.998823,0.000400,-0.003546,-0.000929,-0.490078,0.000091
2.710000,0.022824,-0.000115,0.998824,0.000427,-0.003523,-0.000929,-0.490079,0.000091
2.711000,0.022869,0.002178,0.998821,0.000399,-0.003500,-0.000927,-0.490080,0.000092
2.712000,0.022508,0.000882,0.998820,0.000413,-0.003478,-0.000926,-0.490082,0.000092
2.713000,0.023101,0.001705,0.998814,0.000403,-0.003455,-0.000925,-0.490083,0.000093
2.714000,0.021784,0.000763,0.998819,0.000413,-0.003433,-0.000924,-0.490084,0.000093
2.715000,0.021968,0.001846,0.998815,0.000399,-0.003411,-0.000922,-0.490085,0.000093
2.716000,0.021466,0.000000,0.998816,0.000420,-0.003390,-0.000922,-0.490086,0.000094
2.717000,0.021130,-0.000086,0.998815,0.000420,-0.003369,-0.000922,-0.490087,0.000094
2.718000,0.022475,0.000444,0.998804,0.000413,-0.003346,-0.000922,-0.490089,0.000095
2.719000,0.021773,0.001517,0.998806,0.000400,-0.003324,-0.000920,-0.490090,0.000095
2.720000,0.022649,-0.000175,0.998797,0.000419,-0.003302,-0.000920,-0.490091,0.000095
2.721000,0.021988,0.000802,0.998799,0.000407,-0.003280,-0.000920,-0.490092,0.000096
2.722000,0.023198,0.001554,0.998788,0.000397,-0.003256,-0.000918,-0.490093,0.000096
2.723000,0.022957,-0.001691,0.998787,0.000435,-0.003233,-0.000920,-0.490095,0.000097
2.724000,0.021305,0.000059,0.998795,0.000414,-0.003212,-0.000920,-0.490096,0.000097
2.725000,0.022325,0.001433,0.998786,0.000397,-0.003190,-0.000918,-0.490097,0.000097
2.726000,0.022247,0.000861,0.998783,0.000403,-0.003168,-0.000917,-0.490098,0.000098
2.727000,0.020744,0.001091,0.998790,0.000399,-0.003147,-0.000916,-0.490100,0.000098
2.728000,0.021663,-0.000627,0.998782,0.000419,-0.003125,-0.000917,-0.490101,0.000099
2.729000,0.020718,-0.000787,0.998785,0.000420,-0.003104,-0.000918,-0.490102,0.000099
2.730000,0.021194,0.000910,0.998780,0.000400,-0.003083,-0.000917,-0.490103,0.000100
2.731000,0.021476,-0.000765,0.998776,0.000419,-0.003062,-0.000918,-0.490104,0.000100
2.732000,0.020642,0.000397,0.998778,0.000405,-0.003041,-0.000917,-0.490106,0.000100
2.733000,0.019630,-0.000371,0.998782,0.000413,-0.003022,-0.000917,-0.490107,0.000101
2.734000,0.021096,-0.001044,0.998771,0.000421,-0.003000,-0.000919,-0.490108,0.000101
2.735000,0.020928,-0.001054,0.998770,0.000421,-0.002980,-0.000920,-0.490109,0.000102
2.736000,0.021025,-0.000449,0.998767,0.000414,-0.002958,-0.000920,-0.490110,0.000102
2.737000,0.022249,-0.001254,0.998756,0.000423,-0.002936,-0.000921,-0.490112,0.000102
2.738000,0.019966,-0.001095,0.998768,0.000421,-0.002916,-0.000922,-0.490113,0.000103
2.739000,0.020554,0.000271,0.998762,0.000405,-0.002896,-0.000922,-0.490114,0.000103
2.740000,0.020011,0.000226,0.998763,0.000405,-0.002876,-0.000922,-0.490115,0.000104
2.741000,0.019694,-0.002261,0.998763,0.000434,-0.002856,-0.000924,-0.490117,0.000104
2.742000,0.018792,-0.000724,0.998767,0.000416,-0.002837,-0.000925,-0.490118,0.000105
2.743000,0.019683,0.002164,0.998759,0.000381,-0.002818,-0.000923,-0.490119,0.000105
2.744000,0.020528,-0.000214,0.998752,0.000408,-0.002797,-0.000923,-0.490120,0.000105
2.745000,0.020364,-0.000053,0.998751,0.000406,-0.002777,-0.000923,-0.490122,0.000106
2.746000,0.020226,-0.001851,0.998749,0.000427,-0.002756,-0.000925,-0.490123,0.000106
2.747000,0.020197,-0.000667,0.998747,0.000413,-0.002736,-0.000925,-0.490124,0.000107
2.748000,0.019705,-0.000204,0.998748,0.000407,-0.002717,-0.000926,-0.490125,0.000107
2.749000,0.016816,-0.000694,0.998765,0.000412,-0.002700,-0.000926,-0.490127,0.000107
2.750000,0.019735,0.001776,0.998744,0.000383,-0.002680,-0.000925,-0.490128,0.000108
2.751000,0.020309,0.000032,0.998739,0.000402,-0.002660,-0.000925,-0.490129,0.000108
2.752000,0.017539,-0.000804,0.998754,0.000412,-0.002642,-0.000925,-0.490130,0.000109
2.753000,0.017379,-0.001315,0.998754,0.000418,-0.002625,-0.000927,-0.490132,0.000109
2.754000,0.018438,0.000173,0.998745,0.000400,-0.002606,-0.000927,-0.490133,0.000109
2.755000,0.018048,-0.002106,0.998746,0.000427,-0.002588,-0.000929,-0.490134,0.000110
2.756000,0.017862,-0.000175,0.998746,0.000404,-0.002570,-0.000929,-0.490135,0.000110
2.757000,0.017696,-0.000846,0.998745,0.000411,-0.002553,-0.000930,-0.490137,0.000111
2.758000,0.017314,-0.000861,0.998746,0.000411,-0.002535,-0.000931,-0.490138,0.000111
2.759000,0.015620,0.000884,0.998755,0.000391,-0.002520,-0.000930,-0.490139,0.000111
2.760000,0.015598,0.000528,0.998754,0.000394,-0.002504,-0.000929,-0.490140,0.000112
2.761000,0.017787,-0.001662,0.998739,0.000419,-0.002486,-0.000931,-0.490142,0.000112
2.762000,0.017288,-0.000456,0.998741,0.000405,-0.002469,-0.000931,-0.490143,0.000113
2.763000,0.015967,-0.000842,0.998748,0.000409,-0.002453,-0.000932,-0.490144,0.000113
2.764000,0.015424,-0.001152,0.998750,0.000413,-0.002438,-0.000933,-0.490145,0.000114
2.765000,0.014393,-0.000836,0.998755,0.000409,-0.002423,-0.000934,-0.490147,0.000114
2.766000,0.015617,-0.001682,0.998747,0.000419,-0.002408,-0.000936,-0.490148,0.000114
2.767000,0.014167,-0.000400,0.998755,0.000404,-0.002394,-0.000936,-0.490149,0.000115
2.768000,0.015106,-0.001225,0.998748,0.000413,-0.002378,-0.000937,-0.490150,0.000115
2.769000,0.014341,-0.000444,0.998752,0.000404,-0.002364,-0.000938,-0.490152,0.000116
2.770000,0.013895,-0.000233,0.998754,0.000401,-0.002350,-0.000938,-0.490153,0.000116
2.771000,0.014498,-0.001122,0.998749,0.000412,-0.002336,-0.000939,-0.490154,0.000116
2.772000,0.014761,-0.001799,0.998747,0.000420,-0.002321,-0.000941,-0.490155,0.000117
2.773000,0.013515,-0.000493,0.998754,0.000404,-0.002307,-0.000941,-0.490157,0.000117
2.774000,0.012263,0.000695,0.998761,0.000390,-0.002295,-0.000941,-0.490158,0.000118
2.775000,0.014724,0.000273,0.998745,0.000394,-0.002280,-0.000940,-0.490159,0.000118
2.776000,0.012118,0.000739,0.998761,0.000388,-0.002268,-0.000940,-0.490160,0.000118
2.777000,0.012188,-0.001974,0.998760,0.000419,-0.002256,-0.000942,-0.490162,0.000119
2.778000,0.013387,-0.001288,0.998752,0.000412,-0.002243,-0.000943,-0.490163,0.000119
2.779000,0.012106,-0.002652,0.998760,0.000428,-0.002231,-0.000946,-0.490164,0.000120
2.780000,0.011182,-0.000609,0.998765,0.000404,-0.002219,-0.000946,-0.490165,0.000120
2.781000,0.010295,-0.000647,0.998771,0.000404,-0.002209,-0.000947,-0.490166,0.000120
2.782000,0.010061,-0.001350,0.998773,0.000412,-0.002199,-0.000948,-0.490168,0.000121
2.783000,0.011262,-0.000746,0.998765,0.000405,-0.002188,-0.000949,-0.490169,0.000121
2.784000,0.011126,-0.001799,0.998766,0.000418,-0.002177,-0.000951,-0.490170,0.000122
2.785000,0.011410,-0.000588,0.998764,0.000403,-0.002165,-0.000951,-0.490171,0.000122
2.786000,0.010753,-0.001342,0.998768,0.000412,-0.002155,-0.000953,-0.490173,0.000123
2.787000,0.010881,-0.000831,0.998767,0.000406,-0.002144,-0.000954,-0.490174,0.000123
2.788000,0.011236,-0.000508,0.998765,0.000402,-0.002132,-0.000954,-0.490175,0.000123
2.789000,0.012128,-0.002644,0.998759,0.000427,-0.002120,-0.000957,-0.490176,0.000124
2.790000,0.009492,0.001182,0.998775,0.000382,-0.002111,-0.000956,-0.490178,0.000124
2.791000,0.010943,-0.000563,0.998766,0.000402,-0.002100,-0.000956,-0.490179,0.000125
2.792000,0.011680,-0.001321,0.998762,0.000411,-0.002088,-0.000957,-0.490180,0.000125
2.793000,0.010513,-0.002034,0.998769,0.000419,-0.002078,-0.000959,-0.490181,0.000125
2.794000,0.010466,-0.001341,0.998769,0.000411,-0.002067,-0.000961,-0.490182,0.000126
2.795000,0.010726,-0.000725,0.998768,0.000404,-0.002056,-0.000962,-0.490184,0.000126
2.796000,0.010170,-0.000041,0.998771,0.000396,-0.002046,-0.000962,-0.490185,0.000127
2.797000,0.009667,-0.000866,0.998774,0.000405,-0.002037,-0.000962,-0.490186,0.000127
2.798000,0.010563,0.000008,0.998769,0.000395,-0.002026,-0.000962,-0.490187,0.000127
2.799000,0.010025,-0.001391,0.998772,0.000411,-0.002016,-0.000964,-0.490189,0.000128
2.800000,0.009808,0.000400,0.998774,0.000390,-0.002006,-0.000963,-0.490190,0.000128
2.801000,0.010529,-0.000866,0.998769,0.000404,-0.001996,-0.000964,-0.490191,0.000129
2.802000,0.010600,0.000467,0.998769,0.000388,-0.001985,-0.000964,-0.490192,0.000129
2.803000,0.010096,-0.000954,0.998772,0.000404,-0.001975,-0.000965,-0.490194,0.000129
2.804000,0.011277,-0.000788,0.998765,0.000402,-0.001964,-0.000966,-0.490195,0.000130
2.805000,0.010002,-0.001257,0.998773,0.000408,-0.001954,-0.000967,-0.490196,0.000130
2.806000,0.009698,-0.000093,0.998775,0.000394,-0.001944,-0.000967,-0.490197,0.000131
2.807000,0.010381,-0.000890,0.998771,0.000403,-0.001934,-0.000968,-0.490198,0.000131
2.808000,0.010724,-0.000918,0.998769,0.000403,-0.001923,-0.000969,-0.490200,0.000131
2.809000,0.010917,-0.000237,0.998767,0.000395,-0.001912,-0.000969,-0.490201,0.000132
2.810000,0.011294,0.000351,0.998765,0.000387,-0.001901,-0.000969,-0.490202,0.000132
2.811000,0.009760,-0.001636,0.998775,0.000410,-0.001891,-0.000970,-0.490203,0.000133
2.812000,0.011648,-0.002246,0.998763,0.000418,-0.001879,-0.000972,-0.490205,0.000133
2.813000,0.010904,-0.000279,0.998767,0.000395,-0.001868,-0.000973,-0.490206,0.000133
2.814000,0.011463,-0.000924,0.998764,0.000402,-0.001857,-0.000974,-0.490207,0.000134
2.815000,0.010265,-0.000321,0.998771,0.000395,-0.001847,-0.000974,-0.490208,0.000134
2.816000,0.011590,-0.000349,0.998763,0.000395,-0.001835,-0.000974,-0.490210,0.000135
2.817000,0.011607,0.000769,0.998763,0.000381,-0.001823,-0.000974,-0.490211,0.000135
2.818000,0.010952,-0.000888,0.998766,0.000400,-0.001813,-0.000974,-0.490212,0.000135
2.819000,0.010515,-0.001087,0.998769,0.000402,-0.001802,-0.000976,-0.490213,0.000136
2.820000,0.011249,-0.001062,0.998765,0.000402,-0.001791,-0.000977,-0.490214,0.000136
2.821000,0.009892,-0.002390,0.998773,0.000418,-0.001781,-0.000979,-0.490216,0.000137
2.822000,0.012422,-0.000422,0.998757,0.000395,-0.001768,-0.000979,-0.490217,0.000137
2.823000,0.011527,-0.003070,0.998762,0.000426,-0.001757,-0.000982,-0.490218,0.000137
2.824000,0.011925,-0.001007,0.998760,0.000402,-0.001745,-0.000984,-0.490219,0.000138
2.825000,0.011226,-0.001698,0.998764,0.000410,-0.001734,-0.000985,-0.490221,0.000138
2.826000,0.010910,-0.001070,0.998766,0.000403,-0.001723,-0.000986,-0.490222,0.000139
2.827000,0.011530,-0.000999,0.998762,0.000402,-0.001711,-0.000987,-0.490223,0.000139
2.828000,0.012137,-0.000395,0.998758,0.000395,-0.001699,-0.000988,-0.490224,0.000139
2.829000,0.010642,0.000207,0.998767,0.000387,-0.001689,-0.000987,-0.490226,0.000140
2.830000,0.012036,-0.001778,0.998758,0.000410,-0.001677,-0.000989,-0.490227,0.000140
2.831000,0.012525,-0.000539,0.998755,0.000396,-0.001664,-0.000990,-0.490228,0.000141
2.832000,0.012221,-0.002289,0.998756,0.000416,-0.001652,-0.000992,-0.490229,0.000141
2.833000,0.012186,-0.000377,0.998756,0.000394,-0.001640,-0.000992,-0.490231,0.000141
2.834000,0.012376,-0.001139,0.998755,0.000403,-0.001627,-0.000994,-0.490232,0.000142
2.835000,0.011693,-0.001768,0.998758,0.000410,-0.001616,-0.000995,-0.490233,0.000142
2.836000,0.011495,-0.003067,0.998760,0.000426,-0.001604,-0.000998,-0.490234,0.000143
2.837000,0.012466,-0.001693,0.998753,0.000410,-0.001592,-0.001000,-0.490236,0.000143
2.838000,0.011853,-0.000360,0.998757,0.000395,-0.001580,-0.001000,-0.490237,0.000143
2.839000,0.012303,-0.000395,0.998754,0.000395,-0.001567,-0.001001,-0.490238,0.000144
2.840000,0.012943,0.000257,0.998749,0.000387,-0.001554,-0.001001,-0.490239,0.000144
2.841000,0.013268,-0.000471,0.998747,0.000395,-0.001541,-0.001001,-0.490240,0.000145
2.842000,0.013009,-0.002495,0.998748,0.000418,-0.001528,-0.001004,-0.490242,0.000145
2.843000,0.012691,0.000070,0.998749,0.000388,-0.001515,-0.001003,-0.490243,0.000145
2.844000,0.012697,-0.001629,0.998749,0.000408,-0.001503,-0.001005,-0.490244,0.000146
2.845000,0.013299,-0.001725,0.998744,0.000409,-0.001489,-0.001007,-0.490246,0.000146
2.846000,0.015074,-0.000627,0.998732,0.000396,-0.001474,-0.001007,-0.490247,0.000147
2.847000,0.012519,0.000211,0.998748,0.000386,-0.001462,-0.001007,-0.490248,0.000147
2.848000,0.014166,-0.000391,0.998737,0.000393,-0.001448,-0.001008,-0.490249,0.000147
2.849000,0.013309,0.002048,0.998742,0.000364,-0.001434,-0.001006,-0.490251,0.000148
2.850000,0.013777,-0.000405,0.998738,0.000391,-0.001421,-0.001006,-0.490252,0.000148
2.851000,0.014660,0.000318,0.998732,0.000382,-0.001406,-0.001006,-0.490253,0.000149
2.852000,0.015569,-0.000133,0.998725,0.000387,-0.001390,-0.001006,-0.490254,0.000149
2.853000,0.014999,0.001093,0.998728,0.000372,-0.001375,-0.001005,-0.490256,0.000149
2.854000,0.015404,-0.001230,0.998724,0.000399,-0.001360,-0.001006,-0.490257,0.000150
2.855000,0.014195,-0.000192,0.998731,0.000387,-0.001346,-0.001006,-0.490258,0.000150
2.856000,0.016981,-0.000013,0.998712,0.000384,-0.001329,-0.001006,-0.490259,0.000151
2.857000,0.015874,0.000091,0.998718,0.000382,-0.001313,-0.001006,-0.490261,0.000151
2.858000,0.014784,0.000569,0.998724,0.000376,-0.001298,-0.001006,-0.490262,0.000151
2.859000,0.015178,-0.001444,0.998721,0.000399,-0.001283,-0.001007,-0.490263,0.000152
2.860000,0.015699,-0.000413,0.998716,0.000387,-0.001267,-0.001007,-0.490265,0.000152
2.861000,0.015637,0.001498,0.998716,0.000364,-0.001252,-0.001006,-0.490266,0.000152
2.862000,0.015069,-0.000207,0.998718,0.000383,-0.001237,-0.001006,-0.490267,0.000153
2.863000,0.014751,-0.001648,0.998719,0.000400,-0.001222,-0.001008,-0.490268,0.000153
2.864000,0.017852,-0.000364,0.998699,0.000385,-0.001204,-0.001008,-0.490270,0.000154
2.865000,0.017080,0.000116,0.998702,0.000379,-0.001187,-0.001008,-0.490271,0.000154
2.866000,0.017434,0.001549,0.998698,0.000361,-0.001169,-0.001006,-0.490272,0.000154
2.867000,0.017674,-0.001088,0.998695,0.000392,-0.001152,-0.001008,-0.490274,0.000155
2.868000,0.018347,-0.000916,0.998690,0.000390,-0.001133,-0.001008,-0.490275,0.000155
2.869000,0.017375,0.000142,0.998694,0.000377,-0.001116,-0.001008,-0.490276,0.000156
2.870000,0.016607,-0.002511,0.998698,0.000408,-0.001099,-0.001011,-0.490278,0.000156
2.871000,0.018555,0.000759,0.998684,0.000369,-0.001081,-0.001010,-0.490279,0.000156
2.872000,0.019193,-0.000722,0.998678,0.000386,-0.001062,-0.001011,-0.490280,0.000157
2.873000,0.018780,-0.001088,0.998679,0.000390,-0.001043,-0.001012,-0.490281,0.000157
2.874000,0.019312,0.000090,0.998674,0.000376,-0.001024,-0.001012,-0.490283,0.000157
2.875000,0.019130,0.001331,0.998673,0.000361,-0.001005,-0.001010,-0.490284,0.000158
2.876000,0.019751,-0.001470,0.998667,0.000393,-0.000985,-0.001012,-0.490285,0.000158
2.877000,0.019122,-0.000252,0.998670,0.000379,-0.000966,-0.001012,-0.490287,0.000159
2.878000,0.020704,-0.001435,0.998658,0.000393,-0.000945,-0.001014,-0.490288,0.000159
2.879000,0.020727,-0.001973,0.998655,0.000399,-0.000924,-0.001016,-0.490289,0.000159
2.880000,0.020112,-0.001303,0.998657,0.000392,-0.000904,-0.001017,-0.490291,0.000160
2.881000,0.021452,-0.000518,0.998647,0.000382,-0.000883,-0.001017,-0.490292,0.000160
2.882000,0.020292,-0.001391,0.998652,0.000392,-0.000862,-0.001019,-0.490294,0.000161
2.883000,0.020486,0.001076,0.998649,0.000363,-0.000842,-0.001018,-0.490295,0.000161
2.884000,0.022008,0.001152,0.998637,0.000361,-0.000820,-0.001017,-0.490296,0.000161
2.885000,0.020237,-0.000794,0.998646,0.000384,-0.000800,-0.001017,-0.490298,0.000162
2.886000,0.022123,-0.000078,0.998632,0.000375,-0.000777,-0.001017,-0.490299,0.000162
2.887000,0.021102,-0.000903,0.998636,0.000384,-0.000756,-0.001018,-0.490300,0.000162
2.888000,0.021590,-0.000351,0.998630,0.000377,-0.000735,-0.001019,-0.490302,0.000163
2.889000,0.020294,-0.002326,0.998636,0.000401,-0.000715,-0.001021,-0.490303,0.000163
2.890000,0.021264,-0.000448,0.998628,0.000379,-0.000693,-0.001021,-0.490304,0.000164
2.891000,0.021470,0.000367,0.998625,0.000369,-0.000672,-0.001021,-0.490306,0.000164
2.892000,0.020866,-0.000924,0.998626,0.000384,-0.000651,-0.001022,-0.490307,0.000164
2.893000,0.020710,-0.001076,0.998625,0.000385,-0.000630,-0.001023,-0.490309,0.000165
2.894000,0.022753,-0.001418,0.998610,0.000389,-0.000607,-0.001024,-0.490310,0.000165
2.895000,0.021849,-0.000748,0.998613,0.000381,-0.000586,-0.001025,-0.490311,0.000166
2.896000,0.021230,-0.000976,0.998615,0.000384,-0.000564,-0.001026,-0.490313,0.000166
2.897000,0.022060,-0.000370,0.998608,0.000377,-0.000542,-0.001027,-0.490314,0.000166
2.898000,0.023403,-0.000427,0.998597,0.000377,-0.000519,-0.001027,-0.490315,0.000167
2.899000,0.023825,-0.001763,0.998591,0.000392,-0.000495,-0.001029,-0.490317,0.000167
2.900000,0.021385,-0.001132,0.998604,0.000385,-0.000474,-0.001030,-0.490318,0.000167
2.901000,0.022317,0.000698,0.998596,0.000363,-0.000451,-0.001029,-0.490320,0.000168
2.902000,0.022514,-0.001795,0.998592,0.000392,-0.000429,-0.001031,-0.490321,0.000168
2.903000,0.023087,-0.000410,0.998586,0.000376,-0.000406,-0.001031,-0.490323,0.000169
2.904000,0.022598,-0.000261,0.998587,0.000374,-0.000383,-0.001032,-0.490324,0.000169
2.905000,0.024039,-0.001935,0.998575,0.000394,-0.000359,-0.001034,-0.490325,0.000169
2.906000,0.021794,-0.000455,0.998587,0.000376,-0.000337,-0.001034,-0.490327,0.000170
2.907000,0.022467,-0.001069,0.998580,0.000383,-0.000315,-0.001035,-0.490328,0.000170
2.908000,0.021307,0.000240,0.998585,0.000368,-0.000294,-0.001035,-0.490330,0.000170
2.909000,0.022589,-0.002422,0.998575,0.000399,-0.000271,-0.001037,-0.490331,0.000171
2.910000,0.022065,-0.002372,0.998576,0.000399,-0.000249,-0.001040,-0.490332,0.000171
2.911000,0.021658,-0.001705,0.998576,0.000391,-0.000227,-0.001041,-0.490334,0.000172
2.912000,0.023110,-0.000394,0.998565,0.000376,-0.000204,-0.001042,-0.490335,0.000172
2.913000,0.021792,-0.001101,0.998571,0.000384,-0.000182,-0.001043,-0.490337,0.000172
2.914000,0.020792,0.000270,0.998575,0.000368,-0.000162,-0.001043,-0.490338,0.000173
2.915000,0.020717,-0.001152,0.998574,0.000384,-0.000141,-0.001044,-0.490340,0.000173
2.916000,0.021140,-0.001077,0.998569,0.000383,-0.000120,-0.001045,-0.490341,0.000174
2.917000,0.020318,0.000221,0.998572,0.000368,-0.000099,-0.001045,-0.490342,0.000174
2.918000,0.021681,-0.000505,0.998562,0.000376,-0.000078,-0.001045,-0.490344,0.000174
2.919000,0.020290,-0.001222,0.998568,0.000384,-0.000057,-0.001046,-0.490345,0.000175
2.920000,0.021151,-0.000539,0.998561,0.000376,-0.000036,-0.001047,-0.490347,0.000175
2.921000,0.020179,-0.000543,0.998565,0.000376,-0.000016,-0.001047,-0.490348,0.000175
2.922000,0.020238,-0.001880,0.998563,0.000391,0.000004,-0.001049,-0.490350,0.000176
2.923000,0.020418,-0.001241,0.998560,0.000384,0.000025,-0.001051,-0.490351,0.000176
2.924000,0.019190,-0.001156,0.998566,0.000383,0.000044,-0.001052,-0.490352,0.000177
2.925000,0.019211,0.000137,0.998564,0.000368,0.000063,-0.001052,-0.490354,0.000177
2.926000,0.018622,-0.000758,0.998566,0.000378,0.000082,-0.001052,-0.490355,0.000177
2.927000,0.017840,-0.000511,0.998570,0.000375,0.000099,-0.001053,-0.490357,0.000178
2.928000,0.019573,-0.001187,0.998558,0.000382,0.000119,-0.001054,-0.490358,0.000178
2.929000,0.018423,-0.001151,0.998563,0.000382,0.000137,-0.001055,-0.490360,0.000179
2.930000,0.017159,-0.001052,0.998570,0.000381,0.000155,-0.001056,-0.490361,0.000179
2.931000,0.017725,-0.000706,0.998565,0.000377,0.000172,-0.001057,-0.490363,0.000179
2.932000,0.018418,-0.000451,0.998560,0.000373,0.000191,-0.001057,-0.490364,0.000180
2.933000,0.017556,-0.001207,0.998564,0.000382,0.000208,-0.001059,-0.490365,0.000180
2.934000,0.015918,-0.000008,0.998573,0.000368,0.000224,-0.001059,-0.490367,0.000180
2.935000,0.017279,-0.001383,0.998563,0.000384,0.000241,-0.001060,-0.490368,0.000181
2.936000,0.015412,-0.000681,0.998574,0.000376,0.000257,-0.001061,-0.490370,0.000181
2.937000,0.017057,-0.001492,0.998563,0.000385,0.000274,-0.001062,-0.490371,0.000182
2.938000,0.015740,-0.001820,0.998570,0.000389,0.000290,-0.001064,-0.490373,0.000182
2.939000,0.015545,-0.001305,0.998571,0.000383,0.000305,-0.001065,-0.490374,0.000182
2.940000,0.016452,0.000565,0.998564,0.000361,0.000322,-0.001065,-0.490375,0.000183
2.941000,0.017013,0.000663,0.998560,0.000359,0.000339,-0.001064,-0.490377,0.000183
2.942000,0.015925,-0.000028,0.998566,0.000367,0.000355,-0.001064,-0.490378,0.000183
2.943000,0.014514,-0.000559,0.998574,0.000373,0.000369,-0.001065,-0.490380,0.000184
2.944000,0.015654,-0.001371,0.998566,0.000382,0.000385,-0.001066,-0.490381,0.000184
2.945000,0.015222,-0.002737,0.998568,0.000398,0.000400,-0.001069,-0.490383,0.000185
2.946000,0.015819,-0.002241,0.998564,0.000393,0.000416,-0.001071,-0.490384,0.000185
2.947000,0.013786,-0.000569,0.998576,0.000374,0.000430,-0.001072,-0.490385,0.000185
2.948000,0.014119,-0.000696,0.998573,0.000375,0.000444,-0.001072,-0.490387,0.000186
2.949000,0.016225,-0.000756,0.998560,0.000375,0.000460,-0.001073,-0.490388,0.000186
2.950000,0.015210,0.000529,0.998565,0.000360,0.000475,-0.001072,-0.490390,0.000186
2.951000,0.014284,-0.001456,0.998570,0.000383,0.000489,-0.001074,-0.490391,0.000187
2.952000,0.013774,-0.001446,0.998573,0.000383,0.000503,-0.001075,-0.490393,0.000187
2.953000,0.013690,-0.000981,0.998573,0.000378,0.000517,-0.001076,-0.490394,0.000188
2.954000,0.014390,-0.003264,0.998569,0.000405,0.000531,-0.001080,-0.490395,0.000188
2.955000,0.012550,-0.001384,0.998580,0.000383,0.000544,-0.001081,-0.490397,0.000188
2.956000,0.014179,-0.001514,0.998570,0.000385,0.000558,-0.001083,-0.490398,0.000189
2.957000,0.015387,-0.002042,0.998561,0.000391,0.000573,-0.001085,-0.490400,0.000189
2.958000,0.014981,-0.001147,0.998563,0.000381,0.000588,-0.001086,-0.490401,0.000190
2.959000,0.015568,-0.000632,0.998559,0.000375,0.000604,-0.001086,-0.490403,0.000190
2.960000,0.014378,-0.001389,0.998566,0.000384,0.000618,-0.001088,-0.490404,0.000190
2.961000,0.013496,-0.000706,0.998571,0.000376,0.000632,-0.001088,-0.490406,0.000191
2.962000,0.012387,-0.001412,0.998578,0.000384,0.000644,-0.001090,-0.490407,0.000191
2.963000,0.014490,-0.000192,0.998564,0.000369,0.000659,-0.001090,-0.490408,0.000191
2.964000,0.013497,-0.001886,0.998570,0.000389,0.000672,-0.001092,-0.490410,0.000192
2.965000,0.013264,-0.000138,0.998572,0.000369,0.000685,-0.001092,-0.490411,0.000192
2.966000,0.012925,-0.001254,0.998574,0.000382,0.000698,-0.001093,-0.490413,0.000193
2.967000,0.013644,-0.001386,0.998569,0.000383,0.000712,-0.001095,-0.490414,0.000193
2.968000,0.012189,-0.000204,0.998578,0.000369,0.000724,-0.001095,-0.490416,0.000193
2.969000,0.013228,-0.000680,0.998571,0.000374,0.000737,-0.001096,-0.490417,0.000194
2.970000,0.012749,-0.000555,0.998574,0.000373,0.000750,-0.001096,-0.490418,0.000194
2.971000,0.014592,-0.000210,0.998562,0.000368,0.000765,-0.001096,-0.490420,0.000194
2.972000,0.013428,-0.001320,0.998569,0.000381,0.000778,-0.001098,-0.490421,0.000195
2.973000,0.011710,-0.000933,0.998580,0.000377,0.000790,-0.001099,-0.490423,0.000195
2.974000,0.012689,-0.001340,0.998574,0.000382,0.000803,-0.001100,-0.490424,0.000196
2.975000,0.012750,-0.000247,0.998573,0.000369,0.000815,-0.001100,-0.490426,0.000196
2.976000,0.013189,-0.000835,0.998570,0.000375,0.000829,-0.001101,-0.490427,0.000196
2.977000,0.012454,0.000516,0.998575,0.000359,0.000841,-0.001101,-0.490428,0.000197
2.978000,0.012334,-0.000156,0.998576,0.000366,0.000853,-0.001101,-0.490430,0.000197
2.979000,0.012866,-0.000166,0.998572,0.000366,0.000866,-0.001101,-0.490431,0.000197
2.980000,0.012128,-0.000819,0.998577,0.000374,0.000878,-0.001102,-0.490433,0.000198
2.981000,0.010956,-0.000908,0.998585,0.000374,0.000889,-0.001103,-0.490434,0.000198
2.982000,0.013104,-0.000315,0.998571,0.000367,0.000902,-0.001103,-0.490436,0.000199
2.983000,0.013018,-0.000079,0.998571,0.000364,0.000915,-0.001103,-0.490437,0.000199
2.984000,0.012643,-0.002221,0.998574,0.000389,0.000928,-0.001105,-0.490438,0.000199
2.985000,0.013208,-0.001538,0.998570,0.000382,0.000941,-0.001107,-0.490440,0.000200
2.986000,0.014248,-0.000240,0.998563,0.000366,0.000956,-0.001107,-0.490441,0.000200
2.987000,0.013411,-0.000892,0.998568,0.000374,0.000969,-0.001108,-0.490443,0.000200
2.988000,0.011834,0.000408,0.998578,0.000358,0.000981,-0.001107,-0.490444,0.000201
2.989000,0.013472,0.000977,0.998568,0.000351,0.000994,-0.001106,-0.490446,0.000201
2.990000,0.012433,0.000133,0.998574,0.000360,0.001007,-0.001106,-0.490447,0.000202
2.991000,0.012671,-0.000358,0.998573,0.000365,0.001019,-0.001107,-0.490448,0.000202
2.992000,0.012396,0.001066,0.998574,0.000348,0.001032,-0.001106,-0.490450,0.000202
2.993000,0.012362,-0.001079,0.998574,0.000373,0.001044,-0.001107,-0.490451,0.000203
2.994000,0.013418,-0.000509,0.998568,0.000366,0.001058,-0.001107,-0.490453,0.000203
2.995000,0.012161,0.000135,0.998576,0.000358,0.001070,-0.001107,-0.490454,0.000203
2.996000,0.013762,-0.000078,0.998565,0.000360,0.001083,-0.001107,-0.490456,0.000204
2.997000,0.011497,-0.001158,0.998579,0.000372,0.001095,-0.001108,-0.490457,0.000204
2.998000,0.013427,-0.000578,0.998567,0.000365,0.001108,-0.001109,-0.490458,0.000204
2.999000,0.013194,-0.000642,0.998569,0.000366,0.001122,-0.001110,-0.490460,0.000205
3.000000,0.012204,-0.004750,0.998576,0.000342,0.001134,-0.001114,-0.490461,0.000205
3.001000,0.013780,-0.005570,0.998566,0.000354,0.001148,-0.001120,-0.490463,0.000205
3.002000,0.013126,-0.007422,0.998570,0.000378,0.001161,-0.001127,-0.490464,0.000206
3.003000,0.011553,-0.006134,0.998580,0.000365,0.001172,-0.001133,-0.490466,0.000206
3.004000,0.012150,-0.008028,0.998576,0.000389,0.001184,-0.001141,-0.490467,0.000207
3.005000,0.012161,-0.003996,0.998576,0.000344,0.001197,-0.001145,-0.490468,0.000207
3.006000,0.013625,-0.005554,0.998567,0.000364,0.001210,-0.001151,-0.490470,0.000207
3.007000,0.012439,-0.006137,0.998574,0.000373,0.001223,-0.001157,-0.490471,0.000208
3.008000,0.013100,-0.005543,0.998570,0.000368,0.001236,-0.001163,-0.490473,0.000208
3.009000,0.011027,-0.005745,0.998583,0.000372,0.001247,-0.001168,-0.490474,0.000208
3.010000,0.012894,-0.005039,0.998571,0.000366,0.001260,-0.001173,-0.490476,0.000209
3.011000,0.011810,-0.004393,0.998578,0.000359,0.001271,-0.001178,-0.490477,0.000209
3.012000,0.012941,-0.005961,0.998571,0.000380,0.001284,-0.001184,-0.490478,0.000210
3.013000,0.013005,-0.003403,0.998570,0.000351,0.001297,-0.001187,-0.490480,0.000210
3.014000,0.013686,-0.004568,0.998566,0.000366,0.001311,-0.001192,-0.490481,0.000210
3.015000,0.011871,-0.004474,0.998577,0.000366,0.001323,-0.001196,-0.490483,0.000211
3.016000,0.012659,-0.004001,0.998572,0.000362,0.001336,-0.001200,-0.490484,0.000211
3.017000,0.013514,-0.004015,0.998567,0.000363,0.001349,-0.001204,-0.490486,0.000211
3.018000,0.012180,-0.003872,0.998575,0.000363,0.001361,-0.001208,-0.490487,0.000212
3.019000,0.012379,-0.003592,0.998574,0.000361,0.001374,-0.001212,-0.490488,0.000212
3.020000,0.012910,-0.002271,0.998570,0.000346,0.001387,-0.001214,-0.490490,0.000212
3.021000,0.013668,-0.002735,0.998565,0.000352,0.001400,-0.001217,-0.490491,0.000213
3.022000,0.012578,-0.003550,0.998572,0.000362,0.001413,-0.001220,-0.490493,0.000213
3.023000,0.013413,-0.004869,0.998567,0.000379,0.001426,-0.001225,-0.490494,0.000214
3.024000,0.013835,-0.004768,0.998564,0.000379,0.001440,-0.001230,-0.490496,0.000214
3.025000,0.011071,-0.003407,0.998581,0.000365,0.001451,-0.001233,-0.490497,0.000214
3.026000,0.012843,-0.002650,0.998570,0.000357,0.001464,-0.001236,-0.490498,0.000215
3.027000,0.013009,-0.002585,0.998569,0.000357,0.001477,-0.001239,-0.490500,0.000215
3.028000,0.011424,-0.003838,0.998579,0.000372,0.001488,-0.001242,-0.490501,0.000215
3.029000,0.013905,-0.002529,0.998563,0.000358,0.001502,-0.001245,-0.490503,0.000216
3.030000,0.012074,-0.004827,0.998575,0.000386,0.001514,-0.001250,-0.490504,0.000216
3.031000,0.012885,-0.004193,0.998570,0.000380,0.001527,-0.001254,-0.490506,0.000217
3.032000,0.011990,-0.003438,0.998575,0.000372,0.001539,-0.001257,-0.490507,0.000217
3.033000,0.012137,-0.000920,0.998574,0.000343,0.001551,-0.001258,-0.490508,0.000217
3.034000,0.010853,-0.000752,0.998583,0.000341,0.001562,-0.001259,-0.490510,0.000218
3.035000,0.011446,-0.003938,0.998579,0.000379,0.001574,-0.001263,-0.490511,0.000218
3.036000,0.012878,-0.003031,0.998570,0.000369,0.001587,-0.001266,-0.490513,0.000218
3.037000,0.013761,-0.001848,0.998565,0.000356,0.001600,-0.001268,-0.490514,0.000219
3.038000,0.014032,-0.003857,0.998562,0.000380,0.001614,-0.001272,-0.490516,0.000219
3.039000,0.012998,-0.003096,0.998569,0.000372,0.001627,-0.001275,-0.490517,0.000219
3.040000,0.012283,-0.001120,0.998573,0.000349,0.001640,-0.001276,-0.490518,0.000220
3.041000,0.012002,-0.002505,0.998575,0.000366,0.001652,-0.001278,-0.490520,0.000220
3.042000,0.011155,-0.003488,0.998580,0.000378,0.001663,-0.001282,-0.490521,0.000221
3.043000,0.011337,-0.002226,0.998580,0.000364,0.001674,-0.001284,-0.490523,0.000221
3.044000,0.012214,-0.000850,0.998574,0.000348,0.001686,-0.001285,-0.490524,0.000221
3.045000,0.011028,-0.001532,0.998582,0.000356,0.001697,-0.001287,-0.490526,0.000222
3.046000,0.013027,-0.001547,0.998569,0.000357,0.001710,-0.001288,-0.490527,0.000222
3.047000,0.013185,-0.002144,0.998568,0.000364,0.001724,-0.001290,-0.490528,0.000222
3.048000,0.010912,-0.001485,0.998583,0.000356,0.001735,-0.001292,-0.490530,0.000223
3.049000,0.012206,-0.001567,0.998575,0.000358,0.001747,-0.001293,-0.490531,0.000223
3.050000,0.013813,-0.002751,0.998564,0.000372,0.001761,-0.001296,-0.490533,0.000223
3.051000,0.012181,-0.000656,0.998575,0.000348,0.001773,-0.001297,-0.490534,0.000224
3.052000,0.012995,-0.001167,0.998569,0.000354,0.001786,-0.001298,-0.490536,0.000224
3.053000,0.013035,-0.001944,0.998569,0.000363,0.001799,-0.001300,-0.490537,0.000224
3.054000,0.012888,-0.000818,0.998570,0.000350,0.001812,-0.001301,-0.490538,0.000225
3.055000,0.011350,-0.001992,0.998580,0.000364,0.001823,-0.001303,-0.490540,0.000225
3.056000,0.013112,-0.000600,0.998568,0.000347,0.001836,-0.001303,-0.490541,0.000226
3.057000,0.013620,-0.001897,0.998565,0.000363,0.001850,-0.001305,-0.490543,0.000226
3.058000,0.013183,-0.000560,0.998568,0.000347,0.001863,-0.001306,-0.490544,0.000226
3.059000,0.012337,-0.001713,0.998573,0.000361,0.001875,-0.001307,-0.490546,0.000227
3.060000,0.011634,-0.001936,0.998577,0.000364,0.001887,-0.001309,-0.490547,0.000227
3.061000,0.011954,0.000477,0.998576,0.000335,0.001899,-0.001309,-0.490548,0.000227
3.062000,0.013080,-0.000620,0.998568,0.000348,0.001912,-0.001309,-0.490550,0.000228
3.063000,0.012357,-0.000377,0.998573,0.000345,0.001924,-0.001310,-0.490551,0.000228
3.064000,0.012587,-0.001064,0.998571,0.000353,0.001937,-0.001311,-0.490553,0.000228
3.065000,0.012487,-0.001431,0.998572,0.000357,0.001949,-0.001312,-0.490554,0.000229
3.066000,0.011558,-0.000013,0.998578,0.000340,0.001961,-0.001312,-0.490556,0.000229
3.067000,0.013001,-0.001331,0.998569,0.000355,0.001974,-0.001314,-0.490557,0.000229
3.068000,0.011562,-0.001144,0.998578,0.000353,0.001985,-0.001315,-0.490558,0.000230
3.069000,0.010793,-0.001925,0.998583,0.000363,0.001996,-0.001317,-0.490560,0.000230
3.070000,0.011775,-0.000821,0.998577,0.000350,0.002008,-0.001318,-0.490561,0.000230
3.071000,0.013113,-0.001448,0.998569,0.000357,0.002021,-0.001319,-0.490563,0.000231
3.072000,0.011788,0.001408,0.998577,0.000323,0.002033,-0.001318,-0.490564,0.000231
3.073000,0.012010,0.000098,0.998576,0.000338,0.002045,-0.001318,-0.490566,0.000232
3.074000,0.012833,-0.001060,0.998571,0.000351,0.002058,-0.001319,-0.490567,0.000232
3.075000,0.013068,-0.000611,0.998569,0.000346,0.002071,-0.001319,-0.490568,0.000232
3.076000,0.011815,-0.002087,0.998577,0.000363,0.002083,-0.001321,-0.490570,0.000233
3.077000,0.013351,-0.000485,0.998567,0.000345,0.002096,-0.001322,-0.490571,0.000233
3.078000,0.012798,-0.000637,0.998570,0.000346,0.002109,-0.001322,-0.490573,0.000233
3.079000,0.011369,-0.000158,0.998580,0.000341,0.002120,-0.001323,-0.490574,0.000234
3.080000,0.012355,-0.001169,0.998573,0.000352,0.002133,-0.001324,-0.490576,0.000234
3.081000,0.011855,-0.001977,0.998577,0.000362,0.002144,-0.001326,-0.490577,0.000234
3.082000,0.011725,-0.001986,0.998578,0.000362,0.002156,-0.001328,-0.490578,0.000235
3.083000,0.012095,-0.000658,0.998575,0.000347,0.002168,-0.001328,-0.490580,0.000235
3.084000,0.012828,-0.001992,0.998571,0.000363,0.002181,-0.001330,-0.490581,0.000235
3.085000,0.012581,-0.001956,0.998572,0.000363,0.002194,-0.001332,-0.490583,0.000236
3.086000,0.013257,-0.000631,0.998568,0.000347,0.002207,-0.001333,-0.490584,0.000236
3.087000,0.012604,-0.001325,0.998572,0.000355,0.002219,-0.001334,-0.490586,0.000236
3.088000,0.010658,-0.002552,0.998584,0.000370,0.002230,-0.001337,-0.490587,0.000237
3.089000,0.012420,-0.001889,0.998573,0.000363,0.002243,-0.001339,-0.490588,0.000237
3.090000,0.010542,-0.002534,0.998585,0.000371,0.002253,-0.001341,-0.490590,0.000238
3.091000,0.013345,0.000132,0.998568,0.000340,0.002266,-0.001341,-0.490591,0.000238
3.092000,0.011452,-0.000700,0.998580,0.000349,0.002278,-0.001342,-0.490593,0.000238
3.093000,0.011670,-0.001161,0.998579,0.000354,0.002290,-0.001343,-0.490594,0.000239
3.094000,0.011601,0.000212,0.998579,0.000338,0.002301,-0.001343,-0.490596,0.000239
3.095000,0.012247,-0.000945,0.998575,0.000351,0.002313,-0.001344,-0.490597,0.000239
3.096000,0.012595,-0.000496,0.998573,0.000346,0.002326,-0.001344,-0.490598,0.000240
3.097000,0.011766,-0.000215,0.998578,0.000342,0.002338,-0.001344,-0.490600,0.000240
3.098000,0.010912,0.000256,0.998584,0.000336,0.002349,-0.001344,-0.490601,0.000240
3.099000,0.012100,0.000138,0.998577,0.000337,0.002361,-0.001344,-0.490603,0.000241
3.100000,0.011496,-0.000529,0.998581,0.000345,0.002372,-0.001345,-0.490604,0.000241
3.101000,0.012138,0.000048,0.998577,0.000338,0.002384,-0.001345,-0.490605,0.000241
3.102000,0.011777,-0.001803,0.998579,0.000359,0.002396,-0.001346,-0.490607,0.000242
3.103000,0.011899,0.001104,0.998578,0.000325,0.002408,-0.001345,-0.490608,0.000242
3.104000,0.010493,-0.001125,0.998588,0.000351,0.002419,-0.001346,-0.490610,0.000242
3.105000,0.011527,-0.000061,0.998581,0.000338,0.002430,-0.001346,-0.490611,0.000243
3.106000,0.011061,-0.000272,0.998585,0.000340,0.002441,-0.001347,-0.490613,0.000243
3.107000,0.011749,-0.000693,0.998580,0.000345,0.002453,-0.001347,-0.490614,0.000243
3.108000,0.011619,-0.002126,0.998581,0.000362,0.002465,-0.001349,-0.490615,0.000244
3.109000,0.010593,0.001014,0.998588,0.000325,0.002475,-0.001348,-0.490617,0.000244
3.110000,0.012382,-0.000819,0.998577,0.000346,0.002488,-0.001349,-0.490618,0.000244
3.111000,0.011675,-0.002097,0.998582,0.000361,0.002499,-0.001351,-0.490620,0.000245
3.112000,0.010506,-0.000795,0.998589,0.000346,0.002510,-0.001352,-0.490621,0.000245
3.113000,0.011762,0.000579,0.998582,0.000329,0.002521,-0.001352,-0.490623,0.000246
3.114000,0.010380,-0.000772,0.998591,0.000345,0.002532,-0.001352,-0.490624,0.000246
3.115000,0.011631,0.000362,0.998583,0.000331,0.002543,-0.001352,-0.490625,0.000246
3.116000,0.011018,-0.000818,0.998587,0.000345,0.002555,-0.001353,-0.490627,0.000247
3.117000,0.010379,0.000540,0.998591,0.000329,0.002565,-0.001352,-0.490628,0.000247
3.118000,0.009591,-0.000115,0.998597,0.000336,0.002574,-0.001352,-0.490630,0.000247
3.119000,0.009363,-0.000137,0.998599,0.000336,0.002584,-0.001353,-0.490631,0.000248
3.120000,0.011996,0.000443,0.998583,0.000328,0.002596,-0.001352,-0.490632,0.000248
3.121000,0.011779,-0.001431,0.998584,0.000350,0.002608,-0.001354,-0.490634,0.000248
3.122000,0.009772,-0.001685,0.998597,0.000353,0.002617,-0.001355,-0.490635,0.000249
3.123000,0.010456,0.001170,0.998593,0.000319,0.002628,-0.001354,-0.490637,0.000249
3.124000,0.010225,-0.001041,0.998595,0.000345,0.002638,-0.001355,-0.490638,0.000249
3.125000,0.010757,-0.001081,0.998592,0.000345,0.002649,-0.001356,-0.490639,0.000250
3.126000,0.010981,0.000895,0.998591,0.000322,0.002660,-0.001355,-0.490641,0.000250
3.127000,0.009685,0.000149,0.998600,0.000330,0.002669,-0.001355,-0.490642,0.000250
3.128000,0.010868,-0.001132,0.998593,0.000345,0.002680,-0.001356,-0.490644,0.000251
3.129000,0.011761,-0.000507,0.998588,0.000337,0.002692,-0.001357,-0.490645,0.000251
3.130000,0.009028,-0.001323,0.998605,0.000347,0.002701,-0.001358,-0.490646,0.000251
3.131000,0.009698,0.000338,0.998602,0.000327,0.002711,-0.001358,-0.490648,0.000252
3.132000,0.007587,-0.001807,0.998616,0.000352,0.002718,-0.001360,-0.490649,0.000252
3.133000,0.011145,-0.000524,0.998594,0.000337,0.002730,-0.001360,-0.490651,0.000252
3.134000,0.010053,0.000136,0.998601,0.000329,0.002740,-0.001360,-0.490652,0.000253
3.135000,0.011090,-0.001286,0.998595,0.000346,0.002751,-0.001361,-0.490654,0.000253
3.136000,0.010057,-0.000596,0.998602,0.000338,0.002761,-0.001362,-0.490655,0.000253
3.137000,0.009720,-0.001214,0.998605,0.000345,0.002770,-0.001363,-0.490656,0.000254
3.138000,0.009891,-0.001903,0.998604,0.000353,0.002780,-0.001365,-0.490658,0.000254
3.139000,0.010733,-0.000040,0.998599,0.000331,0.002791,-0.001365,-0.490659,0.000254
3.140000,0.011819,0.000620,0.998593,0.000323,0.002803,-0.001364,-0.490661,0.000255
3.141000,0.010035,0.000289,0.998604,0.000326,0.002813,-0.001364,-0.490662,0.000255
3.142000,0.010381,-0.000477,0.998602,0.000335,0.002823,-0.001365,-0.490663,0.000255
3.143000,0.011175,0.000615,0.998598,0.000322,0.002835,-0.001364,-0.490665,0.000256
3.144000,0.012363,0.000828,0.998590,0.000318,0.002847,-0.001363,-0.490666,0.000256
3.145000,0.010440,-0.000590,0.998603,0.000335,0.002857,-0.001364,-0.490668,0.000256
3.146000,0.010937,0.000655,0.998600,0.000320,0.002868,-0.001363,-0.490669,0.000257
3.147000,0.009379,-0.000786,0.998610,0.000336,0.002878,-0.001364,-0.490670,0.000257
3.148000,0.011226,-0.000199,0.998599,0.000329,0.002889,-0.001364,-0.490672,0.000257
3.149000,0.012529,-0.001262,0.998591,0.000341,0.002901,-0.001365,-0.490673,0.000258
3.150000,0.011196,-0.000690,0.998599,0.000335,0.002913,-0.001366,-0.490675,0.000258
3.151000,0.011146,-0.000214,0.998600,0.000329,0.002924,-0.001366,-0.490676,0.000258
3.152000,0.011434,-0.001295,0.998598,0.000341,0.002935,-0.001367,-0.490677,0.000259
3.153000,0.012272,-0.000099,0.998593,0.000327,0.002947,-0.001368,-0.490679,0.000259
3.154000,0.012081,-0.000799,0.998594,0.000335,0.002960,-0.001368,-0.490680,0.000259
3.155000,0.011053,-0.000180,0.998601,0.000328,0.002971,-0.001369,-0.490682,0.000260
3.156000,0.011597,0.000400,0.998598,0.000321,0.002982,-0.001368,-0.490683,0.000260
3.157000,0.010339,0.000433,0.998606,0.000320,0.002993,-0.001368,-0.490684,0.000260
3.158000,0.010818,0.000369,0.998603,0.000320,0.003003,-0.001367,-0.490686,0.000261
3.159000,0.009274,-0.000979,0.998613,0.000335,0.003013,-0.001368,-0.490687,0.000261
3.160000,0.010580,0.000944,0.998606,0.000312,0.003023,-0.001367,-0.490689,0.000261
3.161000,0.009626,-0.001205,0.998612,0.000337,0.003033,-0.001369,-0.490690,0.000262
3.162000,0.010523,-0.000249,0.998607,0.000326,0.003043,-0.001369,-0.490691,0.000262
3.163000,0.010004,-0.001167,0.998611,0.000337,0.003053,-0.001370,-0.490693,0.000262
3.164000,0.010932,-0.001552,0.998605,0.000341,0.003064,-0.001372,-0.490694,0.000263
3.165000,0.010189,0.000950,0.998610,0.000312,0.003074,-0.001371,-0.490696,0.000263
3.166000,0.010146,0.000058,0.998611,0.000322,0.003085,-0.001371,-0.490697,0.000263
3.167000,0.009985,-0.000337,0.998613,0.000326,0.003095,-0.001371,-0.490698,0.000264
3.168000,0.009293,0.000823,0.998617,0.000312,0.003104,-0.001370,-0.490700,0.000264
3.169000,0.010339,-0.001199,0.998611,0.000335,0.003114,-0.001371,-0.490701,0.000264
3.170000,0.010810,-0.001885,0.998609,0.000343,0.003125,-0.001373,-0.490702,0.000265
3.171000,0.009851,-0.000576,0.998615,0.000328,0.003135,-0.001374,-0.490704,0.000265
3.172000,0.008834,-0.000576,0.998622,0.000328,0.003144,-0.001374,-0.490705,0.000265
3.173000,0.010145,-0.001908,0.998615,0.000344,0.003154,-0.001376,-0.490707,0.000266
3.174000,0.009699,-0.000730,0.998618,0.000330,0.003164,-0.001377,-0.490708,0.000266
3.175000,0.009549,0.000912,0.998619,0.000310,0.003173,-0.001376,-0.490709,0.000266
3.176000,0.009618,-0.001190,0.998620,0.000335,0.003183,-0.001377,-0.490711,0.000267
3.177000,0.009426,-0.002538,0.998621,0.000351,0.003192,-0.001380,-0.490712,0.000267
3.178000,0.008030,-0.000562,0.998631,0.000328,0.003200,-0.001380,-0.490714,0.000267
3.179000,0.009740,-0.000600,0.998621,0.000328,0.003210,-0.001381,-0.490715,0.000268
3.180000,0.009413,-0.002592,0.998623,0.000352,0.003219,-0.001384,-0.490716,0.000268
3.181000,0.008968,-0.001181,0.998627,0.000336,0.003228,-0.001385,-0.490718,0.000268
3.182000,0.008042,0.000142,0.998634,0.000320,0.003236,-0.001385,-0.490719,0.000269
3.183000,0.009170,-0.000581,0.998627,0.000328,0.003246,-0.001385,-0.490720,0.000269
3.184000,0.008323,-0.000066,0.998633,0.000322,0.003254,-0.001385,-0.490722,0.000269
3.185000,0.008948,0.000080,0.998630,0.000320,0.003263,-0.001385,-0.490723,0.000270
3.186000,0.009161,-0.000513,0.998629,0.000326,0.003272,-0.001386,-0.490725,0.000270
3.187000,0.008689,-0.000506,0.998633,0.000326,0.003281,-0.001386,-0.490726,0.000270
3.188000,0.009414,0.000101,0.998629,0.000319,0.003290,-0.001386,-0.490727,0.000271
3.189000,0.007776,0.000080,0.998640,0.000318,0.003298,-0.001386,-0.490729,0.000271
3.190000,0.008629,-0.000662,0.998636,0.000327,0.003306,-0.001387,-0.490730,0.000271
3.191000,0.008552,0.000007,0.998637,0.000319,0.003315,-0.001387,-0.490731,0.000271
3.192000,0.006461,-0.001323,0.998651,0.000334,0.003321,-0.001388,-0.490733,0.000272
3.193000,0.007882,-0.000693,0.998643,0.000327,0.003329,-0.001389,-0.490734,0.000272
3.194000,0.007422,-0.000004,0.998647,0.000318,0.003337,-0.001389,-0.490735,0.000272
3.195000,0.007642,0.000482,0.998647,0.000312,0.003344,-0.001388,-0.490737,0.000273
3.196000,0.007606,-0.000531,0.998648,0.000324,0.003352,-0.001389,-0.490738,0.000273
3.197000,0.007191,-0.000038,0.998652,0.000318,0.003359,-0.001389,-0.490740,0.000273
3.198000,0.006287,-0.002109,0.998659,0.000342,0.003366,-0.001391,-0.490741,0.000274
3.199000,0.006134,-0.000088,0.998661,0.000318,0.003372,-0.001391,-0.490742,0.000274
3.200000,0.006785,-0.000817,0.998658,0.000327,0.003378,-0.001392,-0.490744,0.000274
3.201000,0.005485,0.000559,0.998667,0.000310,0.003384,-0.001391,-0.490745,0.000275
3.202000,0.005329,-0.000348,0.998670,0.000321,0.003389,-0.001392,-0.490746,0.000275
3.203000,0.004330,-0.000198,0.998678,0.000318,0.003394,-0.001392,-0.490748,0.000275
3.204000,0.004476,0.000689,0.998678,0.000308,0.003398,-0.001391,-0.490749,0.000276
3.205000,0.005320,-0.000824,0.998675,0.000325,0.003403,-0.001392,-0.490750,0.000276
3.206000,0.003710,-0.001568,0.998686,0.000334,0.003407,-0.001393,-0.490752,0.000276
3.207000,0.003908,0.001044,0.998687,0.000303,0.003411,-0.001392,-0.490753,0.000277
3.208000,0.002646,-0.000496,0.998697,0.000320,0.003414,-0.001393,-0.490754,0.000277
3.209000,0.003470,0.000513,0.998694,0.000308,0.003417,-0.001392,-0.490755,0.000277
3.210000,0.003026,-0.000339,0.998698,0.000318,0.003420,-0.001393,-0.490757,0.000278
3.211000,0.002689,0.000130,0.998702,0.000312,0.003423,-0.001393,-0.490758,0.000278
3.212000,0.002220,-0.000264,0.998707,0.000316,0.003425,-0.001393,-0.490759,0.000278
3.213000,0.001438,-0.000503,0.998715,0.000319,0.003426,-0.001393,-0.490761,0.000279
3.214000,0.002276,-0.000460,0.998711,0.000318,0.003429,-0.001394,-0.490762,0.000279
3.215000,0.001193,-0.000877,0.998720,0.000323,0.003430,-0.001395,-0.490763,0.000279
3.216000,-0.000079,-0.000572,0.998731,0.000319,0.003430,-0.001395,-0.490764,0.000280
3.217000,0.000992,0.000203,0.998727,0.000310,0.003431,-0.001395,-0.490766,0.000280
3.218000,0.000142,0.000739,0.998735,0.000303,0.003431,-0.001394,-0.490767,0.000280
3.219000,0.000461,0.000970,0.998735,0.000300,0.003431,-0.001393,-0.490768,0.000280
3.220000,-0.000682,0.000796,0.998745,0.000301,0.003431,-0.001393,-0.490770,0.000281
3.221000,0.000469,0.000592,0.998740,0.000303,0.003431,-0.001392,-0.490771,0.000281
3.222000,-0.000275,-0.000428,0.998747,0.000314,0.003431,-0.001392,-0.490772,0.000281
3.223000,-0.000004,-0.000646,0.998748,0.000317,0.003431,-0.001393,-0.490773,0.000282
3.224000,-0.000796,0.000686,0.998756,0.000301,0.003430,-0.001392,-0.490775,0.000282
3.225000,-0.001055,0.000619,0.998760,0.000301,0.003429,-0.001392,-0.490776,0.000282
3.226000,-0.002062,-0.000815,0.998770,0.000317,0.003427,-0.001393,-0.490777,0.000283
3.227000,-0.002308,0.000556,0.998774,0.000301,0.003425,-0.001392,-0.490778,0.000283
3.228000,-0.001567,-0.000346,0.998772,0.000311,0.003423,-0.001392,-0.490780,0.000283
3.229000,-0.003404,0.000664,0.998787,0.000299,0.003420,-0.001392,-0.490781,0.000284
3.230000,-0.002039,-0.001504,0.998782,0.000324,0.003418,-0.001393,-0.490782,0.000284
3.231000,-0.002315,0.001627,0.998786,0.000287,0.003415,-0.001392,-0.490783,0.000284
3.232000,-0.002621,0.000485,0.998791,0.000299,0.003413,-0.001391,-0.490784,0.000284
3.233000,-0.003226,-0.000471,0.998798,0.000310,0.003410,-0.001392,-0.490786,0.000285
3.234000,-0.003091,-0.001490,0.998801,0.000322,0.003406,-0.001393,-0.490787,0.000285
3.235000,-0.002495,0.000240,0.998800,0.000302,0.003404,-0.001393,-0.490788,0.000285
3.236000,-0.002768,-0.000358,0.998805,0.000309,0.003401,-0.001393,-0.490789,0.000286
3.237000,-0.004390,-0.000788,0.998818,0.000313,0.003397,-0.001394,-0.490790,0.000286
3.238000,-0.003953,0.000188,0.998819,0.000302,0.003393,-0.001394,-0.490792,0.000286
3.239000,-0.003293,0.001485,0.998818,0.000286,0.003390,-0.001392,-0.490793,0.000287
3.240000,-0.003553,-0.000280,0.998823,0.000306,0.003386,-0.001393,-0.490794,0.000287
3.241000,-0.001314,0.000907,0.998812,0.000292,0.003385,-0.001392,-0.490795,0.000287
3.242000,-0.001908,0.002019,0.998818,0.000278,0.003383,-0.001390,-0.490796,0.000287
3.243000,-0.003276,0.000083,0.998830,0.000299,0.003380,-0.001390,-0.490797,0.000288
3.244000,-0.003796,-0.000415,0.998836,0.000305,0.003376,-0.001390,-0.490799,0.000288
3.245000,-0.003152,-0.000681,0.998836,0.000308,0.003373,-0.001391,-0.490800,0.000288
3.246000,-0.003417,0.000221,0.998840,0.000297,0.003369,-0.001390,-0.490801,0.000289
3.247000,-0.003727,-0.001263,0.998845,0.000314,0.003365,-0.001392,-0.490802,0.000289
3.248000,-0.002418,0.000537,0.998840,0.000293,0.003363,-0.001391,-0.490803,0.000289
3.249000,-0.003485,0.001436,0.998850,0.000282,0.003360,-0.001390,-0.490804,0.000290
3.250000,-0.004397,-0.001386,0.998859,0.000314,0.003355,-0.001391,-0.490806,0.000290
3.251000,-0.003058,-0.000109,0.998854,0.000299,0.003352,-0.001391,-0.490807,0.000290
3.252000,-0.004169,-0.002238,0.998864,0.000325,0.003348,-0.001393,-0.490808,0.000291
3.253000,-0.003794,0.000598,0.998865,0.000291,0.003344,-0.001393,-0.490809,0.000291
3.254000,-0.004075,-0.000608,0.998870,0.000305,0.003340,-0.001393,-0.490810,0.000291
3.255000,-0.003997,-0.000336,0.998873,0.000302,0.003336,-0.001394,-0.490811,0.000291
3.256000,-0.004156,-0.000579,0.998877,0.000304,0.003332,-0.001394,-0.490812,0.000292
3.257000,-0.003840,0.001243,0.998878,0.000282,0.003328,-0.001393,-0.490814,0.000292
3.258000,-0.003471,-0.000158,0.998879,0.000298,0.003325,-0.001393,-0.490815,0.000292
3.259000,-0.004282,-0.001327,0.998887,0.000312,0.003320,-0.001395,-0.490816,0.000293
3.260000,-0.002232,-0.000353,0.998878,0.000301,0.003318,-0.001395,-0.490817,0.000293
3.261000,-0.004010,0.000969,0.998892,0.000285,0.003314,-0.001394,-0.490818,0.000293
3.262000,-0.003596,0.001742,0.998892,0.000275,0.003310,-0.001392,-0.490819,0.000293
3.263000,-0.003994,-0.000032,0.998898,0.000295,0.003306,-0.001392,-0.490820,0.000294
3.264000,-0.004743,0.000236,0.998906,0.000291,0.003302,-0.001392,-0.490821,0.000294
3.265000,-0.002504,0.001010,0.998895,0.000281,0.003299,-0.001391,-0.490822,0.000294
3.266000,-0.004026,-0.000830,0.998908,0.000303,0.003295,-0.001392,-0.490824,0.000295
3.267000,-0.003856,0.000135,0.998910,0.000291,0.003291,-0.001392,-0.490825,0.000295
3.268000,-0.003939,0.000222,0.998913,0.000290,0.003287,-0.001391,-0.490826,0.000295
3.269000,-0.004512,-0.000911,0.998920,0.000303,0.003283,-0.001392,-0.490827,0.000296
3.270000,-0.006736,0.000146,0.998938,0.000290,0.003276,-0.001392,-0.490828,0.000296
3.271000,-0.004590,0.000315,0.998928,0.000288,0.003272,-0.001392,-0.490829,0.000296
3.272000,-0.005888,-0.001157,0.998939,0.000305,0.003266,-0.001393,-0.490830,0.000296
3.273000,-0.005358,-0.000580,0.998939,0.000298,0.003260,-0.001394,-0.490831,0.000297
3.274000,-0.005463,-0.001908,0.998943,0.000314,0.003255,-0.001396,-0.490832,0.000297
3.275000,-0.005133,-0.001182,0.998945,0.000306,0.003250,-0.001397,-0.490833,0.000297
3.276000,-0.005154,-0.001180,0.998948,0.000306,0.003245,-0.001398,-0.490834,0.000298
3.277000,-0.007264,0.000759,0.998965,0.000283,0.003237,-0.001397,-0.490835,0.000298
3.278000,-0.006188,-0.000088,0.998962,0.000292,0.003231,-0.001397,-0.490836,0.000298
3.279000,-0.005071,-0.001093,0.998958,0.000304,0.003226,-0.001398,-0.490837,0.000299
3.280000,-0.007090,0.000110,0.998975,0.000290,0.003219,-0.001398,-0.490838,0.000299
3.281000,-0.006504,0.000039,0.998975,0.000290,0.003212,-0.001398,-0.490839,0.000299
3.282000,-0.006383,0.001840,0.998978,0.000268,0.003206,-0.001396,-0.490840,0.000299
3.283000,-0.007297,-0.000522,0.998987,0.000295,0.003199,-0.001397,-0.490841,0.000300
3.284000,-0.007362,-0.000821,0.998991,0.000299,0.003191,-0.001398,-0.490842,0.000300
3.285000,-0.006478,0.001145,0.998989,0.000275,0.003185,-0.001397,-0.490844,0.000300
3.286000,-0.006568,0.000768,0.998993,0.000279,0.003178,-0.001396,-0.490845,0.000301
3.287000,-0.005059,0.000001,0.998987,0.000287,0.003173,-0.001396,-0.490846,0.000301
3.288000,-0.007139,-0.000228,0.999004,0.000290,0.003166,-0.001396,-0.490847,0.000301
3.289000,-0.008035,-0.000607,0.999013,0.000294,0.003158,-0.001397,-0.490848,0.000301
3.290000,-0.004838,-0.000746,0.998997,0.000296,0.003153,-0.001397,-0.490849,0.000302
3.291000,-0.005296,-0.000097,0.999003,0.000288,0.003148,-0.001397,-0.490850,0.000302
3.292000,-0.005817,0.000479,0.999010,0.000281,0.003142,-0.001397,-0.490851,0.000302
3.293000,-0.005995,0.000439,0.999014,0.000281,0.003136,-0.001397,-0.490852,0.000303
3.294000,-0.005637,-0.000394,0.999015,0.000290,0.003131,-0.001397,-0.490852,0.000303
3.295000,-0.005949,-0.000850,0.999021,0.000295,0.003125,-0.001398,-0.490853,0.000303
3.296000,-0.007004,-0.000080,0.999031,0.000286,0.003118,-0.001398,-0.490854,0.000303
3.297000,-0.005777,0.000339,0.999027,0.000281,0.003112,-0.001398,-0.490855,0.000304
3.298000,-0.007242,-0.000102,0.999039,0.000286,0.003105,-0.001398,-0.490856,0.000304
3.299000,-0.006623,0.000881,0.999039,0.000273,0.003098,-0.001397,-0.490857,0.000304
3.300000,-0.007409,-0.002420,0.999048,0.000280,0.003091,-0.001399,-0.490858,0.000305
3.301000,-0.006745,-0.002260,0.999047,0.000279,0.003084,-0.001401,-0.490859,0.000305
3.302000,-0.006716,-0.001037,0.999051,0.000265,0.003077,-0.001402,-0.490860,0.000305
3.303000,-0.005637,-0.003219,0.999047,0.000291,0.003071,-0.001406,-0.490861,0.000305
3.304000,-0.005283,-0.002107,0.999048,0.000279,0.003066,-0.001408,-0.490862,0.000306
3.305000,-0.006804,-0.002263,0.999061,0.000281,0.003059,-0.001410,-0.490863,0.000306
3.306000,-0.006296,-0.002132,0.999061,0.000280,0.003053,-0.001412,-0.490864,0.000306
3.307000,-0.005642,-0.003963,0.999061,0.000303,0.003047,-0.001416,-0.490865,0.000307
3.308000,-0.004624,-0.001226,0.999057,0.000271,0.003043,-0.001417,-0.490866,0.000307
3.309000,-0.005710,-0.000682,0.999067,0.000265,0.003037,-0.001418,-0.490867,0.000307
3.310000,-0.006148,-0.001664,0.999073,0.000277,0.003031,-0.001420,-0.490868,0.000307
3.311000,-0.005296,-0.002584,0.999071,0.000288,0.003026,-0.001422,-0.490869,0.000308
3.312000,-0.004317,-0.003529,0.999068,0.000300,0.003021,-0.001426,-0.490870,0.000308
3.313000,-0.005457,-0.000454,0.999078,0.000264,0.003016,-0.001426,-0.490871,0.000308
3.314000,-0.005643,-0.001529,0.999083,0.000277,0.003010,-0.001428,-0.490871,0.000309
3.315000,-0.004781,-0.000948,0.999080,0.000270,0.003005,-0.001429,-0.490872,0.000309
3.316000,-0.004268,-0.001075,0.999080,0.000272,0.003001,-0.001430,-0.490873,0.000309
3.317000,-0.003548,-0.000820,0.999078,0.000269,0.002998,-0.001431,-0.490874,0.000309
3.318000,-0.006289,-0.000404,0.999099,0.000264,0.002991,-0.001431,-0.490875,0.000310
3.319000,-0.005363,-0.002212,0.999096,0.000285,0.002986,-0.001433,-0.490876,0.000310
3.320000,-0.005102,-0.000190,0.999097,0.000262,0.002981,-0.001433,-0.490877,0.000310
3.321000,-0.005442,-0.000188,0.999103,0.000262,0.002975,-0.001434,-0.490878,0.000310
3.322000,-0.005354,-0.001520,0.999105,0.000277,0.002970,-0.001435,-0.490879,0.000311
3.323000,-0.005010,-0.000884,0.999106,0.000270,0.002965,-0.001436,-0.490880,0.000311
3.324000,-0.004983,-0.001494,0.999109,0.000277,0.002960,-0.001438,-0.490881,0.000311
3.325000,-0.004803,-0.000765,0.999111,0.000269,0.002955,-0.001438,-0.490881,0.000312
3.326000,-0.005920,-0.000767,0.999121,0.000269,0.002949,-0.001439,-0.490882,0.000312
3.327000,-0.004439,-0.000155,0.999115,0.000262,0.002945,-0.001439,-0.490883,0.000312
3.328000,-0.003905,-0.001482,0.999114,0.000277,0.002941,-0.001441,-0.490884,0.000312
3.329000,-0.004805,0.000373,0.999122,0.000255,0.002936,-0.001440,-0.490885,0.000313
3.330000,-0.004347,-0.000105,0.999122,0.000261,0.002932,-0.001440,-0.490886,0.000313
3.331000,-0.004812,0.000012,0.999128,0.000259,0.002927,-0.001440,-0.490887,0.000313
3.332000,-0.005553,-0.000270,0.999136,0.000262,0.002921,-0.001441,-0.490888,0.000313
3.333000,-0.005527,-0.000147,0.999139,0.000260,0.002916,-0.001441,-0.490888,0.000314
3.334000,-0.005171,0.001172,0.999140,0.000244,0.002911,-0.001440,-0.490889,0.000314
3.335000,-0.004648,-0.000778,0.999139,0.000267,0.002906,-0.001440,-0.490890,0.000314
3.336000,-0.002416,0.000264,0.999128,0.000254,0.002904,-0.001440,-0.490891,0.000314
3.337000,-0.005193,-0.000863,0.999148,0.000267,0.002899,-0.001441,-0.490892,0.000315
3.338000,-0.004588,-0.000416,0.999147,0.000262,0.002894,-0.001442,-0.490893,0.000315
3.339000,-0.004602,0.000429,0.999150,0.000252,0.002889,-0.001441,-0.490894,0.000315
3.340000,-0.005666,0.000172,0.999160,0.000254,0.002884,-0.001441,-0.490894,0.000315
3.341000,-0.004656,0.000249,0.999156,0.000253,0.002879,-0.001441,-0.490895,0.000316
3.342000,-0.004294,-0.001652,0.999157,0.000275,0.002875,-0.001442,-0.490896,0.000316
3.343000,-0.002965,0.000169,0.999151,0.000254,0.002872,-0.001442,-0.490897,0.000316
3.344000,-0.005287,-0.000847,0.999168,0.000266,0.002866,-0.001443,-0.490898,0.000316
3.345000,-0.004759,0.000192,0.999168,0.000253,0.002862,-0.001443,-0.490899,0.000317
3.346000,-0.004216,0.000373,0.999167,0.000251,0.002858,-0.001442,-0.490900,0.000317
3.347000,-0.006045,0.001097,0.999181,0.000242,0.002851,-0.001441,-0.490900,0.000317
3.348000,-0.004199,-0.000442,0.999173,0.000259,0.002847,-0.001442,-0.490901,0.000318
3.349000,-0.003699,-0.000594,0.999172,0.000261,0.002844,-0.001442,-0.490902,0.000318
3.350000,-0.004974,-0.000968,0.999183,0.000265,0.002839,-0.001443,-0.490903,0.000318
3.351000,-0.005235,0.000223,0.999187,0.000251,0.002833,-0.001443,-0.490904,0.000318
3.352000,-0.005049,0.001202,0.999189,0.000239,0.002828,-0.001442,-0.490904,0.000319
3.353000,-0.005245,0.000956,0.999193,0.000241,0.002823,-0.001441,-0.490905,0.000319
3.354000,-0.005445,0.000136,0.999197,0.000251,0.002818,-0.001441,-0.490906,0.000319
3.355000,-0.004951,0.000768,0.999197,0.000243,0.002813,-0.001440,-0.490907,0.000319
3.356000,-0.005675,-0.000591,0.999205,0.000258,0.002807,-0.001441,-0.490908,0.000320
3.357000,-0.004634,0.002448,0.999201,0.000222,0.002802,-0.001438,-0.490908,0.000320
3.358000,-0.004693,0.000796,0.999204,0.000240,0.002798,-0.001437,-0.490909,0.000320
3.359000,-0.005925,0.000683,0.999215,0.000241,0.002792,-0.001437,-0.490910,0.000320
3.360000,-0.004423,-0.000627,0.999208,0.000256,0.002787,-0.001437,-0.490911,0.000320
3.361000,-0.004262,-0.001937,0.999210,0.000272,0.002783,-0.001439,-0.490912,0.000321
3.362000,-0.005093,0.001851,0.999217,0.000227,0.002778,-0.001437,-0.490912,0.000321
3.363000,-0.004805,0.001338,0.999218,0.000232,0.002773,-0.001436,-0.490913,0.000321
3.364000,-0.003633,0.000624,0.999214,0.000240,0.002770,-0.001435,-0.490914,0.000321
3.365000,-0.002696,0.001131,0.999210,0.000233,0.002767,-0.001434,-0.490915,0.000322
3.366000,-0.003548,0.000716,0.999218,0.000237,0.002763,-0.001434,-0.490916,0.000322
3.367000,-0.004473,0.001089,0.999226,0.000232,0.002759,-0.001433,-0.490916,0.000322
3.368000,-0.004319,0.002475,0.999228,0.000215,0.002754,-0.001430,-0.490917,0.000322
3.369000,-0.004574,0.002423,0.999232,0.000214,0.002750,-0.001428,-0.490918,0.000323
3.370000,-0.004880,0.002331,0.999237,0.000214,0.002745,-0.001425,-0.490919,0.000323
3.371000,-0.003505,0.001354,0.999231,0.000225,0.002742,-0.001424,-0.490919,0.000323
3.372000,-0.004505,0.001030,0.999239,0.000228,0.002737,-0.001423,-0.490920,0.000323
3.373000,-0.003205,0.002141,0.999234,0.000214,0.002734,-0.001421,-0.490921,0.000323
3.374000,-0.004302,0.000788,0.999243,0.000229,0.002730,-0.001420,-0.490922,0.000324
3.375000,-0.003398,0.002907,0.999240,0.000203,0.002726,-0.001417,-0.490923,0.000324
3.376000,-0.003898,0.001407,0.999245,0.000219,0.002722,-0.001416,-0.490923,0.000324
3.377000,-0.002597,0.002065,0.999239,0.000211,0.002720,-0.001414,-0.490924,0.000324
3.378000,-0.004178,0.001427,0.999252,0.000217,0.002715,-0.001412,-0.490925,0.000325
3.379000,-0.003602,0.004050,0.999251,0.000185,0.002712,-0.001408,-0.490926,0.000325
3.380000,-0.003115,0.003485,0.999250,0.000190,0.002709,-0.001405,-0.490926,0.000325
3.381000,-0.002767,0.004107,0.999250,0.000181,0.002706,-0.001401,-0.490927,0.000325
3.382000,-0.002581,0.005317,0.999251,0.000164,0.002703,-0.001395,-0.490928,0.000325
3.383000,-0.002157,0.006075,0.999250,0.000153,0.002701,-0.001389,-0.490929,0.000325
3.384000,-0.002553,0.008113,0.999255,0.000126,0.002699,-0.001381,-0.490929,0.000326
3.385000,-0.001952,0.008535,0.999253,0.000117,0.002697,-0.001372,-0.490930,0.000326
3.386000,-0.001790,0.008559,0.999254,0.000113,0.002695,-0.001364,-0.490931,0.000326
3.387000,-0.002572,0.010787,0.999261,0.000083,0.002692,-0.001353,-0.490932,0.000326
3.388000,-0.002633,0.010673,0.999264,0.000080,0.002690,-0.001342,-0.490932,0.000326
3.389000,-0.002921,0.011837,0.999268,0.000062,0.002687,-0.001331,-0.490933,0.000326
3.390000,-0.002525,0.011881,0.999267,0.000056,0.002684,-0.001319,-0.490934,0.000326
3.391000,-0.000275,0.013015,0.999255,0.000038,0.002684,-0.001306,-0.490934,0.000326
3.392000,-0.003017,0.011251,0.999274,0.000053,0.002681,-0.001294,-0.490935,0.000326
3.393000,-0.002154,0.012252,0.999271,0.000037,0.002679,-0.001282,-0.490936,0.000326
3.394000,-0.002443,0.011999,0.999275,0.000035,0.002676,-0.001270,-0.490937,0.000326
3.395000,-0.002874,0.012549,0.999279,0.000023,0.002674,-0.001258,-0.490937,0.000326
3.396000,-0.003617,0.010861,0.999286,0.000038,0.002670,-0.001247,-0.490938,0.000326
3.397000,-0.001552,0.012190,0.999275,0.000018,0.002668,-0.001235,-0.490939,0.000326
3.398000,-0.001664,0.011847,0.999278,0.000017,0.002667,-0.001223,-0.490940,0.000326
3.399000,-0.001808,0.011233,0.999281,0.000019,0.002665,-0.001212,-0.490940,0.000326
3.400000,-0.003198,0.011465,0.999291,0.000012,0.002662,-0.001200,-0.490941,0.000326
3.401000,-0.002180,0.011675,0.999287,0.000004,0.002659,-0.001188,-0.490942,0.000326
3.402000,-0.001615,0.009943,0.999286,0.000020,0.002658,-0.001178,-0.490942,0.000326
3.403000,-0.001579,0.012219,0.999287,-0.000011,0.002656,-0.001166,-0.490943,0.000326
3.404000,-0.003140,0.011173,0.999299,-0.000004,0.002653,-0.001155,-0.490944,0.000326
3.405000,-0.002762,0.011315,0.999299,-0.000010,0.002650,-0.001144,-0.490945,0.000326
3.406000,-0.001982,0.013715,0.999296,-0.000043,0.002648,-0.001130,-0.490945,0.000326
3.407000,-0.001998,0.013317,0.999298,-0.000044,0.002646,-0.001117,-0.490946,0.000326
3.408000,-0.002086,0.014703,0.999300,-0.000066,0.002644,-0.001102,-0.490947,0.000326
3.409000,-0.001990,0.014378,0.999302,-0.000068,0.002642,-0.001088,-0.490947,0.000326
3.410000,-0.002877,0.013100,0.999309,-0.000059,0.002639,-0.001075,-0.490948,0.000326
3.411000,-0.001927,0.013526,0.999305,-0.000069,0.002638,-0.001061,-0.490949,0.000326
3.412000,-0.003099,0.013758,0.999315,-0.000077,0.002634,-0.001047,-0.490949,0.000326
3.413000,-0.002504,0.014502,0.999313,-0.000092,0.002632,-0.001033,-0.490950,0.000326
3.414000,-0.002011,0.013510,0.999312,-0.000086,0.002630,-0.001019,-0.490951,0.000326
3.415000,-0.002519,0.013715,0.999317,-0.000094,0.002627,-0.001006,-0.490952,0.000326
3.416000,-0.002332,0.014069,0.999318,-0.000104,0.002625,-0.000991,-0.490952,0.000326
3.417000,-0.002680,0.013039,0.999322,-0.000097,0.002622,-0.000978,-0.490953,0.000326
3.418000,-0.002115,0.014380,0.999320,-0.000118,0.002620,-0.000964,-0.490954,0.000325
3.419000,-0.003674,0.015289,0.999332,-0.000135,0.002617,-0.000949,-0.490954,0.000325
3.420000,-0.002562,0.014383,0.999327,-0.000130,0.002614,-0.000934,-0.490955,0.000325
3.421000,-0.003805,0.014447,0.999337,-0.000137,0.002610,-0.000920,-0.490956,0.000325
3.422000,-0.003687,0.013637,0.999339,-0.000133,0.002607,-0.000906,-0.490956,0.000325
3.423000,-0.003818,0.013671,0.999342,-0.000139,0.002603,-0.000893,-0.490957,0.000325
3.424000,-0.002807,0.015014,0.999337,-0.000160,0.002600,-0.000878,-0.490958,0.000325
3.425000,-0.002982,0.014224,0.999341,-0.000157,0.002597,-0.000863,-0.490958,0.000324
3.426000,-0.002585,0.015175,0.999340,-0.000174,0.002594,-0.000848,-0.490959,0.000324
3.427000,-0.001280,0.013942,0.999334,-0.000165,0.002593,-0.000834,-0.490960,0.000324
3.428000,-0.001668,0.014871,0.999338,-0.000182,0.002591,-0.000819,-0.490960,0.000324
3.429000,-0.002457,0.013931,0.999345,-0.000177,0.002589,-0.000805,-0.490961,0.000324
3.430000,-0.000744,0.015294,0.999336,-0.000198,0.002588,-0.000790,-0.490962,0.000324
3.431000,-0.002666,0.014538,0.999349,-0.000196,0.002586,-0.000776,-0.490962,0.000323
3.432000,-0.002421,0.012965,0.999350,-0.000183,0.002583,-0.000763,-0.490963,0.000323
3.433000,-0.003255,0.014313,0.999357,-0.000204,0.002580,-0.000748,-0.490964,0.000323
3.434000,-0.003729,0.011878,0.999362,-0.000180,0.002576,-0.000736,-0.490964,0.000323
3.435000,-0.004018,0.014614,0.999366,-0.000218,0.002572,-0.000722,-0.490965,0.000323
3.436000,-0.003726,0.013621,0.999367,-0.000212,0.002568,-0.000708,-0.490965,0.000322
3.437000,-0.001443,0.011296,0.999354,-0.000189,0.002567,-0.000697,-0.490966,0.000322
3.438000,-0.002768,0.013400,0.999364,-0.000219,0.002564,-0.000684,-0.490967,0.000322
3.439000,-0.003286,0.013201,0.999370,-0.000222,0.002561,-0.000670,-0.490967,0.000322
3.440000,-0.001913,0.013352,0.999363,-0.000229,0.002559,-0.000657,-0.490968,0.000321
3.441000,-0.003407,0.013046,0.999374,-0.000230,0.002556,-0.000644,-0.490969,0.000321
3.442000,-0.003917,0.013210,0.999379,-0.000237,0.002552,-0.000631,-0.490969,0.000321
3.443000,-0.003582,0.013559,0.999380,-0.000247,0.002548,-0.000617,-0.490970,0.000321
3.444000,-0.002622,0.012672,0.999376,-0.000241,0.002545,-0.000605,-0.490970,0.000321
3.445000,-0.004128,0.014347,0.999387,-0.000266,0.002541,-0.000590,-0.490971,0.000320
3.446000,-0.003624,0.014412,0.999386,-0.000273,0.002538,-0.000576,-0.490972,0.000320
3.447000,-0.002430,0.013429,0.999381,-0.000267,0.002535,-0.000562,-0.490972,0.000320
3.448000,-0.002598,0.011745,0.999383,-0.000252,0.002533,-0.000551,-0.490973,0.000319
3.449000,-0.003487,0.013925,0.999391,-0.000282,0.002529,-0.000537,-0.490974,0.000319
3.450000,-0.001946,0.011655,0.999383,-0.000261,0.002527,-0.000525,-0.490974,0.000319
3.451000,-0.001852,0.012637,0.999384,-0.000277,0.002525,-0.000512,-0.490975,0.000319
3.452000,-0.003964,0.012787,0.999400,-0.000283,0.002521,-0.000500,-0.490975,0.000318
3.453000,-0.002775,0.011253,0.999394,-0.000270,0.002519,-0.000488,-0.490976,0.000318
3.454000,-0.002728,0.011624,0.999396,-0.000279,0.002516,-0.000477,-0.490977,0.000318
3.455000,-0.004015,0.011213,0.999406,-0.000278,0.002512,-0.000465,-0.490977,0.000318
3.456000,-0.002855,0.012076,0.999401,-0.000293,0.002509,-0.000453,-0.490978,0.000317
3.457000,-0.003941,0.011859,0.999409,-0.000295,0.002505,-0.000442,-0.490978,0.000317
3.458000,-0.002301,0.012581,0.999401,-0.000308,0.002503,-0.000429,-0.490979,0.000317
3.459000,-0.004604,0.012649,0.999418,-0.000314,0.002498,-0.000416,-0.490980,0.000316
3.460000,-0.003290,0.011574,0.999411,-0.000306,0.002495,-0.000405,-0.490980,0.000316
3.461000,-0.003074,0.010406,0.999412,-0.000296,0.002492,-0.000394,-0.490981,0.000316
3.462000,-0.003407,0.012175,0.999416,-0.000321,0.002488,-0.000382,-0.490981,0.000315
3.463000,-0.004226,0.011219,0.999423,-0.000315,0.002484,-0.000371,-0.490982,0.000315
3.464000,-0.005078,0.010022,0.999431,-0.000305,0.002479,-0.000361,-0.490983,0.000315
3.465000,-0.003108,0.011971,0.999421,-0.000332,0.002476,-0.000349,-0.490983,0.000314
3.466000,-0.002585,0.009195,0.999419,-0.000303,0.002473,-0.000340,-0.490984,0.000314
3.467000,-0.004391,0.009216,0.999433,-0.000307,0.002469,-0.000331,-0.490984,0.000314
3.468000,-0.003987,0.011221,0.999432,-0.000334,0.002465,-0.000319,-0.490985,0.000314
3.469000,-0.002830,0.010813,0.999427,-0.000333,0.002462,-0.000309,-0.490985,0.000313
3.470000,-0.004544,0.011370,0.999440,-0.000344,0.002458,-0.000297,-0.490986,0.000313
3.471000,-0.003745,0.009780,0.999437,-0.000329,0.002454,-0.000287,-0.490987,0.000313
3.472000,-0.004465,0.007571,0.999443,-0.000307,0.002449,-0.000280,-0.490987,0.000312
3.473000,-0.004036,0.008391,0.999443,-0.000319,0.002445,-0.000271,-0.490988,0.000312
3.474000,-0.004279,0.009400,0.999446,-0.000334,0.002441,-0.000262,-0.490988,0.000312
3.475000,-0.004246,0.008698,0.999448,-0.000329,0.002437,-0.000253,-0.490989,0.000311
3.476000,-0.005343,0.007894,0.999458,-0.000323,0.002432,-0.000245,-0.490989,0.000311
3.477000,-0.004518,0.007773,0.999455,-0.000324,0.002427,-0.000238,-0.490990,0.000311
3.478000,-0.005933,0.008528,0.999466,-0.000336,0.002421,-0.000229,-0.490990,0.000310
3.479000,-0.005425,0.006455,0.999465,-0.000315,0.002416,-0.000223,-0.490991,0.000310
3.480000,-0.005878,0.005770,0.999470,-0.000309,0.002410,-0.000217,-0.490991,0.000310
3.481000,-0.004178,0.004754,0.999462,-0.000299,0.002406,-0.000212,-0.490992,0.000309
3.482000,-0.006168,0.007085,0.999477,-0.000328,0.002399,-0.000205,-0.490993,0.000309
3.483000,-0.005245,0.005196,0.999473,-0.000308,0.002394,-0.000200,-0.490993,0.000309
3.484000,-0.004405,0.004824,0.999470,-0.000305,0.002390,-0.000195,-0.490994,0.000308
3.485000,-0.005941,0.002918,0.999482,-0.000284,0.002384,-0.000192,-0.490994,0.000308
3.486000,-0.004906,0.003403,0.999478,-0.000291,0.002379,-0.000189,-0.490995,0.000308
3.487000,-0.005756,0.002611,0.999486,-0.000283,0.002373,-0.000186,-0.490995,0.000308
3.488000,-0.006032,0.003214,0.999490,-0.000290,0.002367,-0.000183,-0.490996,0.000307
3.489000,-0.004135,0.004425,0.999480,-0.000306,0.002363,-0.000178,-0.490996,0.000307
3.490000,-0.003706,0.002375,0.999479,-0.000283,0.002359,-0.000176,-0.490997,0.000307
3.491000,-0.004394,0.002324,0.999486,-0.000283,0.002355,-0.000174,-0.490997,0.000306
3.492000,-0.006102,0.001656,0.999499,-0.000276,0.002349,-0.000172,-0.490998,0.000306
3.493000,-0.005841,0.000218,0.999500,-0.000259,0.002343,-0.000172,-0.490998,0.000306
3.494000,-0.006185,0.000970,0.999504,-0.000268,0.002337,-0.000171,-0.490999,0.000306
3.495000,-0.006322,0.001917,0.999508,-0.000279,0.002331,-0.000169,-0.490999,0.000305
3.496000,-0.005885,0.000845,0.999507,-0.000267,0.002325,-0.000168,-0.491000,0.000305
3.497000,-0.005755,-0.000672,0.999509,-0.000249,0.002319,-0.000169,-0.491000,0.000305
3.498000,-0.006517,-0.000666,0.999516,-0.000248,0.002312,-0.000169,-0.491001,0.000305
3.499000,-0.005505,-0.000485,0.999512,-0.000250,0.002307,-0.000170,-0.491001,0.000304
3.500000,-0.006456,-0.001308,0.999520,-0.000239,0.002300,-0.000171,-0.491002,0.000304
3.501000,-0.005935,-0.000615,0.999520,-0.000247,0.002294,-0.000172,-0.491002,0.000304
3.502000,-0.006633,-0.001893,0.999526,-0.000231,0.002288,-0.000174,-0.491003,0.000304
3.503000,-0.007059,-0.002345,0.999532,-0.000224,0.002281,-0.000176,-0.491003,0.000303
3.504000,-0.007067,-0.000420,0.999534,-0.000246,0.002274,-0.000177,-0.491004,0.000303
3.505000,-0.007020,-0.002340,0.999537,-0.000223,0.002267,-0.000179,-0.491004,0.000303
3.506000,-0.006338,-0.001751,0.999535,-0.000229,0.002260,-0.000181,-0.491004,0.000303
3.507000,-0.005913,-0.002937,0.999535,-0.000213,0.002254,-0.000184,-0.491005,0.000302
3.508000,-0.006757,-0.003629,0.999542,-0.000204,0.002248,-0.000187,-0.491005,0.000302
3.509000,-0.004988,-0.003389,0.999534,-0.000205,0.002243,-0.000191,-0.491006,0.000302
3.510000,-0.006593,-0.004144,0.999546,-0.000194,0.002236,-0.000195,-0.491006,0.000302
3.511000,-0.005872,-0.003363,0.999544,-0.000202,0.002230,-0.000198,-0.491007,0.000302
3.512000,-0.005867,-0.003932,0.999546,-0.000193,0.002224,-0.000202,-0.491007,0.000301
3.513000,-0.005829,-0.003084,0.999548,-0.000201,0.002219,-0.000205,-0.491008,0.000301
3.514000,-0.004992,-0.004799,0.999545,-0.000179,0.002214,-0.000210,-0.491008,0.000301
3.515000,-0.005945,-0.005401,0.999553,-0.000170,0.002208,-0.000215,-0.491009,0.000301
3.516000,-0.005987,-0.004729,0.999556,-0.000176,0.002202,-0.000220,-0.491009,0.000301
3.517000,-0.004107,-0.004626,0.999546,-0.000175,0.002197,-0.000225,-0.491010,0.000301
3.518000,-0.004719,-0.003855,0.999552,-0.000182,0.002193,-0.000229,-0.491010,0.000300
3.519000,-0.005945,-0.004346,0.999562,-0.000174,0.002187,-0.000233,-0.491010,0.000300
3.520000,-0.005244,-0.003480,0.999560,-0.000182,0.002182,-0.000236,-0.491011,0.000300
3.521000,-0.005424,-0.003407,0.999563,-0.000182,0.002176,-0.000240,-0.491011,0.000300
3.522000,-0.004595,-0.003897,0.999560,-0.000174,0.002172,-0.000244,-0.491012,0.000300
3.523000,-0.003929,-0.001821,0.999557,-0.000197,0.002168,-0.000245,-0.491012,0.000299
3.524000,-0.005957,-0.002958,0.999572,-0.000183,0.002162,-0.000248,-0.491013,0.000299
3.525000,-0.002564,-0.004158,0.999553,-0.000167,0.002159,-0.000253,-0.491013,0.000299
3.526000,-0.004680,-0.002586,0.999568,-0.000184,0.002154,-0.000255,-0.491013,0.000299
3.527000,-0.005213,-0.001438,0.999573,-0.000196,0.002149,-0.000257,-0.491014,0.000299
3.528000,-0.004346,-0.002567,0.999570,-0.000182,0.002145,-0.000259,-0.491014,0.000299
3.529000,-0.005030,-0.002485,0.999576,-0.000181,0.002140,-0.000262,-0.491015,0.000298
3.530000,-0.004527,-0.002207,0.999575,-0.000184,0.002135,-0.000264,-0.491015,0.000298
3.531000,-0.004429,-0.000453,0.999576,-0.000203,0.002131,-0.000264,-0.491016,0.000298
3.532000,-0.004481,-0.000911,0.999579,-0.000197,0.002126,-0.000265,-0.491016,0.000298
3.533000,-0.005272,-0.001345,0.999585,-0.000192,0.002121,-0.000267,-0.491016,0.000298
3.534000,-0.004802,-0.004056,0.999585,-0.000158,0.002116,-0.000271,-0.491017,0.000297
3.535000,-0.005140,-0.002807,0.999589,-0.000172,0.002111,-0.000273,-0.491017,0.000297
3.536000,-0.005213,-0.001919,0.999591,-0.000181,0.002106,-0.000275,-0.491018,0.000297
3.537000,-0.004340,-0.000303,0.999588,-0.000199,0.002102,-0.000276,-0.491018,0.000297
3.538000,-0.006183,-0.002428,0.999601,-0.000173,0.002095,-0.000278,-0.491019,0.000297
3.539000,-0.006039,-0.001055,0.999603,-0.000188,0.002089,-0.000279,-0.491019,0.000297
3.540000,-0.005398,-0.001654,0.999601,-0.000181,0.002084,-0.000281,-0.491019,0.000296
3.541000,-0.005854,-0.000969,0.999606,-0.000188,0.002078,-0.000282,-0.491020,0.000296
3.542000,-0.007000,0.000288,0.999615,-0.000202,0.002071,-0.000281,-0.491020,0.000296
3.543000,-0.005796,0.001112,0.999610,-0.000212,0.002065,-0.000280,-0.491021,0.000296
3.544000,-0.005873,0.001140,0.999613,-0.000212,0.002059,-0.000279,-0.491021,0.000296
3.545000,-0.007057,-0.000784,0.999622,-0.000190,0.002052,-0.000280,-0.491021,0.000295
3.546000,-0.005594,0.000576,0.999616,-0.000205,0.002047,-0.000279,-0.491022,0.000295
3.547000,-0.006131,0.001263,0.999621,-0.000214,0.002041,-0.000278,-0.491022,0.000295
3.548000,-0.006437,0.000563,0.999625,-0.000206,0.002034,-0.000278,-0.491022,0.000295
3.549000,-0.005947,0.000562,0.999624,-0.000205,0.002028,-0.000277,-0.491023,0.000295
3.550000,-0.004143,0.000562,0.999615,-0.000205,0.002024,-0.000276,-0.491023,0.000294
3.551000,-0.006680,0.000561,0.999633,-0.000205,0.002018,-0.000276,-0.491024,0.000294
3.552000,-0.007170,0.001770,0.999638,-0.000220,0.002010,-0.000274,-0.491024,0.000294
3.553000,-0.007285,0.000698,0.999642,-0.000208,0.002003,-0.000273,-0.491024,0.000294
3.554000,-0.006053,-0.000032,0.999636,-0.000199,0.001997,-0.000274,-0.491025,0.000293
3.555000,-0.007396,0.000573,0.999647,-0.000206,0.001990,-0.000273,-0.491025,0.000293
3.556000,-0.007494,0.000548,0.999650,-0.000205,0.001982,-0.000272,-0.491025,0.000293
3.557000,-0.006794,0.000541,0.999648,-0.000205,0.001975,-0.000272,-0.491026,0.000293
3.558000,-0.007738,-0.000144,0.999656,-0.000197,0.001968,-0.000272,-0.491026,0.000293
3.559000,-0.005981,0.002410,0.999648,-0.000227,0.001962,-0.000270,-0.491026,0.000292
3.560000,-0.006409,0.000689,0.999653,-0.000208,0.001955,-0.000269,-0.491027,0.000292
3.561000,-0.006202,0.001194,0.999653,-0.000214,0.001949,-0.000268,-0.491027,0.000292
3.562000,-0.006502,0.001044,0.999657,-0.000212,0.001942,-0.000267,-0.491027,0.000292
3.563000,-0.005667,0.000045,0.999654,-0.000200,0.001937,-0.000267,-0.491028,0.000292
3.564000,-0.006785,0.001088,0.999664,-0.000212,0.001930,-0.000266,-0.491028,0.000291
3.565000,-0.005657,0.000594,0.999659,-0.000207,0.001924,-0.000265,-0.491028,0.000291
3.566000,-0.004969,-0.000049,0.999656,-0.000199,0.001919,-0.000265,-0.491029,0.000291
3.567000,-0.006311,-0.000548,0.999667,-0.000193,0.001913,-0.000266,-0.491029,0.000291
3.568000,-0.006287,0.001168,0.999669,-0.000213,0.001907,-0.000264,-0.491029,0.000291
3.569000,-0.005836,0.000645,0.999668,-0.000207,0.001901,-0.000264,-0.491030,0.000290
3.570000,-0.005107,0.003221,0.999665,-0.000238,0.001896,-0.000260,-0.491030,0.000290
3.571000,-0.005469,0.001220,0.999670,-0.000215,0.001890,-0.000259,-0.491030,0.000290
3.572000,-0.005959,0.001749,0.999675,-0.000221,0.001884,-0.000258,-0.491031,0.000290
3.573000,-0.006023,0.001352,0.999677,-0.000217,0.001878,-0.000256,-0.491031,0.000289
3.574000,-0.005414,0.001201,0.999675,-0.000216,0.001873,-0.000255,-0.491031,0.000289
3.575000,-0.005119,0.001826,0.999675,-0.000223,0.001868,-0.000253,-0.491032,0.000289
3.576000,-0.005833,0.001617,0.999682,-0.000221,0.001862,-0.000252,-0.491032,0.000289
3.577000,-0.006561,0.001231,0.999688,-0.000217,0.001855,-0.000250,-0.491032,0.000289
3.578000,-0.005540,0.000938,0.999684,-0.000214,0.001850,-0.000249,-0.491033,0.000288
3.579000,-0.005136,0.001217,0.999683,-0.000217,0.001845,-0.000248,-0.491033,0.000288
3.580000,-0.005026,0.001064,0.999685,-0.000216,0.001840,-0.000247,-0.491033,0.000288
3.581000,-0.006235,0.002322,0.999694,-0.000231,0.001834,-0.000245,-0.491034,0.000288
3.582000,-0.005979,0.000243,0.999695,-0.000207,0.001828,-0.000245,-0.491034,0.000288
3.583000,-0.004465,-0.000889,0.999687,-0.000193,0.001823,-0.000245,-0.491034,0.000287
3.584000,-0.005064,0.000810,0.999693,-0.000213,0.001818,-0.000245,-0.491035,0.000287
3.585000,-0.006215,0.001628,0.999702,-0.000223,0.001812,-0.000243,-0.491035,0.000287
3.586000,-0.005132,0.000937,0.999697,-0.000215,0.001807,-0.000242,-0.491035,0.000287
3.587000,-0.005463,0.001560,0.999701,-0.000222,0.001801,-0.000240,-0.491036,0.000286
3.589000,-0.005262,0.000921,0.999703,-0.000215,0.001791,-0.000239,-0.491036,0.000286
3.590000,-0.005244,0.001512,0.999705,-0.000222,0.001785,-0.000237,-0.491036,0.000286
3.591000,-0.004848,0.000864,0.999704,-0.000215,0.001781,-0.000236,-0.491037,0.000286
3.592000,-0.003815,0.002159,0.999699,-0.000231,0.001777,-0.000234,-0.491037,0.000285
3.593000,-0.005484,0.000808,0.999712,-0.000215,0.001771,-0.000233,-0.491037,0.000285
3.594000,-0.003069,0.001416,0.999698,-0.000222,0.001768,-0.000232,-0.491038,0.000285
3.595000,-0.004362,0.000774,0.999708,-0.000215,0.001764,-0.000231,-0.491038,0.000285
3.596000,-0.004534,0.002080,0.999710,-0.000231,0.001759,-0.000229,-0.491038,0.000284
3.597000,-0.003798,0.002020,0.999707,-0.000230,0.001756,-0.000227,-0.491039,0.000284
3.598000,-0.003063,0.001972,0.999704,-0.000230,0.001752,-0.000225,-0.491039,0.000284
3.599000,-0.003569,0.001932,0.999709,-0.000231,0.001749,-0.000223,-0.491039,0.000284
3.600000,-0.004498,0.001890,0.999716,-0.000231,0.001744,-0.000221,-0.491039,0.000284
3.601000,-0.003698,0.000967,0.999713,-0.000227,0.001741,-0.000220,-0.491040,0.000283
3.602000,-0.005201,0.003402,0.999724,-0.000257,0.001736,-0.000217,-0.491040,0.000283
3.603000,-0.002757,0.001779,0.999710,-0.000238,0.001733,-0.000215,-0.491040,0.000283
3.604000,-0.004494,0.003277,0.999722,-0.000257,0.001728,-0.000212,-0.491041,0.000283
3.605000,-0.003099,0.001859,0.999715,-0.000241,0.001725,-0.000210,-0.491041,0.000282
3.606000,-0.004147,0.003216,0.999723,-0.000257,0.001721,-0.000207,-0.491041,0.000282
3.607000,-0.003930,0.002443,0.999723,-0.000249,0.001717,-0.000204,-0.491041,0.000282
3.608000,-0.002305,0.003698,0.999714,-0.000265,0.001715,-0.000201,-0.491042,0.000282
3.609000,-0.004469,0.004124,0.999729,-0.000271,0.001710,-0.000196,-0.491042,0.000281
3.610000,-0.003675,0.001662,0.999726,-0.000243,0.001707,-0.000195,-0.491042,0.000281
3.611000,-0.003282,0.003418,0.999725,-0.000265,0.001703,-0.000191,-0.491042,0.000281
3.612000,-0.004523,0.003465,0.999734,-0.000266,0.001699,-0.000188,-0.491043,0.000281
3.613000,-0.002807,0.002105,0.999724,-0.000251,0.001696,-0.000186,-0.491043,0.000280
3.614000,-0.004265,0.002697,0.999735,-0.000259,0.001692,-0.000183,-0.491043,0.000280
3.615000,-0.003170,0.002636,0.999730,-0.000259,0.001689,-0.000180,-0.491044,0.000280
3.616000,-0.003995,0.002563,0.999736,-0.000259,0.001685,-0.000178,-0.491044,0.000279
3.617000,-0.002866,0.003194,0.999730,-0.000267,0.001682,-0.000175,-0.491044,0.000279
3.618000,-0.001853,0.003035,0.999725,-0.000266,0.001680,-0.000172,-0.491044,0.000279
3.619000,-0.002648,0.001720,0.999731,-0.000251,0.001677,-0.000170,-0.491045,0.000279
3.620000,-0.002172,0.002318,0.999729,-0.000259,0.001675,-0.000168,-0.491045,0.000278
3.621000,-0.000950,0.002257,0.999723,-0.000259,0.001674,-0.000165,-0.491045,0.000278
3.622000,-0.002607,0.001515,0.999734,-0.000251,0.001672,-0.000164,-0.491045,0.000278
3.623000,-0.003505,0.004106,0.999741,-0.000282,0.001668,-0.000160,-0.491046,0.000278
3.624000,-0.003325,0.002061,0.999741,-0.000259,0.001665,-0.000158,-0.491046,0.000277
3.625000,-0.001659,0.002014,0.999732,-0.000259,0.001663,-0.000156,-0.491046,0.000277
3.626000,-0.002250,0.000672,0.999736,-0.000243,0.001661,-0.000155,-0.491047,0.000277
3.627000,-0.001492,0.000818,0.999733,-0.000245,0.001659,-0.000154,-0.491047,0.000277
3.628000,-0.002357,0.001632,0.999739,-0.000255,0.001657,-0.000153,-0.491047,0.000276
3.629000,-0.002610,0.002747,0.999742,-0.000268,0.001654,-0.000150,-0.491047,0.000276
3.630000,-0.001379,0.001224,0.999735,-0.000251,0.001653,-0.000149,-0.491048,0.000276
3.631000,-0.001322,0.000556,0.999736,-0.000243,0.001652,-0.000148,-0.491048,0.000276
3.632000,-0.002421,0.001085,0.999743,-0.000250,0.001649,-0.000147,-0.491048,0.000275
3.633000,-0.001677,0.000712,0.999740,-0.000245,0.001648,-0.000146,-0.491048,0.000275
3.634000,-0.002113,0.001916,0.999743,-0.000260,0.001645,-0.000144,-0.491049,0.000275
3.635000,-0.000238,0.000519,0.999732,-0.000243,0.001645,-0.000144,-0.491049,0.000275
3.636000,-0.002183,0.000505,0.999746,-0.000243,0.001643,-0.000143,-0.491049,0.000274
3.637000,-0.002465,-0.002024,0.999748,-0.000213,0.001641,-0.000145,-0.491049,0.000274
3.638000,-0.000090,0.000436,0.999734,-0.000241,0.001640,-0.000145,-0.491050,0.000274
3.639000,-0.001193,-0.000138,0.999742,-0.000234,0.001639,-0.000145,-0.491050,0.000274
3.640000,-0.002262,0.000095,0.999750,-0.000237,0.001637,-0.000145,-0.491050,0.000273
3.641000,-0.001412,-0.000048,0.999745,-0.000235,0.001636,-0.000145,-0.491050,0.000273
3.642000,-0.002095,-0.000846,0.999750,-0.000225,0.001633,-0.000146,-0.491051,0.000273
3.643000,-0.001341,-0.001175,0.999747,-0.000220,0.001632,-0.000147,-0.491051,0.000273
3.644000,-0.000350,-0.001230,0.999741,-0.000219,0.001632,-0.000148,-0.491051,0.000273
3.645000,-0.002314,-0.000672,0.999754,-0.000225,0.001629,-0.000149,-0.491051,0.000272
3.646000,-0.000684,0.000300,0.999745,-0.000236,0.001629,-0.000149,-0.491052,0.000272
3.647000,0.000402,-0.001799,0.999739,-0.000211,0.001629,-0.000150,-0.491052,0.000272
3.648000,0.000230,-0.001681,0.999740,-0.000211,0.001629,-0.000152,-0.491052,0.000272
3.649000,-0.000995,-0.001526,0.999748,-0.000212,0.001628,-0.000154,-0.491052,0.000271
3.650000,0.000066,0.000824,0.999742,-0.000239,0.001628,-0.000153,-0.491053,0.000271
3.651000,0.001079,-0.000385,0.999736,-0.000225,0.001630,-0.000153,-0.491053,0.000271
3.652000,-0.000792,-0.000230,0.999749,-0.000226,0.001629,-0.000153,-0.491053,0.000271
3.653000,0.000226,-0.002198,0.999743,-0.000202,0.001629,-0.000156,-0.491054,0.000271
3.654000,-0.001959,-0.000777,0.999757,-0.000218,0.001627,-0.000156,-0.491054,0.000270
3.655000,-0.000732,-0.001356,0.999750,-0.000211,0.001626,-0.000158,-0.491054,0.000270
3.656000,0.000176,0.000032,0.999745,-0.000226,0.001626,-0.000158,-0.491054,0.000270
3.657000,-0.001330,-0.000629,0.999755,-0.000218,0.001625,-0.000158,-0.491055,0.000270
3.658000,0.000041,-0.001797,0.999747,-0.000204,0.001625,-0.000160,-0.491055,0.000270
3.659000,-0.000735,0.000625,0.999753,-0.000232,0.001624,-0.000159,-0.491055,0.000269
3.660000,0.001019,-0.000317,0.999742,-0.000220,0.001625,-0.000160,-0.491055,0.000269
3.661000,0.000320,-0.000235,0.999747,-0.000221,0.001626,-0.000160,-0.491056,0.000269
3.662000,-0.001299,-0.000399,0.999758,-0.000219,0.001624,-0.000160,-0.491056,0.000269
3.663000,-0.000153,0.001384,0.999751,-0.000239,0.001624,-0.000159,-0.491056,0.000268
3.664000,-0.000045,-0.000494,0.999751,-0.000217,0.001624,-0.000160,-0.491056,0.000268
3.665000,-0.000032,0.000370,0.999752,-0.000227,0.001624,-0.000159,-0.491057,0.000268
3.666000,-0.001394,0.000920,0.999761,-0.000234,0.001623,-0.000158,-0.491057,0.000268
3.667000,0.000031,-0.000533,0.999753,-0.000216,0.001623,-0.000159,-0.491057,0.000267
3.668000,0.001590,-0.000441,0.999743,-0.000217,0.001624,-0.000159,-0.491057,0.000267
3.669000,-0.001666,-0.000401,0.999764,-0.000217,0.001623,-0.000160,-0.491058,0.000267
3.670000,0.000690,-0.000366,0.999750,-0.000217,0.001624,-0.000160,-0.491058,0.000267
3.671000,0.001136,-0.000414,0.999747,-0.000216,0.001625,-0.000160,-0.491058,0.000267
3.672000,-0.000529,0.000942,0.999758,-0.000232,0.001624,-0.000159,-0.491058,0.000266
3.673000,-0.000880,0.000217,0.999761,-0.000223,0.001623,-0.000159,-0.491059,0.000266
3.674000,0.000734,0.000403,0.999752,-0.000225,0.001624,-0.000159,-0.491059,0.000266
3.675000,-0.002921,-0.000904,0.999775,-0.000210,0.001621,-0.000160,-0.491059,0.000266
3.676000,-0.000593,0.001159,0.999762,-0.000234,0.001620,-0.000159,-0.491059,0.000265
3.677000,-0.002030,0.001771,0.999771,-0.000241,0.001618,-0.000157,-0.491059,0.000265
3.678000,-0.000209,0.000598,0.999761,-0.000228,0.001618,-0.000156,-0.491060,0.000265
3.679000,-0.002094,0.001099,0.999773,-0.000233,0.001616,-0.000155,-0.491060,0.000265
3.680000,0.000857,0.000867,0.999755,-0.000231,0.001617,-0.000154,-0.491060,0.000265
3.681000,-0.000102,0.001699,0.999762,-0.000241,0.001617,-0.000153,-0.491060,0.000264
3.682000,-0.001541,0.001643,0.999772,-0.000241,0.001615,-0.000151,-0.491061,0.000264
3.683000,-0.001463,0.000405,0.999772,-0.000226,0.001614,-0.000150,-0.491061,0.000264
3.684000,-0.000990,0.001138,0.999770,-0.000235,0.001613,-0.000149,-0.491061,0.000264
3.685000,-0.001215,0.001640,0.999772,-0.000241,0.001612,-0.000148,-0.491061,0.000263
3.686000,-0.001568,0.001444,0.999775,-0.000239,0.001610,-0.000146,-0.491062,0.000263
3.687000,-0.000980,0.001047,0.999772,-0.000235,0.001609,-0.000145,-0.491062,0.000263
3.688000,-0.000680,0.002065,0.999771,-0.000247,0.001608,-0.000143,-0.491062,0.000263
3.689000,-0.001038,0.000849,0.999774,-0.000233,0.001607,-0.000142,-0.491062,0.000262
3.690000,-0.001512,0.000187,0.999777,-0.000225,0.001606,-0.000142,-0.491062,0.000262
3.691000,-0.000091,0.000292,0.999769,-0.000226,0.001606,-0.000142,-0.491063,0.000262
3.692000,-0.001764,0.001032,0.999780,-0.000235,0.001604,-0.000141,-0.491063,0.000262
3.693000,-0.000104,0.000741,0.999770,-0.000232,0.001604,-0.000140,-0.491063,0.000262
3.694000,-0.002233,0.001558,0.999785,-0.000241,0.001602,-0.000139,-0.491063,0.000261
3.695000,-0.002729,0.000882,0.999789,-0.000234,0.001599,-0.000138,-0.491064,0.000261
3.696000,-0.001857,0.000344,0.999784,-0.000227,0.001597,-0.000137,-0.491064,0.000261
3.697000,-0.000888,0.000713,0.999779,-0.000232,0.001596,-0.000137,-0.491064,0.000261
3.698000,-0.002699,0.000835,0.999791,-0.000233,0.001594,-0.000136,-0.491064,0.000260
3.699000,-0.000943,0.000250,0.999781,-0.000226,0.001593,-0.000135,-0.491064,0.000260
3.700000,-0.001763,0.002192,0.999787,-0.000249,0.001591,-0.000133,-0.491065,0.000260
3.701000,-0.002983,0.000856,0.999796,-0.000234,0.001588,-0.000132,-0.491065,0.000260
3.702000,-0.002451,0.000851,0.999793,-0.000234,0.001585,-0.000132,-0.491065,0.000259
3.703000,-0.001837,0.000317,0.999790,-0.000228,0.001584,-0.000131,-0.491065,0.000259
3.704000,-0.001638,-0.000018,0.999790,-0.000223,0.001582,-0.000131,-0.491066,0.000259
3.705000,-0.003204,0.000198,0.999801,-0.000226,0.001579,-0.000131,-0.491066,0.000259
3.706000,-0.004701,0.000174,0.999811,-0.000225,0.001574,-0.000131,-0.491066,0.000258
3.707000,-0.002654,0.000895,0.999800,-0.000234,0.001571,-0.000130,-0.491066,0.000258
3.708000,-0.002105,-0.000242,0.999797,-0.000220,0.001569,-0.000130,-0.491066,0.000258
3.709000,-0.003515,0.000232,0.999807,-0.000225,0.001566,-0.000130,-0.491067,0.000258
3.710000,-0.002081,0.000720,0.999799,-0.000231,0.001564,-0.000129,-0.491067,0.000258
3.711000,-0.003876,0.000864,0.999812,-0.000233,0.001560,-0.000128,-0.491067,0.000257
3.712000,-0.005227,-0.001077,0.999822,-0.000210,0.001555,-0.000130,-0.491067,0.000257
3.713000,-0.005325,0.000986,0.999824,-0.000234,0.001549,-0.000129,-0.491067,0.000257
3.714000,-0.004043,0.001081,0.999817,-0.000235,0.001545,-0.000127,-0.491067,0.000257
3.715000,-0.004611,0.000625,0.999822,-0.000230,0.001541,-0.000127,-0.491068,0.000256
3.716000,-0.004670,-0.000220,0.999824,-0.000219,0.001536,-0.000127,-0.491068,0.000256
3.717000,-0.003914,0.000434,0.999821,-0.000227,0.001532,-0.000127,-0.491068,0.000256
3.718000,-0.004283,0.001649,0.999824,-0.000241,0.001528,-0.000125,-0.491068,0.000256
3.719000,-0.003585,0.000204,0.999821,-0.000224,0.001524,-0.000125,-0.491068,0.000256
3.720000,-0.005820,-0.000043,0.999837,-0.000221,0.001518,-0.000125,-0.491068,0.000255
3.721000,-0.003468,0.001588,0.999823,-0.000241,0.001515,-0.000123,-0.491069,0.000255
3.722000,-0.003997,0.000335,0.999828,-0.000226,0.001511,-0.000123,-0.491069,0.000255
3.723000,-0.003055,0.001082,0.999823,-0.000235,0.001508,-0.000122,-0.491069,0.000255
3.724000,-0.004887,0.000193,0.999836,-0.000224,0.001503,-0.000122,-0.491069,0.000254
3.725000,-0.005569,0.002258,0.999842,-0.000249,0.001497,-0.000119,-0.491069,0.000254
3.726000,-0.004684,0.002244,0.999838,-0.000249,0.001493,-0.000117,-0.491070,0.000254
3.727000,-0.005455,0.002197,0.999844,-0.000249,0.001487,-0.000115,-0.491070,0.000254
3.728000,-0.003768,0.002160,0.999835,-0.000249,0.001483,-0.000113,-0.491070,0.000253
3.729000,-0.005512,0.001421,0.999847,-0.000241,0.001478,-0.000111,-0.491070,0.000253
3.730000,-0.005196,0.001469,0.999847,-0.000242,0.001473,-0.000110,-0.491070,0.000253
3.731000,-0.004724,0.001370,0.999846,-0.000241,0.001468,-0.000108,-0.491070,0.000253
3.732000,-0.006649,0.000883,0.999859,-0.000236,0.001461,-0.000108,-0.491070,0.000252
3.733000,-0.005056,0.001224,0.999851,-0.000240,0.001456,-0.000106,-0.491071,0.000252
3.734000,-0.004042,0.001261,0.999846,-0.000240,0.001452,-0.000105,-0.491071,0.000252
3.735000,-0.004407,-0.000033,0.999850,-0.000225,0.001448,-0.000105,-0.491071,0.000252
3.736000,-0.004386,0.000021,0.999851,-0.000226,0.001443,-0.000105,-0.491071,0.000252
3.737000,-0.006459,0.001343,0.999865,-0.000241,0.001437,-0.000104,-0.491071,0.000251
3.738000,-0.005808,0.002022,0.999863,-0.000249,0.001431,-0.000102,-0.491071,0.000251
3.739000,-0.006252,0.001974,0.999867,-0.000249,0.001425,-0.000100,-0.491071,0.000251
3.740000,-0.005629,0.000449,0.999865,-0.000232,0.001419,-0.000099,-0.491072,0.000251
3.741000,-0.004414,0.002801,0.999859,-0.000260,0.001415,-0.000097,-0.491072,0.000250
3.742000,-0.003834,0.000524,0.999857,-0.000233,0.001411,-0.000096,-0.491072,0.000250
3.743000,-0.005219,0.003369,0.999867,-0.000267,0.001406,-0.000093,-0.491072,0.000250
3.744000,-0.006394,0.001157,0.999876,-0.000242,0.001399,-0.000091,-0.491072,0.000250
3.745000,-0.004685,0.001094,0.999867,-0.000241,0.001395,-0.000090,-0.491072,0.000249
3.746000,-0.006547,0.000976,0.999880,-0.000240,0.001388,-0.000089,-0.491072,0.000249
3.747000,-0.004627,0.001148,0.999869,-0.000242,0.001384,-0.000088,-0.491073,0.000249
3.748000,-0.004973,0.001957,0.999873,-0.000252,0.001379,-0.000086,-0.491073,0.000249
3.749000,-0.005061,0.000362,0.999875,-0.000234,0.001374,-0.000086,-0.491073,0.000248
3.750000,-0.005722,0.001119,0.999881,-0.000242,0.001368,-0.000085,-0.491073,0.000248
3.751000,-0.005468,0.001233,0.999881,-0.000244,0.001362,-0.000084,-0.491073,0.000248
3.752000,-0.004601,0.001587,0.999877,-0.000248,0.001358,-0.000082,-0.491073,0.000248
3.753000,-0.005408,0.002371,0.999883,-0.000258,0.001352,-0.000080,-0.491073,0.000247
3.754000,-0.006056,-0.000103,0.999889,-0.000229,0.001346,-0.000080,-0.491073,0.000247
3.755000,-0.006936,0.000296,0.999896,-0.000234,0.001339,-0.000079,-0.491073,0.000247
3.756000,-0.004932,0.003044,0.999885,-0.000266,0.001334,-0.000076,-0.491074,0.000247
3.757000,-0.005565,0.002316,0.999890,-0.000259,0.001329,-0.000074,-0.491074,0.000246
3.758000,-0.006305,0.001648,0.999897,-0.000251,0.001323,-0.000072,-0.491074,0.000246
3.759000,-0.005373,0.001618,0.999892,-0.000251,0.001317,-0.000071,-0.491074,0.000246
3.760000,-0.007201,0.000906,0.999906,-0.000243,0.001310,-0.000070,-0.491074,0.000246
3.761000,-0.006508,0.002205,0.999903,-0.000259,0.001303,-0.000068,-0.491074,0.000245
3.762000,-0.004788,0.000233,0.999894,-0.000236,0.001299,-0.000067,-0.491074,0.000245
3.763000,-0.006833,0.001019,0.999908,-0.000245,0.001292,-0.000066,-0.491074,0.000245
3.764000,-0.006217,0.000673,0.999906,-0.000241,0.001286,-0.000066,-0.491074,0.000245
3.765000,-0.005751,0.000797,0.999905,-0.000242,0.001280,-0.000065,-0.491075,0.000244
3.766000,-0.004261,0.001446,0.999897,-0.000250,0.001276,-0.000064,-0.491075,0.000244
3.767000,-0.005741,0.001523,0.999907,-0.000251,0.001270,-0.000062,-0.491075,0.000244
3.768000,-0.007020,0.001422,0.999917,-0.000251,0.001263,-0.000061,-0.491075,0.000244
3.769000,-0.004627,0.000160,0.999904,-0.000236,0.001258,-0.000060,-0.491075,0.000243
3.770000,-0.005620,0.000889,0.999911,-0.000244,0.001253,-0.000060,-0.491075,0.000243
3.771000,-0.005150,0.001236,0.999910,-0.000248,0.001247,-0.000058,-0.491075,0.000243
3.772000,-0.005349,0.000035,0.999912,-0.000234,0.001242,-0.000058,-0.491075,0.000243
3.773000,-0.004887,0.000775,0.999911,-0.000243,0.001237,-0.000058,-0.491075,0.000242
3.774000,-0.005965,0.000789,0.999919,-0.000243,0.001231,-0.000057,-0.491075,0.000242
3.775000,-0.004321,0.001411,0.999910,-0.000251,0.001227,-0.000055,-0.491075,0.000242
3.776000,-0.005294,0.000857,0.999918,-0.000244,0.001222,-0.000054,-0.491076,0.000242
3.777000,-0.005739,0.000585,0.999922,-0.000241,0.001216,-0.000054,-0.491076,0.000241
3.778000,-0.006564,-0.000498,0.999929,-0.000228,0.001209,-0.000054,-0.491076,0.000241
3.779000,-0.005836,0.001236,0.999926,-0.000248,0.001204,-0.000053,-0.491076,0.000241
3.780000,-0.006013,-0.001796,0.999928,-0.000212,0.001197,-0.000055,-0.491076,0.000241
3.781000,-0.005699,-0.001155,0.999928,-0.000219,0.001192,-0.000056,-0.491076,0.000241
3.782000,-0.006000,0.000690,0.999931,-0.000240,0.001186,-0.000055,-0.491076,0.000240
3.783000,-0.006003,-0.000365,0.999933,-0.000228,0.001180,-0.000056,-0.491076,0.000240
3.784000,-0.004365,0.000239,0.999924,-0.000234,0.001175,-0.000056,-0.491076,0.000240
3.785000,-0.005724,-0.000405,0.999934,-0.000227,0.001170,-0.000056,-0.491076,0.000240
3.786000,-0.005689,-0.000454,0.999935,-0.000226,0.001164,-0.000056,-0.491076,0.000239
3.787000,-0.005973,-0.000350,0.999938,-0.000226,0.001158,-0.000057,-0.491076,0.000239
3.788000,-0.005860,-0.000997,0.999939,-0.000218,0.001152,-0.000058,-0.491076,0.000239
3.789000,-0.003175,-0.000254,0.999923,-0.000226,0.001149,-0.000058,-0.491076,0.000239
3.790000,-0.005527,0.000400,0.999939,-0.000234,0.001143,-0.000058,-0.491077,0.000238
3.791000,-0.005286,-0.000211,0.999939,-0.000226,0.001138,-0.000058,-0.491077,0.000238
3.792000,-0.003539,0.001585,0.999930,-0.000247,0.001135,-0.000056,-0.491077,0.000238
3.793000,-0.005336,-0.000116,0.999942,-0.000227,0.001129,-0.000056,-0.491077,0.000238
3.794000,-0.004426,-0.000653,0.999938,-0.000221,0.001125,-0.000057,-0.491077,0.000238
3.795000,-0.004558,0.000317,0.999940,-0.000232,0.001120,-0.000057,-0.491077,0.000237
3.796000,-0.003762,0.001058,0.999936,-0.000240,0.001117,-0.000056,-0.491077,0.000237
3.797000,-0.003427,0.001080,0.999935,-0.000241,0.001113,-0.000055,-0.491077,0.000237
3.798000,-0.004449,-0.000157,0.999942,-0.000226,0.001109,-0.000055,-0.491077,0.000237
3.799000,-0.003873,0.000500,0.999939,-0.000234,0.001105,-0.000054,-0.491077,0.000236
3.800000,-0.004685,0.000489,0.999946,-0.000234,0.001100,-0.000054,-0.491077,0.000236
3.801000,-0.003493,0.001718,0.999939,-0.000248,0.001097,-0.000052,-0.491077,0.000236
3.802000,-0.003814,0.000639,0.999942,-0.000236,0.001093,-0.000051,-0.491077,0.000236
3.803000,-0.003685,0.001931,0.999942,-0.000251,0.001089,-0.000049,-0.491077,0.000235
3.804000,-0.002745,0.000267,0.999937,-0.000232,0.001086,-0.000049,-0.491077,0.000235
3.805000,-0.004006,-0.000129,0.999946,-0.000227,0.001082,-0.000049,-0.491077,0.000235
3.806000,-0.003103,-0.000409,0.999942,-0.000223,0.001079,-0.000050,-0.491077,0.000235
3.807000,-0.002957,-0.000247,0.999941,-0.000225,0.001076,-0.000050,-0.491078,0.000235
3.808000,-0.004528,0.001049,0.999952,-0.000240,0.001072,-0.000049,-0.491078,0.000234
3.809000,-0.004129,-0.000611,0.999951,-0.000220,0.001068,-0.000049,-0.491078,0.000234
3.810000,-0.002373,0.000630,0.999941,-0.000234,0.001065,-0.000049,-0.491078,0.000234
3.811000,-0.003371,0.000074,0.999948,-0.000228,0.001062,-0.000049,-0.491078,0.000234
3.812000,-0.003920,0.001744,0.999952,-0.000247,0.001058,-0.000047,-0.491078,0.000233
3.813000,-0.002846,0.000659,0.999946,-0.000235,0.001055,-0.000046,-0.491078,0.000233
3.814000,-0.003864,-0.000775,0.999954,-0.000218,0.001051,-0.000047,-0.491078,0.000233
3.815000,-0.002637,-0.000765,0.999947,-0.000217,0.001049,-0.000048,-0.491078,0.000233
3.816000,-0.001884,-0.000291,0.999943,-0.000222,0.001047,-0.000048,-0.491078,0.000232
3.817000,-0.002349,0.001918,0.999946,-0.000248,0.001044,-0.000046,-0.491078,0.000232
3.818000,-0.002668,0.001245,0.999949,-0.000241,0.001042,-0.000045,-0.491078,0.000232
3.819000,-0.003950,0.000620,0.999958,-0.000234,0.001038,-0.000044,-0.491078,0.000232
3.820000,-0.001996,0.000636,0.999946,-0.000234,0.001036,-0.000044,-0.491078,0.000231
3.821000,-0.003116,0.000016,0.999954,-0.000226,0.001033,-0.000044,-0.491078,0.000231
3.822000,-0.003463,0.000132,0.999957,-0.000227,0.001029,-0.000044,-0.491078,0.000231
3.823000,-0.002706,0.001286,0.999953,-0.000241,0.001027,-0.000042,-0.491078,0.000231
3.824000,-0.002063,-0.000270,0.999950,-0.000223,0.001024,-0.000043,-0.491078,0.000231
3.825000,-0.001820,-0.000168,0.999949,-0.000223,0.001023,-0.000043,-0.491078,0.000230
3.826000,-0.003940,0.002791,0.999963,-0.000258,0.001019,-0.000040,-0.491079,0.000230
3.827000,-0.004387,0.001994,0.999967,-0.000250,0.001014,-0.000038,-0.491079,0.000230
3.828000,-0.003341,-0.000061,0.999961,-0.000226,0.001011,-0.000038,-0.491079,0.000230
3.829000,-0.001236,0.001783,0.999949,-0.000247,0.001010,-0.000036,-0.491079,0.000229
3.830000,-0.003642,0.000157,0.999965,-0.000229,0.001006,-0.000036,-0.491079,0.000229
3.831000,-0.002869,0.000663,0.999960,-0.000234,0.001003,-0.000035,-0.491079,0.000229
3.832000,-0.003240,0.001931,0.999964,-0.000249,0.001000,-0.000034,-0.491079,0.000229
3.833000,-0.002968,0.001891,0.999963,-0.000249,0.000997,-0.000032,-0.491079,0.000228
3.834000,-0.003822,0.001151,0.999969,-0.000241,0.000993,-0.000030,-0.491079,0.000228
3.835000,-0.004709,0.000424,0.999976,-0.000233,0.000988,-0.000030,-0.491079,0.000228
3.836000,-0.004737,0.001383,0.999977,-0.000244,0.000984,-0.000029,-0.491079,0.000228
3.837000,-0.002038,0.000562,0.999961,-0.000234,0.000982,-0.000028,-0.491079,0.000227
3.838000,-0.003046,0.000519,0.999968,-0.000234,0.000979,-0.000028,-0.491079,0.000227
3.839000,-0.003804,0.000518,0.999973,-0.000234,0.000975,-0.000027,-0.491079,0.000227
3.840000,-0.003959,0.000522,0.999975,-0.000234,0.000971,-0.000027,-0.491079,0.000227
3.841000,-0.002211,0.000528,0.999965,-0.000234,0.000969,-0.000026,-0.491079,0.000227
3.842000,-0.002593,-0.000168,0.999968,-0.000225,0.000966,-0.000026,-0.491079,0.000226
3.843000,-0.003242,0.001868,0.999973,-0.000249,0.000963,-0.000024,-0.491079,0.000226
3.844000,-0.003423,0.000518,0.999975,-0.000234,0.000959,-0.000024,-0.491079,0.000226
3.845000,-0.002627,0.001731,0.999971,-0.000248,0.000957,-0.000022,-0.491079,0.000226
3.846000,-0.003476,-0.000475,0.999977,-0.000222,0.000953,-0.000023,-0.491079,0.000225
3.847000,-0.004553,0.000400,0.999985,-0.000232,0.000949,-0.000022,-0.491079,0.000225
3.848000,-0.003737,0.001199,0.999981,-0.000242,0.000945,-0.000021,-0.491079,0.000225
3.849000,-0.002573,0.000499,0.999974,-0.000233,0.000942,-0.000020,-0.491079,0.000225
3.850000,-0.002833,0.001200,0.999976,-0.000242,0.000940,-0.000019,-0.491079,0.000224
3.851000,-0.002698,0.000510,0.999976,-0.000234,0.000937,-0.000019,-0.491079,0.000224
3.852000,-0.002542,0.000512,0.999976,-0.000234,0.000934,-0.000018,-0.491079,0.000224
3.853000,-0.001318,-0.001398,0.999969,-0.000211,0.000933,-0.000020,-0.491079,0.000224
3.854000,-0.002476,-0.000030,0.999976,-0.000226,0.000931,-0.000020,-0.491079,0.000223
3.855000,-0.003505,0.000621,0.999984,-0.000234,0.000927,-0.000019,-0.491079,0.000223
3.856000,-0.003467,-0.000081,0.999984,-0.000225,0.000924,-0.000019,-0.491079,0.000223
3.857000,-0.001093,-0.000042,0.999970,-0.000226,0.000923,-0.000019,-0.491079,0.000223
3.858000,-0.001695,0.000666,0.999974,-0.000234,0.000921,-0.000018,-0.491079,0.000223
3.859000,-0.004230,0.000583,0.999991,-0.000233,0.000917,-0.000018,-0.491079,0.000222
3.860000,-0.003168,0.001988,0.999985,-0.000249,0.000913,-0.000016,-0.491079,0.000222
3.861000,-0.003213,-0.000973,0.999986,-0.000215,0.000910,-0.000017,-0.491079,0.000222
3.862000,-0.003147,0.000056,0.999986,-0.000226,0.000907,-0.000017,-0.491080,0.000222
3.863000,-0.002840,-0.000201,0.999985,-0.000223,0.000904,-0.000017,-0.491080,0.000221
3.864000,-0.001860,0.000653,0.999980,-0.000233,0.000902,-0.000016,-0.491080,0.000221
3.865000,-0.002097,0.001388,0.999982,-0.000241,0.000900,-0.000015,-0.491080,0.000221
3.866000,-0.001389,0.000187,0.999978,-0.000227,0.000899,-0.000015,-0.491080,0.000221
3.867000,-0.002324,-0.000591,0.999984,-0.000218,0.000897,-0.000015,-0.491080,0.000221
3.868000,-0.002393,0.000630,0.999985,-0.000232,0.000894,-0.000015,-0.491080,0.000220
3.869000,-0.001116,0.000516,0.999977,-0.000231,0.000893,-0.000014,-0.491080,0.000220
3.870000,-0.003562,0.000074,0.999993,-0.000225,0.000890,-0.000014,-0.491080,0.000220
3.871000,-0.002740,0.001829,0.999989,-0.000246,0.000887,-0.000012,-0.491080,0.000220
3.872000,-0.003545,0.001097,0.999995,-0.000238,0.000883,-0.000011,-0.491080,0.000219
3.873000,-0.002175,0.001380,0.999987,-0.000241,0.000881,-0.000010,-0.491080,0.000219
3.874000,-0.001350,-0.000288,0.999982,-0.000222,0.000880,-0.000010,-0.491080,0.000219
3.875000,-0.000804,0.001329,0.999979,-0.000241,0.000879,-0.000009,-0.491080,0.000219
3.876000,-0.001238,0.001319,0.999982,-0.000241,0.000878,-0.000008,-0.491080,0.000218
3.877000,-0.002344,0.002002,0.999989,-0.000249,0.000875,-0.000006,-0.491080,0.000218
3.878000,-0.002545,0.001342,0.999991,-0.000242,0.000873,-0.000004,-0.491080,0.000218
3.879000,-0.002169,0.001795,0.999990,-0.000247,0.000871,-0.000002,-0.491080,0.000218
3.880000,-0.001789,0.000781,0.999988,-0.000236,0.000869,-0.000002,-0.491080,0.000217
3.881000,-0.003314,0.001967,0.999998,-0.000250,0.000866,0.000000,-0.491080,0.000217
3.882000,-0.003642,0.001264,1.000001,-0.000242,0.000862,0.000002,-0.491080,0.000217
3.883000,-0.002831,0.000555,0.999996,-0.000234,0.000859,0.000002,-0.491080,0.000217
3.884000,-0.002465,0.001171,0.999995,-0.000241,0.000857,0.000003,-0.491080,0.000216
3.885000,-0.002646,0.002527,0.999996,-0.000257,0.000854,0.000006,-0.491080,0.000216
3.886000,-0.000967,0.001085,0.999986,-0.000241,0.000853,0.000007,-0.491080,0.000216
3.887000,-0.002682,0.000990,0.999998,-0.000240,0.000850,0.000008,-0.491080,0.000216
3.888000,-0.002400,0.002456,0.999996,-0.000258,0.000848,0.000010,-0.491080,0.000215
3.889000,-0.002977,0.000616,1.000001,-0.000236,0.000845,0.000011,-0.491080,0.000215
3.890000,-0.001556,0.001679,0.999992,-0.000249,0.000843,0.000013,-0.491080,0.000215
3.891000,-0.003042,0.001086,1.000002,-0.000242,0.000840,0.000014,-0.491080,0.000215
3.892000,-0.002225,0.001282,0.999998,-0.000245,0.000838,0.000015,-0.491080,0.000214
3.893000,-0.002270,0.001722,0.999998,-0.000250,0.000836,0.000017,-0.491080,0.000214
3.894000,-0.002046,0.001471,0.999998,-0.000248,0.000834,0.000018,-0.491080,0.000214
3.895000,-0.000848,0.000455,0.999990,-0.000236,0.000833,0.000019,-0.491080,0.000214
3.896000,-0.002915,-0.000979,1.000004,-0.000219,0.000830,0.000018,-0.491080,0.000214
3.897000,-0.002612,0.001556,1.000003,-0.000248,0.000827,0.000019,-0.491080,0.000213
3.898000,-0.001452,0.003632,0.999996,-0.000273,0.000826,0.000023,-0.491080,0.000213
3.899000,-0.000704,-0.000864,0.999991,-0.000221,0.000825,0.000022,-0.491080,0.000213
3.900000,-0.002978,-0.000980,1.000006,-0.000219,0.000822,0.000021,-0.491080,0.000213
3.901000,-0.002312,0.002175,1.000002,-0.000227,0.000820,0.000023,-0.491080,0.000212
3.902000,-0.001669,0.003398,0.999999,-0.000242,0.000818,0.000027,-0.491080,0.000212
3.903000,-0.002931,0.003853,1.000007,-0.000248,0.000815,0.000031,-0.491080,0.000212
3.904000,-0.000302,0.004520,0.999991,-0.000258,0.000815,0.000035,-0.491080,0.000212
3.905000,-0.002042,0.003148,1.000002,-0.000243,0.000813,0.000038,-0.491080,0.000211
3.906000,-0.002499,0.003168,1.000006,-0.000244,0.000810,0.000041,-0.491080,0.000211
3.907000,-0.002224,0.002835,1.000005,-0.000241,0.000808,0.000044,-0.491080,0.000211
3.908000,-0.002256,0.002343,1.000005,-0.000236,0.000806,0.000047,-0.491080,0.000211
3.909000,-0.001908,0.001532,1.000004,-0.000227,0.000804,0.000048,-0.491080,0.000210
3.910000,-0.002486,0.003378,1.000008,-0.000249,0.000802,0.000051,-0.491080,0.000210
3.911000,-0.000963,0.002643,0.999999,-0.000242,0.000801,0.000054,-0.491080,0.000210
3.912000,-0.001311,0.001880,1.000001,-0.000234,0.000799,0.000056,-0.491080,0.000210
3.913000,-0.001533,0.002531,1.000003,-0.000242,0.000798,0.000059,-0.491080,0.000209
3.914000,-0.001938,0.001695,1.000006,-0.000233,0.000796,0.000060,-0.491080,0.000209
3.915000,-0.001636,0.002543,1.000004,-0.000243,0.000794,0.000063,-0.491080,0.000209
3.916000,-0.000066,0.002360,0.999995,-0.000242,0.000794,0.000065,-0.491080,0.000209
3.917000,-0.001861,-0.000351,1.000006,-0.000210,0.000792,0.000065,-0.491080,0.000209
3.918000,-0.003667,0.001049,1.000018,-0.000226,0.000789,0.000066,-0.491080,0.000208
3.919000,-0.001553,-0.000346,1.000005,-0.000210,0.000787,0.000065,-0.491080,0.000208
3.920000,-0.001794,-0.000251,1.000007,-0.000211,0.000785,0.000065,-0.491080,0.000208
3.921000,-0.001517,0.001025,1.000006,-0.000225,0.000784,0.000066,-0.491080,0.000208
3.922000,-0.000918,0.001797,1.000002,-0.000235,0.000783,0.000068,-0.491080,0.000207
3.923000,-0.002229,0.001587,1.000011,-0.000233,0.000781,0.000070,-0.491080,0.000207
3.924000,-0.002008,0.000785,1.000010,-0.000224,0.000779,0.000070,-0.491080,0.000207
3.925000,-0.002727,0.002852,1.000015,-0.000248,0.000776,0.000073,-0.491080,0.000207
3.926000,-0.002543,0.002844,1.000015,-0.000249,0.000773,0.000076,-0.491080,0.000206
3.927000,-0.000456,0.001562,1.000002,-0.000235,0.000773,0.000078,-0.491080,0.000206
3.928000,-0.002382,-0.001356,1.000014,-0.000200,0.000771,0.000076,-0.491080,0.000206
3.929000,-0.001961,0.002078,1.000012,-0.000240,0.000769,0.000078,-0.491080,0.000206
3.930000,-0.002416,0.001447,1.000015,-0.000233,0.000766,0.000080,-0.491080,0.000206
3.931000,-0.002123,0.000818,1.000014,-0.000226,0.000764,0.000081,-0.491080,0.000205
3.932000,-0.001961,0.000817,1.000013,-0.000226,0.000762,0.000081,-0.491080,0.000205
3.933000,-0.000550,0.001522,1.000005,-0.000235,0.000761,0.000083,-0.491080,0.000205
3.934000,-0.001870,0.002528,1.000013,-0.000247,0.000760,0.000086,-0.491080,0.000205
3.935000,-0.001759,0.001287,1.000013,-0.000233,0.000758,0.000087,-0.491080,0.000204
3.936000,-0.002368,0.001301,1.000017,-0.000233,0.000755,0.000088,-0.491080,0.000204
3.937000,-0.002794,0.001290,1.000021,-0.000234,0.000753,0.000089,-0.491080,0.000204
3.938000,-0.001974,0.000576,1.000016,-0.000225,0.000751,0.000090,-0.491080,0.000204
3.939000,-0.003241,0.002598,1.000025,-0.000249,0.000747,0.000093,-0.491080,0.000203
3.940000,-0.003321,0.001213,1.000026,-0.000234,0.000744,0.000094,-0.491080,0.000203
3.941000,-0.003515,0.001206,1.000028,-0.000234,0.000741,0.000095,-0.491080,0.000203
3.942000,-0.002361,0.000558,1.000021,-0.000226,0.000738,0.000096,-0.491080,0.000203
3.943000,-0.003438,0.001863,1.000029,-0.000242,0.000735,0.000097,-0.491079,0.000202
3.944000,-0.001424,0.001134,1.000016,-0.000234,0.000733,0.000099,-0.491079,0.000202
3.945000,-0.003267,0.000505,1.000029,-0.000226,0.000730,0.000099,-0.491079,0.000202
3.946000,-0.001439,0.001750,1.000018,-0.000241,0.000729,0.000101,-0.491079,0.000202
3.947000,-0.003669,0.000400,1.000032,-0.000225,0.000725,0.000101,-0.491079,0.000202
3.948000,-0.003040,0.000413,1.000029,-0.000225,0.000722,0.000102,-0.491079,0.000201
3.949000,-0.004230,-0.000351,1.000037,-0.000216,0.000718,0.000101,-0.491079,0.000201
3.950000,-0.002726,0.001942,1.000028,-0.000243,0.000715,0.000103,-0.491079,0.000201
3.951000,-0.003366,0.001699,1.000033,-0.000241,0.000712,0.000105,-0.491079,0.000201
3.952000,-0.004038,0.001270,1.000038,-0.000236,0.000708,0.000106,-0.491079,0.000200
3.953000,-0.003055,0.002266,1.000033,-0.000248,0.000705,0.000108,-0.491079,0.000200
3.954000,-0.003820,0.001296,1.000038,-0.000237,0.000701,0.000110,-0.491079,0.000200
3.955000,-0.004766,0.000877,1.000045,-0.000232,0.000696,0.000111,-0.491079,0.000200
3.956000,-0.003955,0.001031,1.000041,-0.000234,0.000692,0.000112,-0.491079,0.000199
3.957000,-0.001861,0.000775,1.000028,-0.000231,0.000690,0.000112,-0.491079,0.000199
3.958000,-0.003136,0.001408,1.000037,-0.000239,0.000687,0.000114,-0.491079,0.000199
3.959000,-0.003727,0.002297,1.000041,-0.000250,0.000683,0.000116,-0.491079,0.000199
3.960000,-0.003014,0.001777,1.000038,-0.000244,0.000680,0.000118,-0.491079,0.000198
3.961000,-0.003835,0.001536,1.000044,-0.000242,0.000676,0.000119,-0.491079,0.000198
3.962000,-0.003158,0.003282,1.000040,-0.000263,0.000673,0.000123,-0.491079,0.000198
3.963000,-0.003880,0.000903,1.000045,-0.000236,0.000669,0.000124,-0.491079,0.000198
3.964000,-0.004267,0.000781,1.000049,-0.000234,0.000665,0.000124,-0.491079,0.000198
3.965000,-0.002032,0.000643,1.000035,-0.000233,0.000663,0.000125,-0.491079,0.000197
3.966000,-0.002648,0.000278,1.000040,-0.000228,0.000661,0.000125,-0.491079,0.000197
3.967000,-0.005336,0.001839,1.000057,-0.000247,0.000655,0.000127,-0.491079,0.000197
3.968000,-0.004153,0.001742,1.000051,-0.000246,0.000651,0.000129,-0.491079,0.000197
3.969000,-0.002055,0.001303,1.000038,-0.000241,0.000649,0.000130,-0.491079,0.000196
3.970000,-0.004046,0.002000,1.000051,-0.000250,0.000645,0.000132,-0.491078,0.000196
3.971000,-0.003171,0.001011,1.000047,-0.000239,0.000642,0.000133,-0.491078,0.000196
3.972000,-0.001223,0.001168,1.000035,-0.000241,0.000641,0.000134,-0.491078,0.000196
3.973000,-0.003123,-0.000087,1.000047,-0.000226,0.000637,0.000134,-0.491078,0.000195
3.974000,-0.003920,0.000571,1.000053,-0.000233,0.000633,0.000135,-0.491078,0.000195
3.975000,-0.003459,0.000060,1.000051,-0.000227,0.000630,0.000135,-0.491078,0.000195
3.976000,-0.003821,-0.000240,1.000054,-0.000223,0.000626,0.000135,-0.491078,0.000195
3.977000,-0.003747,0.000583,1.000054,-0.000233,0.000622,0.000135,-0.491078,0.000194
3.978000,-0.003232,-0.000685,1.000052,-0.000218,0.000619,0.000135,-0.491078,0.000194
3.979000,-0.004022,0.000691,1.000057,-0.000234,0.000615,0.000135,-0.491078,0.000194
3.980000,-0.004340,0.000700,1.000060,-0.000234,0.000611,0.000136,-0.491078,0.000194
3.981000,-0.004193,-0.000005,1.000060,-0.000225,0.000607,0.000136,-0.491078,0.000194
3.982000,-0.004984,0.000185,1.000066,-0.000227,0.000602,0.000136,-0.491078,0.000193
3.983000,-0.006110,0.001187,1.000074,-0.000239,0.000596,0.000137,-0.491078,0.000193
3.984000,-0.003884,0.000671,1.000061,-0.000233,0.000592,0.000138,-0.491078,0.000193
3.985000,-0.005466,0.001318,1.000072,-0.000241,0.000586,0.000139,-0.491078,0.000193
3.986000,-0.003442,0.001371,1.000060,-0.000242,0.000583,0.000141,-0.491078,0.000192
3.987000,-0.004435,0.000680,1.000068,-0.000234,0.000578,0.000141,-0.491078,0.000192
3.988000,-0.004293,0.001295,1.000068,-0.000241,0.000574,0.000143,-0.491077,0.000192
3.989000,-0.005999,0.001339,1.000079,-0.000242,0.000568,0.000144,-0.491077,0.000192
3.990000,-0.003897,0.000629,1.000067,-0.000234,0.000564,0.000145,-0.491077,0.000191
3.991000,-0.003411,0.001940,1.000065,-0.000249,0.000561,0.000147,-0.491077,0.000191
3.992000,-0.004765,0.000588,1.000074,-0.000233,0.000556,0.000147,-0.491077,0.000191
3.993000,-0.002874,0.000607,1.000063,-0.000234,0.000553,0.000148,-0.491077,0.000191
3.994000,-0.005758,0.000597,1.000082,-0.000234,0.000547,0.000148,-0.491077,0.000190
3.995000,-0.003222,0.001286,1.000067,-0.000242,0.000544,0.000150,-0.491077,0.000190
3.996000,-0.006492,-0.000202,1.000088,-0.000224,0.000538,0.000149,-0.491077,0.000190
3.997000,-0.004621,-0.000518,1.000078,-0.000220,0.000533,0.000149,-0.491077,0.000190
3.998000,-0.004051,-0.000064,1.000075,-0.000225,0.000529,0.000149,-0.491077,0.000190
3.999000,-0.004647,0.002023,1.000080,-0.000250,0.000524,0.000151,-0.491077,0.000189
4.000000,-0.005575,-0.000270,1.000087,-0.000223,0.000519,0.000151,-0.491077,0.000189
4.001000,-0.005188,0.001102,1.000085,-0.000239,0.000514,0.000152,-0.491076,0.000189
4.002000,-0.004073,0.002792,1.000079,-0.000259,0.000509,0.000155,-0.491076,0.000189
4.003000,-0.004710,-0.000064,1.000084,-0.000226,0.000505,0.000154,-0.491076,0.000188
4.004000,-0.004276,0.001245,1.000082,-0.000241,0.000500,0.000156,-0.491076,0.000188
4.005000,-0.005414,0.001220,1.000090,-0.000241,0.000495,0.000157,-0.491076,0.000188
4.006000,-0.003552,0.000568,1.000079,-0.000234,0.000492,0.000157,-0.491076,0.000188
4.007000,-0.003564,0.000579,1.000080,-0.000234,0.000488,0.000158,-0.491076,0.000187
4.008000,-0.005191,0.000582,1.000091,-0.000234,0.000483,0.000159,-0.491076,0.000187
4.009000,-0.004450,0.001222,1.000088,-0.000241,0.000478,0.000160,-0.491076,0.000187
4.010000,-0.004704,0.001775,1.000090,-0.000248,0.000474,0.000162,-0.491076,0.000187
4.011000,-0.005060,0.001323,1.000093,-0.000243,0.000469,0.000163,-0.491076,0.000186
4.012000,-0.007330,0.001187,1.000109,-0.000242,0.000461,0.000164,-0.491076,0.000186
4.013000,-0.005334,0.001038,1.000098,-0.000240,0.000456,0.000165,-0.491075,0.000186
4.014000,-0.004912,0.000666,1.000096,-0.000236,0.000451,0.000166,-0.491075,0.000186
4.015000,-0.005068,0.002381,1.000098,-0.000256,0.000446,0.000168,-0.491075,0.000185
4.016000,-0.003683,0.001773,1.000090,-0.000250,0.000442,0.000170,-0.491075,0.000185
4.017000,-0.005839,0.000648,1.000104,-0.000237,0.000436,0.000171,-0.491075,0.000185
4.018000,-0.004060,0.001170,1.000094,-0.000243,0.000432,0.000172,-0.491075,0.000185
4.019000,-0.004193,-0.000299,1.000096,-0.000226,0.000428,0.000172,-0.491075,0.000184
4.020000,-0.005497,0.001097,1.000105,-0.000242,0.000423,0.000173,-0.491075,0.000184
4.021000,-0.006822,0.002396,1.000115,-0.000257,0.000416,0.000175,-0.491075,0.000184
4.022000,-0.005882,0.002276,1.000110,-0.000257,0.000410,0.000177,-0.491075,0.000184
4.023000,-0.004917,-0.000920,1.000105,-0.000219,0.000405,0.000176,-0.491074,0.000184
4.024000,-0.005454,0.000788,1.000109,-0.000239,0.000400,0.000177,-0.491074,0.000183
4.025000,-0.004414,-0.000339,1.000104,-0.000225,0.000395,0.000177,-0.491074,0.000183
4.026000,-0.004751,0.000348,1.000107,-0.000233,0.000390,0.000177,-0.491074,0.000183
4.027000,-0.005210,0.001527,1.000110,-0.000247,0.000385,0.000179,-0.491074,0.000183
4.028000,-0.005124,0.000535,1.000111,-0.000236,0.000380,0.000179,-0.491074,0.000182
4.029000,-0.004337,-0.000278,1.000107,-0.000226,0.000376,0.000179,-0.491074,0.000182
4.030000,-0.005994,0.001097,1.000118,-0.000242,0.000370,0.000180,-0.491074,0.000182
4.031000,-0.004846,0.001072,1.000112,-0.000242,0.000365,0.000181,-0.491074,0.000182
4.032000,-0.003508,0.000890,1.000104,-0.000240,0.000361,0.000182,-0.491073,0.000181
4.033000,-0.004531,0.001161,1.000112,-0.000243,0.000357,0.000183,-0.491073,0.000181
4.034000,-0.004393,0.001720,1.000112,-0.000250,0.000352,0.000185,-0.491073,0.000181
4.035000,-0.003603,0.000326,1.000107,-0.000234,0.000349,0.000185,-0.491073,0.000181
4.036000,-0.003523,0.000945,1.000107,-0.000241,0.000345,0.000186,-0.491073,0.000180
4.037000,-0.004192,0.001630,1.000112,-0.000249,0.000341,0.000188,-0.491073,0.000180
4.038000,-0.004365,0.000907,1.000114,-0.000241,0.000337,0.000189,-0.491073,0.000180
4.039000,-0.004607,0.000900,1.000117,-0.000241,0.000332,0.000190,-0.491073,0.000180
4.040000,-0.004388,0.000889,1.000116,-0.000241,0.000328,0.000191,-0.491073,0.000179
4.041000,-0.004774,-0.000349,1.000119,-0.000226,0.000323,0.000190,-0.491072,0.000179
4.042000,-0.004674,-0.000321,1.000119,-0.000226,0.000318,0.000190,-0.491072,0.000179
4.043000,-0.003742,0.002328,1.000114,-0.000257,0.000315,0.000192,-0.491072,0.000179
4.044000,-0.004401,0.000282,1.000119,-0.000234,0.000310,0.000192,-0.491072,0.000178
4.045000,-0.004819,-0.000323,1.000123,-0.000226,0.000305,0.000192,-0.491072,0.000178
4.046000,-0.004161,0.001010,1.000119,-0.000242,0.000301,0.000193,-0.491072,0.000178
4.047000,-0.004728,0.000846,1.000124,-0.000240,0.000296,0.000194,-0.491072,0.000178
4.048000,-0.004605,0.000494,1.000124,-0.000236,0.000292,0.000194,-0.491072,0.000178
4.049000,-0.004205,0.001588,1.000122,-0.000249,0.000288,0.000196,-0.491071,0.000177
4.050000,-0.003484,0.000481,1.000118,-0.000236,0.000284,0.000197,-0.491071,0.000177
4.051000,-0.003066,-0.000155,1.000116,-0.000228,0.000281,0.000196,-0.491071,0.000177
4.052000,-0.005226,0.000164,1.000130,-0.000232,0.000276,0.000197,-0.491071,0.000177
4.053000,-0.004562,0.000916,1.000127,-0.000240,0.000271,0.000197,-0.491071,0.000176
4.054000,-0.004331,-0.001676,1.000126,-0.000210,0.000267,0.000196,-0.491071,0.000176
4.055000,-0.004057,0.001110,1.000125,-0.000242,0.000263,0.000197,-0.491071,0.000176
4.056000,-0.005061,0.000395,1.000133,-0.000233,0.000258,0.000197,-0.491071,0.000176
4.057000,-0.004134,-0.000265,1.000128,-0.000225,0.000254,0.000197,-0.491070,0.000175
4.058000,-0.004758,0.000435,1.000132,-0.000233,0.000249,0.000197,-0.491070,0.000175
4.059000,-0.002861,0.000448,1.000121,-0.000233,0.000246,0.000198,-0.491070,0.000175
4.060000,-0.003460,0.000457,1.000125,-0.000233,0.000243,0.000198,-0.491070,0.000175
4.061000,-0.003476,-0.000153,1.000126,-0.000226,0.000239,0.000198,-0.491070,0.000175
4.062000,-0.001936,0.001113,1.000117,-0.000241,0.000237,0.000199,-0.491070,0.000174
4.063000,-0.003726,-0.000213,1.000128,-0.000225,0.000234,0.000199,-0.491070,0.000174
4.064000,-0.004279,0.001137,1.000132,-0.000241,0.000229,0.000200,-0.491070,0.000174
4.065000,-0.002972,-0.000181,1.000125,-0.000225,0.000226,0.000200,-0.491069,0.000174
4.066000,-0.003088,0.000544,1.000126,-0.000234,0.000223,0.000201,-0.491069,0.000173
4.067000,-0.002295,0.000530,1.000121,-0.000234,0.000221,0.000201,-0.491069,0.000173
4.068000,-0.002947,0.001163,1.000126,-0.000241,0.000218,0.000202,-0.491069,0.000173
4.069000,-0.001871,0.000523,1.000119,-0.000234,0.000216,0.000203,-0.491069,0.000173
4.070000,-0.002657,0.001150,1.000125,-0.000241,0.000213,0.000204,-0.491069,0.000172
4.071000,-0.003063,-0.000102,1.000128,-0.000226,0.000210,0.000204,-0.491069,0.000172
4.072000,-0.002483,-0.000139,1.000124,-0.000225,0.000208,0.000204,-0.491069,0.000172
4.073000,-0.002500,-0.000055,1.000125,-0.000226,0.000205,0.000204,-0.491068,0.000172
4.074000,-0.002426,-0.000026,1.000125,-0.000226,0.000203,0.000204,-0.491068,0.000172
4.075000,-0.003334,-0.000003,1.000131,-0.000226,0.000200,0.000204,-0.491068,0.000171
4.076000,-0.002557,0.001942,1.000126,-0.000249,0.000197,0.000206,-0.491068,0.000171
4.077000,-0.003078,-0.000706,1.000130,-0.000218,0.000194,0.000205,-0.491068,0.000171
4.078000,-0.003325,0.000125,1.000132,-0.000227,0.000191,0.000205,-0.491068,0.000171
4.079000,-0.003720,0.000493,1.000135,-0.000231,0.000187,0.000206,-0.491068,0.000170
4.080000,-0.002541,0.001232,1.000128,-0.000240,0.000184,0.000207,-0.491068,0.000170
4.081000,-0.003508,0.000731,1.000135,-0.000234,0.000181,0.000207,-0.491067,0.000170
4.082000,-0.002722,0.001148,1.000130,-0.000239,0.000178,0.000209,-0.491067,0.000170
4.083000,-0.002581,0.000056,1.000130,-0.000227,0.000176,0.000209,-0.491067,0.000169
4.084000,-0.001705,0.000461,1.000124,-0.000231,0.000174,0.000209,-0.491067,0.000169
4.085000,-0.001897,0.000601,1.000126,-0.000233,0.000172,0.000210,-0.491067,0.000169
4.086000,-0.002789,0.001424,1.000132,-0.000243,0.000169,0.000211,-0.491067,0.000169
4.087000,-0.003393,-0.000162,1.000136,-0.000224,0.000166,0.000211,-0.491067,0.000168
4.088000,-0.002704,-0.000532,1.000132,-0.000219,0.000163,0.000210,-0.491067,0.000168
4.089000,-0.003476,0.001136,1.000137,-0.000239,0.000160,0.000212,-0.491066,0.000168
4.090000,-0.004839,-0.000669,1.000147,-0.000217,0.000155,0.000211,-0.491066,0.000168
4.091000,-0.002451,0.002024,1.000132,-0.000249,0.000152,0.000213,-0.491066,0.000168
4.092000,-0.001978,0.001369,1.000129,-0.000242,0.000150,0.000214,-0.491066,0.000167
4.093000,-0.000136,0.000663,1.000118,-0.000233,0.000150,0.000215,-0.491066,0.000167
4.094000,-0.001383,0.000154,1.000126,-0.000227,0.000149,0.000215,-0.491066,0.000167
4.095000,-0.002209,0.000517,1.000131,-0.000231,0.000147,0.000216,-0.491066,0.000167
4.096000,-0.001100,0.000630,1.000124,-0.000233,0.000146,0.000216,-0.491065,0.000166
4.097000,-0.002643,0.001356,1.000134,-0.000241,0.000143,0.000218,-0.491065,0.000166
4.098000,0.000702,0.001980,1.000113,-0.000249,0.000144,0.000220,-0.491065,0.000166
4.099000,-0.001489,-0.000695,1.000127,-0.000218,0.000142,0.000219,-0.491065,0.000166
4.100000,-0.002535,0.002596,1.000133,-0.000256,0.000140,0.000222,-0.491065,0.000165
4.101000,-0.001393,0.000617,1.000126,-0.000234,0.000138,0.000222,-0.491065,0.000165
4.102000,-0.001957,0.001911,1.000130,-0.000249,0.000136,0.000224,-0.491065,0.000165
4.103000,-0.002675,0.000582,1.000135,-0.000234,0.000134,0.000225,-0.491065,0.000165
4.104000,-0.002990,0.000584,1.000137,-0.000234,0.000131,0.000225,-0.491064,0.000164
4.105000,-0.001035,0.000485,1.000125,-0.000232,0.000130,0.000226,-0.491064,0.000164
4.106000,-0.002131,0.000149,1.000132,-0.000228,0.000127,0.000226,-0.491064,0.000164
4.107000,-0.002271,0.001980,1.000133,-0.000250,0.000125,0.000228,-0.491064,0.000164
4.108000,-0.001339,-0.000714,1.000127,-0.000218,0.000124,0.000227,-0.491064,0.000164
4.109000,-0.002932,-0.000081,1.000138,-0.000225,0.000121,0.000227,-0.491064,0.000163
4.110000,-0.002771,0.001341,1.000137,-0.000242,0.000118,0.000228,-0.491064,0.000163
4.111000,-0.001557,0.000621,1.000130,-0.000234,0.000117,0.000229,-0.491064,0.000163
4.112000,-0.001558,0.001236,1.000130,-0.000241,0.000115,0.000230,-0.491063,0.000163
4.113000,-0.002210,0.001913,1.000134,-0.000249,0.000113,0.000232,-0.491063,0.000162
4.114000,-0.001510,0.001179,1.000130,-0.000241,0.000111,0.000233,-0.491063,0.000162
4.115000,-0.003181,0.000538,1.000141,-0.000233,0.000108,0.000234,-0.491063,0.000162
4.116000,-0.001293,0.001167,1.000129,-0.000241,0.000107,0.000235,-0.491063,0.000162
4.117000,-0.001324,0.001151,1.000129,-0.000241,0.000105,0.000236,-0.491063,0.000161
4.118000,-0.000565,0.000499,1.000124,-0.000233,0.000105,0.000237,-0.491063,0.000161
4.119000,-0.002224,0.001203,1.000135,-0.000242,0.000103,0.000238,-0.491062,0.000161
4.120000,-0.000677,-0.000118,1.000125,-0.000226,0.000102,0.000238,-0.491062,0.000161
4.121000,-0.001275,0.000528,1.000129,-0.000233,0.000101,0.000238,-0.491062,0.000160
4.122000,-0.000831,0.000541,1.000126,-0.000234,0.000100,0.000239,-0.491062,0.000160
4.123000,-0.002203,0.001166,1.000135,-0.000241,0.000098,0.000240,-0.491062,0.000160
4.124000,-0.001691,0.000005,1.000132,-0.000227,0.000096,0.000240,-0.491062,0.000160
4.125000,-0.003166,0.000534,1.000141,-0.000233,0.000093,0.000241,-0.491062,0.000160
4.126000,-0.002645,-0.000298,1.000139,-0.000223,0.000090,0.000240,-0.491062,0.000159
4.127000,-0.000432,-0.000115,1.000125,-0.000225,0.000090,0.000240,-0.491061,0.000159
4.128000,-0.002575,-0.001250,1.000138,-0.000211,0.000087,0.000239,-0.491061,0.000159
4.129000,-0.000425,0.002410,1.000125,-0.000254,0.000087,0.000241,-0.491061,0.000159
4.130000,-0.001058,0.001178,1.000129,-0.000240,0.000086,0.000242,-0.491061,0.000158
4.131000,-0.001062,0.001901,1.000129,-0.000249,0.000085,0.000244,-0.491061,0.000158
4.132000,-0.000324,0.001177,1.000124,-0.000241,0.000084,0.000246,-0.491061,0.000158
4.133000,-0.002380,-0.000075,1.000137,-0.000226,0.000082,0.000245,-0.491061,0.000158
4.134000,-0.001148,0.000567,1.000129,-0.000233,0.000081,0.000246,-0.491060,0.000157
4.135000,-0.001588,0.001198,1.000132,-0.000241,0.000079,0.000247,-0.491060,0.000157
4.136000,-0.001334,0.001178,1.000131,-0.000241,0.000078,0.000248,-0.491060,0.000157
4.137000,-0.001535,0.001160,1.000132,-0.000241,0.000076,0.000250,-0.491060,0.000157
4.138000,-0.002947,0.001148,1.000141,-0.000241,0.000073,0.000251,-0.491060,0.000156
4.139000,-0.003156,0.001817,1.000143,-0.000249,0.000070,0.000253,-0.491060,0.000156
4.140000,0.000459,0.001093,1.000120,-0.000241,0.000071,0.000254,-0.491060,0.000156
4.141000,-0.001802,0.001140,1.000134,-0.000242,0.000069,0.000255,-0.491060,0.000156
4.142000,-0.002392,0.001752,1.000138,-0.000249,0.000066,0.000257,-0.491059,0.000155
4.143000,-0.001926,0.001030,1.000136,-0.000241,0.000065,0.000258,-0.491059,0.000155
4.144000,-0.001668,-0.000226,1.000134,-0.000226,0.000063,0.000257,-0.491059,0.000155
4.145000,-0.001048,0.000427,1.000130,-0.000233,0.000062,0.000258,-0.491059,0.000155
4.146000,0.000341,0.001739,1.000121,-0.000249,0.000062,0.000260,-0.491059,0.000155
4.147000,-0.002438,0.000406,1.000139,-0.000233,0.000060,0.000260,-0.491059,0.000154
4.148000,-0.002037,0.001030,1.000137,-0.000241,0.000058,0.000261,-0.491059,0.000154
4.149000,-0.001046,-0.000740,1.000130,-0.000220,0.000057,0.000260,-0.491058,0.000154
4.150000,-0.000453,0.000951,1.000127,-0.000239,0.000056,0.000261,-0.491058,0.000154
4.151000,-0.001671,0.001696,1.000134,-0.000248,0.000055,0.000263,-0.491058,0.000153
4.152000,-0.002405,0.000485,1.000139,-0.000234,0.000052,0.000263,-0.491058,0.000153
4.153000,-0.002827,0.000915,1.000142,-0.000239,0.000049,0.000264,-0.491058,0.000153
4.154000,-0.001033,0.000968,1.000131,-0.000240,0.000048,0.000265,-0.491058,0.000153
4.155000,-0.002784,0.001672,1.000142,-0.000249,0.000045,0.000267,-0.491058,0.000152
4.156000,-0.001600,0.000352,1.000135,-0.000233,0.000044,0.000267,-0.491058,0.000152
4.157000,-0.001626,0.001676,1.000135,-0.000249,0.000042,0.000269,-0.491057,0.000152
4.158000,-0.001056,0.001022,1.000132,-0.000242,0.000041,0.000270,-0.491057,0.000152
4.159000,-0.001746,-0.000983,1.000136,-0.000218,0.000039,0.000269,-0.491057,0.000151
4.160000,-0.000754,0.001008,1.000130,-0.000241,0.000039,0.000270,-0.491057,0.000151
4.161000,-0.001374,0.001061,1.000134,-0.000242,0.000037,0.000271,-0.491057,0.000151
4.162000,0.000482,0.001677,1.000122,-0.000249,0.000038,0.000273,-0.491057,0.000151
4.163000,0.000028,0.000331,1.000124,-0.000233,0.000038,0.000273,-0.491057,0.000150
4.164000,-0.001051,0.000962,1.000131,-0.000241,0.000037,0.000274,-0.491057,0.000150
4.165000,-0.000675,0.000332,1.000129,-0.000233,0.000036,0.000274,-0.491056,0.000150
4.166000,-0.000680,-0.001648,1.000129,-0.000210,0.000035,0.000273,-0.491056,0.000150
4.167000,-0.001659,0.000434,1.000135,-0.000234,0.000034,0.000273,-0.491056,0.000150
4.168000,-0.001546,0.000438,1.000134,-0.000233,0.000032,0.000274,-0.491056,0.000149
4.169000,-0.001087,0.001748,1.000131,-0.000249,0.000031,0.000275,-0.491056,0.000149
4.170000,-0.002489,0.001110,1.000140,-0.000242,0.000029,0.000276,-0.491056,0.000149
4.171000,-0.000421,-0.000225,1.000127,-0.000226,0.000028,0.000276,-0.491056,0.000149
4.172000,-0.000936,-0.000257,1.000130,-0.000225,0.000027,0.000276,-0.491055,0.000148
4.173000,-0.002500,-0.000236,1.000140,-0.000225,0.000025,0.000276,-0.491055,0.000148
4.174000,-0.000577,0.000482,1.000128,-0.000233,0.000024,0.000276,-0.491055,0.000148
4.175000,-0.000626,0.001115,1.000129,-0.000241,0.000024,0.000277,-0.491055,0.000148
4.176000,-0.002216,0.001793,1.000139,-0.000249,0.000021,0.000279,-0.491055,0.000147
4.177000,-0.001250,0.000438,1.000133,-0.000233,0.000020,0.000280,-0.491055,0.000147
4.178000,-0.000951,-0.000167,1.000131,-0.000226,0.000019,0.000279,-0.491055,0.000147
4.179000,-0.002399,0.001100,1.000140,-0.000241,0.000017,0.000280,-0.491055,0.000147
4.180000,-0.000350,-0.000683,1.000127,-0.000220,0.000016,0.000280,-0.491054,0.000146
4.181000,-0.000469,0.000341,1.000128,-0.000231,0.000016,0.000280,-0.491054,0.000146
4.182000,-0.001511,0.001147,1.000134,-0.000241,0.000014,0.000281,-0.491054,0.000146
4.183000,-0.002095,0.001109,1.000138,-0.000241,0.000012,0.000282,-0.491054,0.000146
4.184000,-0.001583,0.000497,1.000135,-0.000233,0.000011,0.000283,-0.491054,0.000146
4.185000,-0.001295,0.000660,1.000133,-0.000235,0.000009,0.000284,-0.491054,0.000145
4.186000,-0.001786,-0.000816,1.000136,-0.000218,0.000008,0.000283,-0.491054,0.000145
4.187000,-0.002936,0.000322,1.000144,-0.000231,0.000005,0.000283,-0.491053,0.000145
4.188000,-0.001331,-0.000130,1.000134,-0.000225,0.000003,0.000283,-0.491053,0.000145
4.189000,-0.001153,-0.000051,1.000133,-0.000226,0.000002,0.000283,-0.491053,0.000144
4.190000,-0.000267,-0.000070,1.000127,-0.000225,0.000002,0.000283,-0.491053,0.000144
4.191000,-0.000567,0.000639,1.000129,-0.000233,0.000001,0.000283,-0.491053,0.000144
4.192000,-0.001036,0.000549,1.000132,-0.000232,0.000000,0.000284,-0.491053,0.000144
4.193000,-0.000841,0.000828,1.000131,-0.000236,-0.000000,0.000285,-0.491053,0.000143
4.194000,-0.000275,0.000183,1.000127,-0.000228,-0.000001,0.000285,-0.491053,0.000143
4.195000,-0.001625,0.001814,1.000135,-0.000247,-0.000002,0.000287,-0.491052,0.000143
4.196000,-0.001203,0.000572,1.000133,-0.000233,-0.000004,0.000287,-0.491052,0.000143
4.197000,-0.000144,0.000701,1.000126,-0.000234,-0.000004,0.000288,-0.491052,0.000143
4.198000,-0.000444,0.001146,1.000128,-0.000240,-0.000004,0.000289,-0.491052,0.000142
4.199000,-0.000202,0.000555,1.000126,-0.000233,-0.000004,0.000290,-0.491052,0.000142
4.200000,-0.001841,0.001908,1.000136,-0.000249,-0.000006,0.000292,-0.491052,0.000142
4.201000,-0.001590,-0.003384,1.000135,-0.000241,-0.000008,0.000288,-0.491052,0.000142
4.202000,-0.001463,-0.002613,1.000134,-0.000249,-0.000009,0.000286,-0.491051,0.000141
4.203000,-0.000429,-0.004417,1.000128,-0.000226,-0.000010,0.000281,-0.491051,0.000141
4.204000,-0.001247,-0.004159,1.000133,-0.000227,-0.000011,0.000277,-0.491051,0.000141
4.205000,-0.001243,-0.002859,1.000133,-0.000241,-0.000012,0.000274,-0.491051,0.000141
4.206000,-0.003118,-0.003412,1.000145,-0.000233,-0.000015,0.000271,-0.491051,0.000140
4.207000,-0.001568,-0.003438,1.000135,-0.000231,-0.000017,0.000267,-0.491051,0.000140
4.208000,-0.002087,-0.003640,1.000139,-0.000226,-0.000019,0.000264,-0.491051,0.000140
4.209000,-0.000328,-0.003109,1.000128,-0.000231,-0.000019,0.000261,-0.491051,0.000140
4.210000,-0.000992,-0.002840,1.000132,-0.000233,-0.000020,0.000258,-0.491050,0.000139
4.211000,-0.001212,-0.002046,1.000133,-0.000241,-0.000021,0.000256,-0.491050,0.000139
4.212000,-0.001676,-0.001936,1.000136,-0.000241,-0.000023,0.000254,-0.491050,0.000139
4.213000,0.000867,-0.002466,1.000120,-0.000233,-0.000022,0.000251,-0.491050,0.000139
4.214000,-0.000289,-0.001726,1.000127,-0.000241,-0.000023,0.000250,-0.491050,0.000139
4.215000,-0.001346,-0.001583,1.000134,-0.000242,-0.000024,0.000248,-0.491050,0.000138
4.216000,-0.001481,-0.000797,1.000134,-0.000250,-0.000025,0.000247,-0.491050,0.000138
4.217000,-0.002752,-0.001008,1.000143,-0.000247,-0.000028,0.000246,-0.491049,0.000138
4.218000,-0.001096,-0.001512,1.000132,-0.000240,-0.000029,0.000245,-0.491049,0.000138
4.219000,-0.002342,-0.002024,1.000140,-0.000233,-0.000032,0.000243,-0.491049,0.000137
4.220000,-0.001958,-0.001754,1.000138,-0.000235,-0.000034,0.000241,-0.491049,0.000137
4.221000,-0.000937,-0.001463,1.000132,-0.000238,-0.000034,0.000239,-0.491049,0.000137
4.222000,-0.002326,-0.001633,1.000141,-0.000235,-0.000037,0.000238,-0.491049,0.000137
4.223000,-0.001172,-0.001622,1.000134,-0.000234,-0.000038,0.000236,-0.491049,0.000136
4.224000,-0.002610,-0.000946,1.000143,-0.000241,-0.000041,0.000235,-0.491049,0.000136
4.225000,-0.002874,-0.000209,1.000145,-0.000249,-0.000043,0.000235,-0.491048,0.000136
4.226000,-0.000730,-0.002170,1.000131,-0.000225,-0.000044,0.000233,-0.491048,0.000136
4.227000,-0.002112,-0.003912,1.000140,-0.000203,-0.000046,0.000229,-0.491048,0.000135
4.228000,-0.001006,-0.002108,1.000133,-0.000223,-0.000047,0.000227,-0.491048,0.000135
4.229000,-0.002105,0.000277,1.000140,-0.000250,-0.000049,0.000227,-0.491048,0.000135
4.230000,-0.000573,-0.000015,1.000131,-0.000247,-0.000050,0.000227,-0.491048,0.000135
4.231000,-0.000638,-0.001784,1.000131,-0.000225,-0.000051,0.000225,-0.491048,0.000135
4.232000,-0.001067,-0.001040,1.000134,-0.000233,-0.000052,0.000224,-0.491047,0.000134
4.233000,-0.001356,-0.001579,1.000135,-0.000226,-0.000053,0.000223,-0.491047,0.000134
4.234000,-0.002339,-0.002180,1.000142,-0.000218,-0.000055,0.000221,-0.491047,0.000134
4.235000,-0.002206,-0.000784,1.000141,-0.000233,-0.000058,0.000220,-0.491047,0.000134
4.236000,-0.002040,-0.001348,1.000140,-0.000226,-0.000060,0.000218,-0.491047,0.000133
4.237000,-0.002673,-0.000652,1.000145,-0.000234,-0.000062,0.000218,-0.491047,0.000133
4.238000,-0.002865,-0.000706,1.000146,-0.000232,-0.000065,0.000217,-0.491047,0.000133
4.239000,-0.001098,-0.001004,1.000135,-0.000228,-0.000066,0.000216,-0.491046,0.000133
4.240000,-0.001814,-0.000356,1.000140,-0.000235,-0.000068,0.000216,-0.491046,0.000132
4.241000,-0.001903,-0.000616,1.000140,-0.000232,-0.000070,0.000215,-0.491046,0.000132
4.242000,-0.001555,-0.001099,1.000138,-0.000225,-0.000072,0.000214,-0.491046,0.000132
4.243000,-0.001304,-0.001524,1.000137,-0.000220,-0.000073,0.000212,-0.491046,0.000132
4.244000,-0.001719,-0.000462,1.000140,-0.000231,-0.000075,0.000212,-0.491046,0.000132
4.245000,-0.000973,-0.000926,1.000135,-0.000225,-0.000076,0.000211,-0.491046,0.000131
4.246000,-0.001764,-0.000738,1.000140,-0.000227,-0.000077,0.000210,-0.491045,0.000131
4.247000,-0.000313,0.000288,1.000131,-0.000239,-0.000078,0.000211,-0.491045,0.000131
4.248000,-0.002304,-0.001507,1.000143,-0.000217,-0.000080,0.000209,-0.491045,0.000131
4.249000,-0.000541,-0.000082,1.000132,-0.000233,-0.000080,0.000209,-0.491045,0.000130
4.250000,-0.001659,0.000582,1.000139,-0.000241,-0.000082,0.000210,-0.491045,0.000130
4.251000,0.000037,-0.000548,1.000129,-0.000227,-0.000082,0.000209,-0.491045,0.000130
4.252000,-0.002273,-0.000170,1.000143,-0.000231,-0.000084,0.000209,-0.491045,0.000130
4.253000,-0.002508,0.001293,1.000145,-0.000248,-0.000087,0.000210,-0.491045,0.000129
4.254000,0.000937,0.000010,1.000123,-0.000233,-0.000086,0.000210,-0.491044,0.000129
4.255000,-0.000990,0.000041,1.000135,-0.000233,-0.000087,0.000210,-0.491044,0.000129
4.256000,-0.000617,0.000854,1.000132,-0.000243,-0.000088,0.000211,-0.491044,0.000129
4.257000,-0.001973,-0.000637,1.000141,-0.000225,-0.000090,0.000210,-0.491044,0.000128
4.258000,-0.000798,-0.000122,1.000134,-0.000231,-0.000090,0.000210,-0.491044,0.000128
4.259000,-0.001553,0.000843,1.000138,-0.000242,-0.000092,0.000211,-0.491044,0.000128
4.260000,-0.001689,0.000628,1.000139,-0.000239,-0.000094,0.000212,-0.491044,0.000128
4.261000,0.000066,0.001379,1.000128,-0.000248,-0.000093,0.000213,-0.491043,0.000128
4.262000,-0.001777,0.000085,1.000140,-0.000233,-0.000095,0.000213,-0.491043,0.000127
4.263000,-0.001050,-0.000492,1.000135,-0.000226,-0.000096,0.000213,-0.491043,0.000127
4.264000,-0.000610,-0.000447,1.000132,-0.000226,-0.000097,0.000212,-0.491043,0.000127
4.265000,-0.001587,0.000834,1.000139,-0.000241,-0.000099,0.000213,-0.491043,0.000127
4.266000,-0.000530,0.000377,1.000132,-0.000236,-0.000099,0.000214,-0.491043,0.000126
4.267000,-0.000621,0.001361,1.000132,-0.000247,-0.000100,0.000215,-0.491043,0.000126
4.268000,-0.002025,-0.000390,1.000141,-0.000227,-0.000102,0.000215,-0.491042,0.000126
4.269000,-0.001213,0.000192,1.000136,-0.000233,-0.000103,0.000215,-0.491042,0.000126
4.270000,0.000324,0.000020,1.000126,-0.000231,-0.000103,0.000215,-0.491042,0.000125
4.271000,0.000088,0.001495,1.000127,-0.000248,-0.000102,0.000216,-0.491042,0.000125
4.272000,-0.000725,0.000996,1.000132,-0.000242,-0.000103,0.000217,-0.491042,0.000125
4.273000,-0.001217,0.000143,1.000135,-0.000232,-0.000104,0.000217,-0.491042,0.000125
4.274000,-0.002318,-0.000511,1.000143,-0.000224,-0.000107,0.000217,-0.491042,0.000124
4.275000,-0.000302,0.000055,1.000130,-0.000231,-0.000107,0.000217,-0.491042,0.000124
4.276000,-0.001564,0.001008,1.000138,-0.000242,-0.000109,0.000218,-0.491041,0.000124
4.277000,-0.000655,-0.000422,1.000132,-0.000225,-0.000109,0.000218,-0.491041,0.000124
4.278000,-0.001591,-0.000434,1.000138,-0.000224,-0.000111,0.000217,-0.491041,0.000124
4.279000,-0.000954,0.000741,1.000134,-0.000238,-0.000112,0.000218,-0.491041,0.000123
4.280000,-0.000751,-0.000856,1.000133,-0.000219,-0.000113,0.000217,-0.491041,0.000123
4.281000,-0.000899,0.001003,1.000133,-0.000240,-0.000113,0.000218,-0.491041,0.000123
4.282000,0.000266,-0.000973,1.000126,-0.000217,-0.000113,0.000217,-0.491041,0.000123
4.283000,-0.001845,-0.000304,1.000139,-0.000224,-0.000115,0.000217,-0.491040,0.000122
4.284000,-0.001029,0.000340,1.000134,-0.000231,-0.000116,0.000217,-0.491040,0.000122
4.285000,-0.000240,-0.000268,1.000129,-0.000224,-0.000116,0.000217,-0.491040,0.000122
4.286000,-0.001219,0.000377,1.000135,-0.000231,-0.000118,0.000217,-0.491040,0.000122
4.287000,-0.000973,-0.001542,1.000133,-0.000208,-0.000119,0.000216,-0.491040,0.000122
4.288000,-0.001585,0.000542,1.000137,-0.000232,-0.000120,0.000216,-0.491040,0.000121
4.289000,-0.001189,0.000009,1.000135,-0.000226,-0.000121,0.000216,-0.491040,0.000121
4.290000,-0.001226,-0.000302,1.000135,-0.000222,-0.000123,0.000216,-0.491040,0.000121
4.291000,-0.000882,-0.000157,1.000133,-0.000223,-0.000123,0.000216,-0.491039,0.000121
4.292000,-0.001595,0.000612,1.000137,-0.000232,-0.000125,0.000216,-0.491039,0.000120
4.293000,-0.001737,0.000552,1.000138,-0.000231,-0.000127,0.000217,-0.491039,0.000120
4.294000,-0.001336,-0.000151,1.000136,-0.000223,-0.000128,0.000217,-0.491039,0.000120
4.295000,-0.000341,0.002063,1.000130,-0.000249,-0.000128,0.000219,-0.491039,0.000120
4.296000,-0.000214,-0.000024,1.000129,-0.000225,-0.000129,0.000219,-0.491039,0.000119
4.297000,-0.002248,-0.000031,1.000141,-0.000224,-0.000131,0.000219,-0.491039,0.000119
4.298000,-0.000248,0.001125,1.000129,-0.000238,-0.000131,0.000220,-0.491038,0.000119
4.299000,-0.000547,-0.000564,1.000131,-0.000218,-0.000132,0.000219,-0.491038,0.000119
4.300000,-0.000980,0.001368,1.000133,-0.000240,-0.000133,0.000221,-0.491038,0.000119
4.301000,-0.000303,0.002622,1.000129,-0.000256,-0.000133,0.000223,-0.491038,0.000118
4.302000,-0.003210,0.000699,1.000147,-0.000233,-0.000136,0.000224,-0.491038,0.000118
4.303000,-0.002335,-0.000881,1.000142,-0.000215,-0.000138,0.000223,-0.491038,0.000118
4.304000,-0.002139,-0.000093,1.000141,-0.000223,-0.000141,0.000223,-0.491038,0.000118
4.305000,-0.000402,-0.000027,1.000130,-0.000224,-0.000141,0.000223,-0.491038,0.000117
4.306000,-0.001498,-0.000001,1.000137,-0.000224,-0.000143,0.000223,-0.491037,0.000117
4.307000,-0.001469,0.000647,1.000137,-0.000231,-0.000144,0.000224,-0.491037,0.000117
4.308000,-0.000899,0.000028,1.000133,-0.000224,-0.000145,0.000224,-0.491037,0.000117
4.309000,-0.001800,-0.001258,1.000139,-0.000208,-0.000147,0.000222,-0.491037,0.000117
4.310000,-0.003022,0.001968,1.000147,-0.000246,-0.000150,0.000224,-0.491037,0.000116
4.311000,-0.001232,0.000251,1.000136,-0.000226,-0.000151,0.000225,-0.491037,0.000116
4.312000,-0.000570,0.000683,1.000132,-0.000231,-0.000152,0.000225,-0.491037,0.000116
4.313000,-0.002564,0.001592,1.000144,-0.000242,-0.000154,0.000227,-0.491036,0.000116
4.314000,-0.000437,0.001274,1.000131,-0.000239,-0.000155,0.000228,-0.491036,0.000115
4.315000,-0.002759,0.000935,1.000146,-0.000235,-0.000157,0.000229,-0.491036,0.000115
4.316000,-0.001019,0.000794,1.000135,-0.000233,-0.000158,0.000230,-0.491036,0.000115
4.317000,-0.002074,0.001897,1.000142,-0.000246,-0.000160,0.000232,-0.491036,0.000115
4.318000,-0.003213,0.001568,1.000149,-0.000243,-0.000164,0.000233,-0.491036,0.000114
4.319000,0.000454,0.000462,1.000126,-0.000230,-0.000163,0.000234,-0.491036,0.000114
4.320000,-0.001017,-0.000078,1.000135,-0.000224,-0.000164,0.000234,-0.491035,0.000114
4.321000,-0.001023,-0.001860,1.000135,-0.000202,-0.000165,0.000232,-0.491035,0.000114
4.322000,0.000258,-0.000118,1.000127,-0.000222,-0.000165,0.000232,-0.491035,0.000113
4.323000,-0.001396,0.000048,1.000137,-0.000223,-0.000166,0.000232,-0.491035,0.000113
4.324000,-0.000937,0.001405,1.000134,-0.000239,-0.000167,0.000233,-0.491035,0.000113
4.325000,-0.000470,0.000770,1.000131,-0.000232,-0.000168,0.000234,-0.491035,0.000113
4.326000,0.000262,-0.000606,1.000126,-0.000216,-0.000167,0.000233,-0.491035,0.000113
4.327000,-0.000722,-0.000484,1.000132,-0.000217,-0.000168,0.000233,-0.491035,0.000112
4.328000,-0.000569,0.000792,1.000131,-0.000231,-0.000169,0.000234,-0.491034,0.000112
4.329000,-0.001823,0.000796,1.000139,-0.000231,-0.000171,0.000234,-0.491034,0.000112
4.330000,-0.001757,-0.000995,1.000139,-0.000210,-0.000172,0.000233,-0.491034,0.000112
4.331000,-0.001022,-0.000568,1.000134,-0.000215,-0.000173,0.000233,-0.491034,0.000111
4.332000,-0.000451,0.002205,1.000131,-0.000247,-0.000174,0.000235,-0.491034,0.000111
4.333000,-0.000475,0.001495,1.000131,-0.000239,-0.000174,0.000237,-0.491034,0.000111
4.334000,-0.001069,0.000181,1.000134,-0.000224,-0.000175,0.000237,-0.491034,0.000111
4.335000,-0.000408,0.001523,1.000130,-0.000240,-0.000176,0.000238,-0.491033,0.000111
4.336000,-0.001893,0.000699,1.000139,-0.000230,-0.000178,0.000239,-0.491033,0.000110
4.337000,-0.000693,-0.000273,1.000132,-0.000219,-0.000178,0.000239,-0.491033,0.000110
4.338000,-0.002078,0.000878,1.000141,-0.000232,-0.000180,0.000240,-0.491033,0.000110
4.339000,-0.001624,-0.000313,1.000138,-0.000218,-0.000182,0.000239,-0.491033,0.000110
4.340000,-0.002430,0.000069,1.000143,-0.000222,-0.000184,0.000239,-0.491033,0.000109
4.341000,-0.000745,0.000814,1.000133,-0.000231,-0.000185,0.000240,-0.491033,0.000109
4.342000,-0.000568,0.001539,1.000132,-0.000239,-0.000186,0.000242,-0.491032,0.000109
4.343000,0.000094,-0.000482,1.000127,-0.000216,-0.000186,0.000241,-0.491032,0.000109
4.344000,-0.000988,-0.000446,1.000134,-0.000216,-0.000187,0.000241,-0.491032,0.000108
4.345000,0.000674,-0.001010,1.000123,-0.000208,-0.000186,0.000240,-0.491032,0.000108
4.346000,-0.001374,0.000262,1.000136,-0.000223,-0.000187,0.000240,-0.491032,0.000108
4.347000,-0.000891,0.001221,1.000133,-0.000234,-0.000188,0.000241,-0.491032,0.000108
4.348000,-0.002119,-0.000297,1.000141,-0.000216,-0.000190,0.000241,-0.491032,0.000108
4.349000,-0.001657,0.000392,1.000138,-0.000224,-0.000192,0.000241,-0.491032,0.000107
4.350000,-0.002018,0.001011,1.000140,-0.000231,-0.000194,0.000242,-0.491031,0.000107
4.351000,-0.001781,0.000373,1.000139,-0.000224,-0.000196,0.000243,-0.491031,0.000107
4.352000,-0.001691,0.000538,1.000138,-0.000226,-0.000198,0.000243,-0.491031,0.000107
4.353000,0.000478,0.002151,1.000125,-0.000245,-0.000197,0.000245,-0.491031,0.000106
4.354000,-0.002203,0.000801,1.000141,-0.000230,-0.000199,0.000246,-0.491031,0.000106
4.355000,-0.000483,0.000490,1.000131,-0.000226,-0.000200,0.000247,-0.491031,0.000106
4.356000,-0.000507,0.001013,1.000131,-0.000232,-0.000200,0.000248,-0.491031,0.000106
4.357000,-0.000912,-0.000337,1.000133,-0.000216,-0.000201,0.000247,-0.491030,0.000106
4.358000,-0.001653,-0.000250,1.000138,-0.000217,-0.000203,0.000247,-0.491030,0.000105
4.359000,-0.001923,0.002328,1.000140,-0.000247,-0.000205,0.000249,-0.491030,0.000105
4.360000,-0.000020,0.001019,1.000128,-0.000232,-0.000205,0.000250,-0.491030,0.000105
4.361000,-0.002256,0.000995,1.000142,-0.000232,-0.000207,0.000251,-0.491030,0.000105
4.362000,-0.000498,0.000304,1.000131,-0.000224,-0.000208,0.000252,-0.491030,0.000104
4.363000,-0.001185,0.000323,1.000135,-0.000224,-0.000209,0.000252,-0.491030,0.000104
4.364000,-0.001447,-0.000285,1.000137,-0.000217,-0.000210,0.000252,-0.491030,0.000104
4.365000,-0.000035,0.001854,1.000128,-0.000242,-0.000210,0.000254,-0.491029,0.000104
4.366000,-0.002139,0.000774,1.000141,-0.000229,-0.000212,0.000254,-0.491029,0.000103
4.367000,-0.000610,0.001047,1.000131,-0.000233,-0.000213,0.000256,-0.491029,0.000103
4.368000,-0.001237,0.000106,1.000135,-0.000222,-0.000214,0.000256,-0.491029,0.000103
4.369000,-0.001234,0.000949,1.000135,-0.000231,-0.000215,0.000257,-0.491029,0.000103
4.370000,-0.000530,0.001601,1.000131,-0.000239,-0.000216,0.000258,-0.491029,0.000103
4.371000,-0.002382,-0.000333,1.000142,-0.000217,-0.000218,0.000258,-0.491029,0.000102
4.372000,-0.001101,0.000474,1.000134,-0.000226,-0.000219,0.000258,-0.491028,0.000102
4.373000,-0.002977,-0.000464,1.000146,-0.000215,-0.000222,0.000258,-0.491028,0.000102
4.374000,-0.000553,0.001613,1.000131,-0.000239,-0.000223,0.000259,-0.491028,0.000102
4.375000,-0.001989,-0.000302,1.000140,-0.000216,-0.000225,0.000259,-0.491028,0.000101
4.376000,-0.001376,0.001062,1.000137,-0.000232,-0.000226,0.000260,-0.491028,0.000101
4.377000,-0.001726,-0.000787,1.000139,-0.000210,-0.000228,0.000259,-0.491028,0.000101
4.378000,-0.002096,-0.000314,1.000141,-0.000215,-0.000230,0.000259,-0.491028,0.000101
4.379000,-0.000985,-0.000415,1.000135,-0.000214,-0.000231,0.000259,-0.491027,0.000101
4.380000,-0.000020,-0.000124,1.000128,-0.000217,-0.000231,0.000259,-0.491027,0.000100
4.381000,-0.000342,-0.000844,1.000130,-0.000208,-0.000231,0.000258,-0.491027,0.000100
4.382000,-0.002276,0.001615,1.000142,-0.000237,-0.000234,0.000259,-0.491027,0.000100
4.383000,-0.000992,0.000442,1.000134,-0.000223,-0.000235,0.000260,-0.491027,0.000100
4.384000,-0.000653,0.001802,1.000132,-0.000239,-0.000235,0.000262,-0.491027,0.000099
4.385000,-0.001053,0.000485,1.000135,-0.000224,-0.000236,0.000262,-0.491027,0.000099
4.386000,-0.000832,0.000486,1.000133,-0.000224,-0.000237,0.000263,-0.491027,0.000099
4.387000,-0.001482,0.000500,1.000137,-0.000224,-0.000239,0.000263,-0.491026,0.000099
4.388000,-0.002172,0.000509,1.000142,-0.000224,-0.000241,0.000264,-0.491026,0.000099
4.389000,-0.001118,-0.001329,1.000135,-0.000202,-0.000242,0.000262,-0.491026,0.000098
4.390000,-0.001956,-0.000743,1.000141,-0.000208,-0.000244,0.000261,-0.491026,0.000098
4.391000,-0.000612,-0.000759,1.000132,-0.000208,-0.000245,0.000261,-0.491026,0.000098
4.392000,0.000499,-0.000110,1.000125,-0.000215,-0.000244,0.000261,-0.491026,0.000098
4.393000,0.000461,-0.000713,1.000125,-0.000207,-0.000244,0.000260,-0.491026,0.000098
4.394000,0.000280,0.000471,1.000126,-0.000221,-0.000243,0.000260,-0.491025,0.000097
4.395000,-0.002261,0.000656,1.000141,-0.000223,-0.000246,0.000261,-0.491025,0.000097
4.396000,-0.001240,-0.000491,1.000135,-0.000209,-0.000247,0.000261,-0.491025,0.000097
4.397000,-0.001012,-0.001757,1.000134,-0.000194,-0.000248,0.000259,-0.491025,0.000097
4.398000,-0.001718,-0.000163,1.000138,-0.000212,-0.000250,0.000259,-0.491025,0.000096
4.399000,-0.001222,0.001434,1.000135,-0.000230,-0.000251,0.000260,-0.491025,0.000096
4.400000,-0.002334,0.001602,1.000142,-0.000233,-0.000253,0.000262,-0.491025,0.000096
4.401000,-0.001049,0.000791,1.000134,-0.000223,-0.000254,0.000262,-0.491025,0.000096
4.402000,-0.000709,0.000757,1.000132,-0.000223,-0.000255,0.000263,-0.491024,0.000096
4.403000,-0.002314,0.001881,1.000142,-0.000237,-0.000257,0.000265,-0.491024,0.000095
4.404000,0.000780,0.002006,1.000123,-0.000239,-0.000256,0.000267,-0.491024,0.000095
4.405000,-0.001044,-0.001119,1.000134,-0.000202,-0.000257,0.000266,-0.491024,0.000095
4.406000,-0.001073,0.001394,1.000134,-0.000231,-0.000259,0.000267,-0.491024,0.000095
4.407000,-0.000144,0.001161,1.000128,-0.000229,-0.000259,0.000269,-0.491024,0.000094
4.408000,-0.000259,0.001301,1.000129,-0.000230,-0.000259,0.000270,-0.491024,0.000094
4.409000,-0.000473,0.000725,1.000130,-0.000224,-0.000259,0.000271,-0.491023,0.000094
4.410000,-0.001992,-0.001209,1.000139,-0.000201,-0.000261,0.000269,-0.491023,0.000094
4.411000,-0.002771,0.000270,1.000145,-0.000218,-0.000264,0.000270,-0.491023,0.000094
4.412000,-0.001944,-0.000507,1.000140,-0.000208,-0.000266,0.000269,-0.491023,0.000093
4.413000,-0.001216,-0.000446,1.000135,-0.000209,-0.000267,0.000269,-0.491023,0.000093
4.414000,-0.001532,0.001231,1.000137,-0.000228,-0.000269,0.000270,-0.491023,0.000093
4.415000,-0.000087,0.000018,1.000128,-0.000214,-0.000269,0.000270,-0.491023,0.000093
4.416000,-0.000711,-0.000545,1.000132,-0.000207,-0.000270,0.000269,-0.491022,0.000092
4.417000,-0.003872,0.001956,1.000152,-0.000236,-0.000274,0.000271,-0.491022,0.000092
4.418000,-0.003018,0.001409,1.000147,-0.000230,-0.000277,0.000273,-0.491022,0.000092
4.419000,-0.000881,0.000294,1.000134,-0.000217,-0.000277,0.000273,-0.491022,0.000092
4.420000,-0.001585,0.001303,1.000138,-0.000229,-0.000279,0.000274,-0.491022,0.000092
4.421000,-0.000962,0.000261,1.000134,-0.000217,-0.000280,0.000275,-0.491022,0.000091
4.422000,-0.001100,0.000142,1.000135,-0.000215,-0.000281,0.000275,-0.491022,0.000091
4.423000,-0.002122,0.000784,1.000142,-0.000223,-0.000283,0.000276,-0.491022,0.000091
4.424000,-0.000049,-0.000011,1.000129,-0.000213,-0.000283,0.000276,-0.491021,0.000091
4.425000,-0.001903,0.001058,1.000140,-0.000226,-0.000285,0.000277,-0.491021,0.000090
4.426000,-0.001176,0.001195,1.000136,-0.000228,-0.000286,0.000278,-0.491021,0.000090
4.427000,-0.001402,0.000819,1.000137,-0.000223,-0.000288,0.000279,-0.491021,0.000090
4.428000,-0.000055,0.001256,1.000129,-0.000229,-0.000288,0.000280,-0.491021,0.000090
4.429000,-0.000982,0.000764,1.000134,-0.000223,-0.000289,0.000281,-0.491021,0.000090
4.430000,-0.000895,0.000976,1.000134,-0.000226,-0.000290,0.000282,-0.491021,0.000089
4.431000,0.000140,0.000094,1.000127,-0.000215,-0.000290,0.000282,-0.491020,0.000089
4.432000,-0.001838,0.003215,1.000139,-0.000252,-0.000291,0.000285,-0.491020,0.000089
4.433000,-0.000833,0.001370,1.000133,-0.000231,-0.000292,0.000286,-0.491020,0.000089
4.434000,-0.001165,-0.000599,1.000135,-0.000208,-0.000293,0.000286,-0.491020,0.000088
4.435000,-0.000501,0.000758,1.000131,-0.000224,-0.000294,0.000286,-0.491020,0.000088
4.436000,-0.000869,0.000755,1.000133,-0.000224,-0.000295,0.000287,-0.491020,0.000088
4.437000,-0.002086,0.002064,1.000141,-0.000239,-0.000297,0.000289,-0.491020,0.000088
4.438000,-0.001072,0.002024,1.000134,-0.000240,-0.000298,0.000291,-0.491019,0.000087
4.439000,-0.001264,-0.001168,1.000136,-0.000202,-0.000299,0.000290,-0.491019,0.000087
4.440000,0.000263,0.000026,1.000126,-0.000216,-0.000299,0.000290,-0.491019,0.000087
4.441000,-0.000211,-0.001315,1.000129,-0.000199,-0.000299,0.000289,-0.491019,0.000087
4.442000,-0.001179,0.000655,1.000135,-0.000222,-0.000300,0.000289,-0.491019,0.000087
4.443000,-0.000300,-0.000061,1.000129,-0.000213,-0.000301,0.000289,-0.491019,0.000086
4.444000,-0.000571,-0.000395,1.000131,-0.000209,-0.000301,0.000289,-0.491019,0.000086
4.445000,-0.000727,0.001974,1.000131,-0.000237,-0.000302,0.000291,-0.491019,0.000086
4.446000,-0.000138,-0.000386,1.000128,-0.000209,-0.000302,0.000291,-0.491018,0.000086
4.447000,-0.000080,0.000761,1.000127,-0.000223,-0.000302,0.000291,-0.491018,0.000086
4.448000,-0.000818,0.001405,1.000131,-0.000230,-0.000303,0.000293,-0.491018,0.000085
4.449000,-0.001269,-0.000483,1.000134,-0.000208,-0.000304,0.000292,-0.491018,0.000085
4.450000,-0.001302,0.000528,1.000134,-0.000220,-0.000306,0.000293,-0.491018,0.000085
4.451000,-0.001485,-0.000492,1.000136,-0.000208,-0.000307,0.000292,-0.491018,0.000085
4.452000,0.000130,-0.000075,1.000125,-0.000212,-0.000307,0.000292,-0.491018,0.000084
4.453000,-0.000817,0.001388,1.000131,-0.000229,-0.000308,0.000294,-0.491018,0.000084
4.454000,-0.001023,0.001241,1.000132,-0.000228,-0.000309,0.000295,-0.491017,0.000084
4.455000,-0.002141,0.000889,1.000140,-0.000224,-0.000311,0.000296,-0.491017,0.000084
4.456000,-0.001181,0.000822,1.000134,-0.000223,-0.000312,0.000297,-0.491017,0.000084
4.457000,-0.001181,0.000106,1.000134,-0.000215,-0.000313,0.000297,-0.491017,0.000083
4.458000,-0.002293,0.000729,1.000141,-0.000222,-0.000316,0.000297,-0.491017,0.000083
4.459000,-0.000797,-0.001814,1.000131,-0.000192,-0.000316,0.000296,-0.491017,0.000083
4.460000,-0.002491,0.001501,1.000142,-0.000230,-0.000319,0.000297,-0.491017,0.000083
4.461000,-0.002935,0.001458,1.000145,-0.000230,-0.000322,0.000299,-0.491016,0.000082
4.462000,-0.001590,-0.000567,1.000137,-0.000206,-0.000323,0.000298,-0.491016,0.000082
4.463000,-0.000142,-0.000449,1.000128,-0.000207,-0.000323,0.000298,-0.491016,0.000082
4.464000,-0.001610,0.000829,1.000137,-0.000222,-0.000325,0.000298,-0.491016,0.000082
4.465000,-0.001238,0.000187,1.000135,-0.000214,-0.000326,0.000299,-0.491016,0.000082
4.466000,-0.002161,0.000122,1.000141,-0.000213,-0.000328,0.000299,-0.491016,0.000081
4.467000,-0.001464,-0.000209,1.000137,-0.000209,-0.000330,0.000298,-0.491016,0.000081
4.468000,-0.001321,0.001015,1.000136,-0.000223,-0.000331,0.000299,-0.491015,0.000081
4.469000,-0.000841,0.000273,1.000133,-0.000215,-0.000332,0.000300,-0.491015,0.000081
4.470000,-0.001553,0.000364,1.000137,-0.000216,-0.000334,0.000300,-0.491015,0.000081
4.471000,-0.000996,-0.001737,1.000134,-0.000191,-0.000335,0.000298,-0.491015,0.000080
4.472000,-0.001890,-0.000400,1.000139,-0.000206,-0.000337,0.000298,-0.491015,0.000080
4.473000,-0.000501,0.000140,1.000131,-0.000212,-0.000337,0.000298,-0.491015,0.000080
4.474000,-0.001093,0.000302,1.000134,-0.000213,-0.000338,0.000298,-0.491015,0.000080
4.475000,-0.000395,0.001004,1.000130,-0.000222,-0.000339,0.000299,-0.491015,0.000080
4.476000,-0.000328,-0.000128,1.000129,-0.000208,-0.000339,0.000299,-0.491014,0.000079
4.477000,-0.002078,-0.000894,1.000140,-0.000199,-0.000341,0.000298,-0.491014,0.000079
4.478000,-0.001453,-0.000286,1.000136,-0.000205,-0.000342,0.000298,-0.491014,0.000079
4.479000,0.000152,0.000242,1.000126,-0.000211,-0.000342,0.000298,-0.491014,0.000079
4.480000,-0.001816,-0.000087,1.000138,-0.000207,-0.000344,0.000298,-0.491014,0.000078
4.481000,0.000048,0.001646,1.000127,-0.000228,-0.000344,0.000300,-0.491014,0.000078
4.482000,-0.001885,0.000600,1.000139,-0.000216,-0.000346,0.000301,-0.491014,0.000078
4.483000,-0.002400,-0.000364,1.000142,-0.000204,-0.000348,0.000300,-0.491013,0.000078
4.484000,-0.000326,0.001177,1.000129,-0.000222,-0.000349,0.000301,-0.491013,0.000078
4.485000,-0.002242,0.001128,1.000141,-0.000222,-0.000351,0.000302,-0.491013,0.000077
4.486000,-0.001922,0.001123,1.000139,-0.000222,-0.000353,0.000304,-0.491013,0.000077
4.487000,-0.001852,0.001109,1.000139,-0.000222,-0.000355,0.000305,-0.491013,0.000077
4.488000,-0.001538,0.000569,1.000137,-0.000216,-0.000356,0.000305,-0.491013,0.000077
4.489000,-0.000171,0.000304,1.000129,-0.000212,-0.000356,0.000306,-0.491013,0.000077
4.490000,-0.000571,0.001748,1.000131,-0.000229,-0.000357,0.000307,-0.491013,0.000076
4.491000,-0.002103,0.001130,1.000141,-0.000223,-0.000359,0.000308,-0.491012,0.000076
4.492000,-0.001983,-0.000186,1.000140,-0.000207,-0.000361,0.000308,-0.491012,0.000076
4.493000,-0.000936,0.000463,1.000134,-0.000214,-0.000362,0.000309,-0.491012,0.000076
4.494000,-0.001583,0.000466,1.000138,-0.000214,-0.000364,0.000309,-0.491012,0.000075
4.495000,-0.001569,0.001093,1.000138,-0.000222,-0.000365,0.000310,-0.491012,0.000075
4.496000,-0.000917,-0.000843,1.000134,-0.000199,-0.000366,0.000309,-0.491012,0.000075
4.497000,-0.001946,0.000607,1.000140,-0.000216,-0.000368,0.000310,-0.491012,0.000075
4.498000,0.000517,0.000958,1.000125,-0.000220,-0.000367,0.000311,-0.491011,0.000075
4.499000,-0.000958,-0.000756,1.000134,-0.000199,-0.000368,0.000310,-0.491011,0.000074
4.500000,-0.000871,0.000357,1.000133,-0.000212,-0.000369,0.000311,-0.491011,0.000074
4.501000,-0.001914,0.005111,1.000140,-0.000222,-0.000371,0.000316,-0.491011,0.000074
4.502000,-0.001282,0.003782,1.000136,-0.000208,-0.000372,0.000319,-0.491011,0.000074
4.503000,-0.001089,0.004651,1.000134,-0.000220,-0.000374,0.000324,-0.491011,0.000073
4.504000,-0.002697,0.003337,1.000145,-0.000206,-0.000376,0.000327,-0.491011,0.000073
4.505000,-0.000907,0.005262,1.000134,-0.000230,-0.000377,0.000333,-0.491010,0.000073
4.506000,-0.001557,0.002661,1.000138,-0.000201,-0.000379,0.000335,-0.491010,0.000073
4.507000,-0.001779,0.003582,1.000139,-0.000212,-0.000380,0.000339,-0.491010,0.000073
4.508000,-0.001561,0.002968,1.000138,-0.000206,-0.000382,0.000342,-0.491010,0.000072
4.509000,-0.001992,0.003036,1.000141,-0.000208,-0.000384,0.000345,-0.491010,0.000072
4.510000,-0.000816,0.003291,1.000133,-0.000212,-0.000385,0.000348,-0.491010,0.000072
4.511000,-0.000889,0.003329,1.000134,-0.000214,-0.000386,0.000352,-0.491010,0.000072
4.512000,-0.001502,0.002658,1.000138,-0.000207,-0.000387,0.000354,-0.491009,0.000072
4.513000,-0.000672,0.005210,1.000132,-0.000238,-0.000388,0.000359,-0.491009,0.000071
4.514000,-0.001088,0.003055,1.000135,-0.000214,-0.000389,0.000363,-0.491009,0.000071
4.515000,-0.001004,0.001145,1.000134,-0.000193,-0.000390,0.000364,-0.491009,0.000071
4.516000,-0.001102,0.003572,1.000135,-0.000222,-0.000391,0.000367,-0.491009,0.000071
4.517000,-0.001806,0.003323,1.000139,-0.000220,-0.000393,0.000371,-0.491009,0.000071
4.518000,-0.000702,0.002851,1.000133,-0.000215,-0.000394,0.000373,-0.491009,0.000070
4.519000,-0.001512,0.004482,1.000138,-0.000236,-0.000395,0.000378,-0.491009,0.000070
4.520000,-0.000068,0.003789,1.000128,-0.000229,-0.000395,0.000382,-0.491008,0.000070
4.521000,-0.001602,0.003043,1.000138,-0.000221,-0.000397,0.000385,-0.491008,0.000070
4.522000,-0.000793,0.002364,1.000133,-0.000214,-0.000398,0.000387,-0.491008,0.000069
4.523000,-0.002443,0.002302,1.000143,-0.000214,-0.000400,0.000389,-0.491008,0.000069
4.524000,-0.001334,0.002247,1.000137,-0.000214,-0.000401,0.000392,-0.491008,0.000069
4.525000,-0.002180,0.002365,1.000142,-0.000216,-0.000404,0.000394,-0.491008,0.000069
4.526000,-0.001162,0.002576,1.000136,-0.000220,-0.000405,0.000397,-0.491008,0.000069
4.527000,-0.000417,0.001385,1.000131,-0.000206,-0.000405,0.000398,-0.491007,0.000068
4.528000,-0.000198,0.000701,1.000129,-0.000198,-0.000405,0.000399,-0.491007,0.000068
4.529000,-0.001445,0.002725,1.000137,-0.000223,-0.000407,0.000401,-0.491007,0.000068
4.530000,-0.001732,0.002578,1.000139,-0.000222,-0.000409,0.000404,-0.491007,0.000068
4.531000,-0.002144,0.001365,1.000142,-0.000208,-0.000411,0.000405,-0.491007,0.000067
4.532000,-0.002705,0.001070,1.000146,-0.000205,-0.000413,0.000406,-0.491007,0.000067
4.533000,-0.002292,0.001113,1.000143,-0.000206,-0.000416,0.000408,-0.491007,0.000067
4.534000,-0.000956,0.000673,1.000135,-0.000201,-0.000417,0.000408,-0.491006,0.000067
4.535000,-0.000578,0.001747,1.000133,-0.000213,-0.000417,0.000410,-0.491006,0.000067
4.536000,-0.000153,0.000876,1.000130,-0.000203,-0.000417,0.000411,-0.491006,0.000066
4.537000,-0.000653,0.001186,1.000133,-0.000207,-0.000418,0.000412,-0.491006,0.000066
4.538000,-0.001607,0.001809,1.000139,-0.000215,-0.000420,0.000414,-0.491006,0.000066
4.539000,-0.001588,0.001396,1.000139,-0.000210,-0.000421,0.000415,-0.491006,0.000066
4.540000,0.000332,0.002075,1.000126,-0.000219,-0.000421,0.000417,-0.491006,0.000066
4.541000,-0.000588,0.002842,1.000132,-0.000229,-0.000421,0.000420,-0.491006,0.000065
4.542000,-0.002642,0.002215,1.000145,-0.000222,-0.000424,0.000422,-0.491005,0.000065
4.543000,-0.000010,0.002274,1.000128,-0.000223,-0.000424,0.000425,-0.491005,0.000065
4.544000,-0.000601,0.001368,1.000132,-0.000213,-0.000425,0.000426,-0.491005,0.000065
4.545000,-0.000434,0.002137,1.000131,-0.000223,-0.000425,0.000428,-0.491005,0.000064
4.546000,-0.001192,0.000954,1.000135,-0.000209,-0.000426,0.000429,-0.491005,0.000064
4.547000,-0.000817,0.001924,1.000133,-0.000221,-0.000427,0.000431,-0.491005,0.000064
4.548000,-0.000473,0.000068,1.000131,-0.000199,-0.000428,0.000431,-0.491005,0.000064
4.549000,-0.002301,0.000007,1.000142,-0.000198,-0.000430,0.000431,-0.491004,0.000064
4.550000,-0.001546,0.001271,1.000138,-0.000213,-0.000431,0.000432,-0.491004,0.000063
4.551000,-0.003724,-0.000648,1.000152,-0.000191,-0.000435,0.000432,-0.491004,0.000063
4.552000,-0.001241,0.001620,1.000136,-0.000217,-0.000436,0.000433,-0.491004,0.000063
4.553000,-0.001007,0.000678,1.000135,-0.000206,-0.000437,0.000434,-0.491004,0.000063
4.554000,-0.001360,0.000594,1.000137,-0.000205,-0.000439,0.000435,-0.491004,0.000063
4.555000,0.000767,0.000565,1.000124,-0.000205,-0.000438,0.000435,-0.491004,0.000062
4.556000,-0.000967,0.001087,1.000134,-0.000211,-0.000439,0.000436,-0.491004,0.000062
4.557000,-0.001678,0.000540,1.000139,-0.000205,-0.000441,0.000437,-0.491003,0.000062
4.558000,-0.002480,0.001471,1.000144,-0.000216,-0.000443,0.000438,-0.491003,0.000062
4.559000,-0.001787,0.001901,1.000140,-0.000221,-0.000445,0.000440,-0.491003,0.000062
4.560000,-0.001712,0.000493,1.000140,-0.000205,-0.000447,0.000441,-0.491003,0.000061
4.561000,-0.001675,0.001269,1.000139,-0.000214,-0.000448,0.000442,-0.491003,0.000061
4.562000,-0.002596,-0.000344,1.000145,-0.000195,-0.000451,0.000442,-0.491003,0.000061
4.563000,-0.001899,0.000420,1.000141,-0.000204,-0.000453,0.000442,-0.491003,0.000061
4.564000,0.000374,0.001145,1.000127,-0.000213,-0.000452,0.000443,-0.491002,0.000061
4.565000,-0.000942,-0.000221,1.000135,-0.000197,-0.000453,0.000443,-0.491002,0.000060
4.566000,-0.001247,-0.000133,1.000137,-0.000197,-0.000455,0.000443,-0.491002,0.000060
4.567000,-0.000821,0.001139,1.000134,-0.000212,-0.000455,0.000444,-0.491002,0.000060
4.568000,-0.002123,-0.000031,1.000142,-0.000198,-0.000458,0.000444,-0.491002,0.000060
4.569000,-0.001153,0.000441,1.000136,-0.000204,-0.000459,0.000444,-0.491002,0.000060
4.570000,-0.000920,0.000390,1.000135,-0.000203,-0.000460,0.000445,-0.491002,0.000059
4.571000,-0.000473,0.002283,1.000132,-0.000226,-0.000460,0.000447,-0.491001,0.000059
4.572000,-0.001028,0.001704,1.000135,-0.000219,-0.000461,0.000449,-0.491001,0.000059
4.573000,0.000037,0.000508,1.000129,-0.000206,-0.000461,0.000449,-0.491001,0.000059
4.574000,-0.000924,-0.000883,1.000134,-0.000189,-0.000462,0.000448,-0.491001,0.000058
4.575000,-0.000833,0.000940,1.000134,-0.000210,-0.000463,0.000449,-0.491001,0.000058
4.576000,-0.000925,-0.000897,1.000134,-0.000188,-0.000464,0.000448,-0.491001,0.000058
4.577000,-0.001747,-0.000170,1.000139,-0.000196,-0.000466,0.000448,-0.491001,0.000058
4.578000,-0.000492,0.000551,1.000132,-0.000205,-0.000466,0.000449,-0.491000,0.000058
4.579000,-0.000832,-0.000062,1.000134,-0.000197,-0.000467,0.000449,-0.491000,0.000057
4.580000,-0.002758,0.000590,1.000146,-0.000205,-0.000470,0.000449,-0.491000,0.000057
4.581000,-0.000565,-0.000623,1.000132,-0.000190,-0.000470,0.000449,-0.491000,0.000057
4.582000,-0.001411,0.000452,1.000137,-0.000203,-0.000472,0.000449,-0.491000,0.000057
4.583000,-0.002276,0.001192,1.000143,-0.000212,-0.000474,0.000450,-0.491000,0.000057
4.584000,-0.000034,0.001892,1.000129,-0.000220,-0.000474,0.000452,-0.491000,0.000056
4.585000,-0.002420,0.001867,1.000144,-0.000220,-0.000476,0.000454,-0.491000,0.000056
4.586000,-0.000182,0.001138,1.000130,-0.000212,-0.000477,0.000455,-0.490999,0.000056
4.587000,-0.000182,0.001126,1.000130,-0.000212,-0.000477,0.000456,-0.490999,0.000056
4.588000,-0.001180,0.001166,1.000136,-0.000213,-0.000478,0.000457,-0.490999,0.000056
4.589000,-0.002205,0.000469,1.000142,-0.000205,-0.000480,0.000458,-0.490999,0.000055
4.590000,-0.000355,0.000469,1.000131,-0.000205,-0.000480,0.000458,-0.490999,0.000055
4.591000,-0.001140,-0.000143,1.000136,-0.000197,-0.000482,0.000458,-0.490999,0.000055
4.592000,-0.001080,0.000585,1.000135,-0.000206,-0.000483,0.000459,-0.490999,0.000055
4.593000,-0.001548,0.001645,1.000138,-0.000218,-0.000484,0.000461,-0.490998,0.000055
4.594000,-0.001816,0.001715,1.000140,-0.000220,-0.000486,0.000462,-0.490998,0.000054
4.595000,0.000301,0.001715,1.000127,-0.000220,-0.000486,0.000464,-0.490998,0.000054
4.596000,-0.000188,0.001700,1.000129,-0.000220,-0.000486,0.000466,-0.490998,0.000054
4.597000,-0.001342,0.000979,1.000137,-0.000212,-0.000487,0.000467,-0.490998,0.000054
4.598000,-0.001225,-0.000276,1.000136,-0.000197,-0.000488,0.000466,-0.490998,0.000053
4.599000,-0.001658,0.000998,1.000139,-0.000212,-0.000490,0.000467,-0.490998,0.000053
4.600000,-0.000150,0.001044,1.000129,-0.000213,-0.000490,0.000468,-0.490998,0.000053
4.601000,0.000022,0.000969,1.000128,-0.000212,-0.000490,0.000469,-0.490997,0.000053
4.602000,-0.001718,0.001647,1.000139,-0.000220,-0.000492,0.000471,-0.490997,0.000053
4.603000,0.000140,-0.000237,1.000127,-0.000198,-0.000492,0.000471,-0.490997,0.000052
4.604000,-0.000994,0.000835,1.000134,-0.000211,-0.000493,0.000472,-0.490997,0.000052
4.605000,-0.002538,0.001577,1.000144,-0.000220,-0.000495,0.000473,-0.490997,0.000052
4.606000,-0.000102,0.000277,1.000128,-0.000205,-0.000495,0.000473,-0.490997,0.000052
4.607000,-0.001351,0.000977,1.000136,-0.000213,-0.000497,0.000474,-0.490997,0.000052
4.608000,-0.000773,0.001597,1.000132,-0.000220,-0.000498,0.000476,-0.490996,0.000051
4.609000,-0.001919,0.000355,1.000140,-0.000206,-0.000500,0.000476,-0.490996,0.000051
4.610000,-0.001242,-0.001060,1.000135,-0.000189,-0.000501,0.000475,-0.490996,0.000051
4.611000,-0.000182,-0.000443,1.000129,-0.000196,-0.000501,0.000475,-0.490996,0.000051
4.612000,-0.000027,0.000721,1.000128,-0.000209,-0.000501,0.000476,-0.490996,0.000051
4.613000,-0.001352,0.000274,1.000136,-0.000204,-0.000502,0.000476,-0.490996,0.000050
4.614000,-0.000989,-0.000808,1.000133,-0.000191,-0.000503,0.000475,-0.490996,0.000050
4.615000,0.000570,-0.000470,1.000123,-0.000194,-0.000503,0.000475,-0.490996,0.000050
4.616000,-0.000902,0.000392,1.000132,-0.000204,-0.000504,0.000475,-0.490995,0.000050
4.617000,0.000572,0.001054,1.000123,-0.000212,-0.000503,0.000476,-0.490995,0.000050
4.618000,-0.001211,0.001205,1.000134,-0.000214,-0.000504,0.000477,-0.490995,0.000049
4.619000,-0.000905,0.000240,1.000132,-0.000203,-0.000505,0.000478,-0.490995,0.000049
4.620000,-0.001192,0.001672,1.000134,-0.000220,-0.000506,0.000479,-0.490995,0.000049
4.621000,-0.001393,0.000993,1.000135,-0.000212,-0.000508,0.000480,-0.490995,0.000049
4.622000,-0.000842,-0.000242,1.000132,-0.000197,-0.000509,0.000480,-0.490995,0.000048
4.623000,-0.000666,-0.000131,1.000130,-0.000198,-0.000509,0.000480,-0.490994,0.000048
4.624000,-0.001768,-0.000265,1.000137,-0.000196,-0.000511,0.000480,-0.490994,0.000048
4.625000,-0.000676,-0.001087,1.000131,-0.000186,-0.000512,0.000478,-0.490994,0.000048
4.626000,-0.001362,-0.001400,1.000135,-0.000182,-0.000513,0.000477,-0.490994,0.000048
4.627000,-0.000693,-0.000825,1.000131,-0.000188,-0.000514,0.000476,-0.490994,0.000048
4.628000,-0.001183,0.001693,1.000134,-0.000217,-0.000515,0.000478,-0.490994,0.000047
4.629000,-0.000615,-0.000010,1.000130,-0.000198,-0.000516,0.000478,-0.490994,0.000047
4.630000,-0.000502,0.000507,1.000129,-0.000203,-0.000516,0.000478,-0.490994,0.000047
4.631000,-0.001225,0.000471,1.000134,-0.000203,-0.000517,0.000479,-0.490993,0.000047
4.632000,-0.001541,0.001152,1.000136,-0.000211,-0.000519,0.000480,-0.490993,0.000046
4.633000,-0.000641,-0.000704,1.000130,-0.000189,-0.000519,0.000479,-0.490993,0.000046
4.634000,-0.001494,0.000834,1.000135,-0.000207,-0.000521,0.000480,-0.490993,0.000046
4.635000,-0.001050,-0.000031,1.000133,-0.000197,-0.000522,0.000480,-0.490993,0.000046
4.636000,-0.002698,0.001061,1.000143,-0.000210,-0.000525,0.000481,-0.490993,0.000046
4.637000,-0.003278,0.000727,1.000147,-0.000206,-0.000528,0.000482,-0.490993,0.000045
4.638000,-0.001074,0.000594,1.000134,-0.000204,-0.000529,0.000483,-0.490992,0.000045
4.639000,-0.001950,0.000404,1.000139,-0.000202,-0.000531,0.000483,-0.490992,0.000045
4.640000,-0.001159,0.002035,1.000134,-0.000221,-0.000532,0.000485,-0.490992,0.000045
4.641000,-0.002899,0.001190,1.000145,-0.000212,-0.000535,0.000486,-0.490992,0.000045
4.642000,-0.000755,-0.000277,1.000132,-0.000195,-0.000536,0.000486,-0.490992,0.000044
4.643000,0.000228,0.001305,1.000126,-0.000213,-0.000536,0.000487,-0.490992,0.000044
4.644000,-0.000199,0.001701,1.000128,-0.000218,-0.000536,0.000489,-0.490992,0.000044
4.645000,-0.002432,0.000581,1.000142,-0.000205,-0.000538,0.000489,-0.490991,0.000044
4.646000,-0.001542,0.001739,1.000137,-0.000219,-0.000540,0.000491,-0.490991,0.000044
4.647000,-0.000563,0.001053,1.000131,-0.000211,-0.000540,0.000492,-0.490991,0.000043
4.648000,-0.001984,-0.000285,1.000139,-0.000195,-0.000542,0.000492,-0.490991,0.000043
4.649000,-0.001300,0.000356,1.000135,-0.000203,-0.000544,0.000492,-0.490991,0.000043
4.650000,-0.002002,-0.000874,1.000140,-0.000188,-0.000546,0.000491,-0.490991,0.000043
4.651000,-0.001066,-0.000197,1.000134,-0.000195,-0.000547,0.000491,-0.490991,0.000043
4.652000,-0.001573,0.000501,1.000137,-0.000203,-0.000548,0.000492,-0.490991,0.000042
4.653000,-0.000952,-0.000180,1.000133,-0.000195,-0.000549,0.000492,-0.490990,0.000042
4.654000,-0.000884,0.000474,1.000133,-0.000203,-0.000550,0.000492,-0.490990,0.000042
4.655000,-0.001610,0.001165,1.000137,-0.000211,-0.000552,0.000493,-0.490990,0.000042
4.656000,-0.001649,0.000370,1.000138,-0.000202,-0.000553,0.000494,-0.490990,0.000042
4.657000,-0.002218,0.000700,1.000142,-0.000206,-0.000556,0.000494,-0.490990,0.000041
4.658000,0.001263,0.001739,1.000119,-0.000218,-0.000554,0.000496,-0.490990,0.000041
4.659000,-0.001461,-0.000679,1.000136,-0.000190,-0.000556,0.000495,-0.490990,0.000041
4.660000,-0.000166,0.001830,1.000128,-0.000219,-0.000556,0.000497,-0.490989,0.000041
4.661000,-0.001312,0.000445,1.000135,-0.000203,-0.000557,0.000498,-0.490989,0.000041
4.662000,-0.000107,0.001110,1.000128,-0.000211,-0.000557,0.000499,-0.490989,0.000040
4.663000,0.000233,-0.000204,1.000125,-0.000195,-0.000557,0.000499,-0.490989,0.000040
4.664000,-0.001067,0.001124,1.000133,-0.000211,-0.000558,0.000500,-0.490989,0.000040
4.665000,-0.000277,0.001106,1.000128,-0.000211,-0.000558,0.000501,-0.490989,0.000040
4.666000,-0.001084,-0.000218,1.000133,-0.000195,-0.000560,0.000501,-0.490989,0.000040
4.667000,-0.001534,0.000433,1.000136,-0.000203,-0.000561,0.000501,-0.490989,0.000039
4.668000,0.000118,0.001114,1.000125,-0.000211,-0.000561,0.000502,-0.490988,0.000039
4.669000,-0.002307,0.000482,1.000141,-0.000203,-0.000563,0.000503,-0.490988,0.000039
4.670000,-0.001353,0.001109,1.000135,-0.000211,-0.000565,0.000504,-0.490988,0.000039
4.671000,-0.000848,0.000483,1.000132,-0.000204,-0.000565,0.000504,-0.490988,0.000038
4.672000,-0.001491,0.000473,1.000136,-0.000203,-0.000567,0.000505,-0.490988,0.000038
4.673000,-0.001189,-0.000820,1.000134,-0.000188,-0.000568,0.000504,-0.490988,0.000038
4.674000,-0.000955,0.000461,1.000132,-0.000203,-0.000569,0.000504,-0.490988,0.000038
4.675000,-0.000208,0.000463,1.000127,-0.000203,-0.000569,0.000505,-0.490987,0.000038
4.676000,-0.001585,0.000471,1.000136,-0.000203,-0.000571,0.000505,-0.490987,0.000037
4.677000,-0.002354,-0.000145,1.000141,-0.000195,-0.000573,0.000505,-0.490987,0.000037
4.678000,-0.001352,0.001184,1.000135,-0.000211,-0.000575,0.000506,-0.490987,0.000037
4.679000,-0.001758,-0.000758,1.000138,-0.000188,-0.000576,0.000505,-0.490987,0.000037
4.680000,-0.000642,0.001218,1.000131,-0.000211,-0.000577,0.000507,-0.490987,0.000037
4.681000,-0.001334,0.001189,1.000135,-0.000211,-0.000578,0.000508,-0.490987,0.000036
4.682000,-0.000652,0.000487,1.000131,-0.000203,-0.000579,0.000508,-0.490987,0.000036
4.683000,-0.000474,-0.001441,1.000129,-0.000180,-0.000579,0.000507,-0.490986,0.000036
4.684000,-0.000792,0.001243,1.000131,-0.000211,-0.000580,0.000508,-0.490986,0.000036
4.685000,-0.000082,0.000532,1.000127,-0.000203,-0.000580,0.000509,-0.490986,0.000036
4.686000,-0.002813,0.000542,1.000144,-0.000203,-0.000583,0.000509,-0.490986,0.000035
4.687000,-0.000565,-0.000600,1.000130,-0.000189,-0.000584,0.000509,-0.490986,0.000035
4.688000,-0.002351,0.000464,1.000141,-0.000201,-0.000586,0.000509,-0.490986,0.000035
4.689000,0.000676,-0.000089,1.000122,-0.000195,-0.000585,0.000509,-0.490986,0.000035
4.690000,-0.001596,0.000593,1.000136,-0.000203,-0.000587,0.000510,-0.490985,0.000035
4.691000,-0.001835,0.000601,1.000138,-0.000203,-0.000589,0.000510,-0.490985,0.000034
4.692000,-0.001971,0.000605,1.000139,-0.000203,-0.000591,0.000511,-0.490985,0.000034
4.693000,-0.001744,0.000684,1.000137,-0.000204,-0.000593,0.000512,-0.490985,0.000034
4.694000,-0.002448,0.000602,1.000142,-0.000203,-0.000595,0.000512,-0.490985,0.000034
4.695000,-0.000761,-0.000021,1.000132,-0.000195,-0.000596,0.000512,-0.490985,0.000034
4.696000,-0.001760,0.002627,1.000138,-0.000227,-0.000598,0.000515,-0.490985,0.000033
4.697000,-0.001390,-0.000057,1.000136,-0.000195,-0.000599,0.000515,-0.490984,0.000033
4.698000,-0.001552,0.000576,1.000137,-0.000203,-0.000600,0.000515,-0.490984,0.000033
4.699000,-0.000522,0.000733,1.000130,-0.000205,-0.000601,0.000516,-0.490984,0.000033
4.700000,0.000039,0.001775,1.000127,-0.000217,-0.000601,0.000518,-0.490984,0.000033
4.701000,-0.001312,0.001161,1.000135,-0.000210,-0.000602,0.000519,-0.490984,0.000032
4.702000,-0.001745,0.000498,1.000138,-0.000202,-0.000604,0.000519,-0.490984,0.000032
4.703000,-0.002263,-0.000008,1.000141,-0.000196,-0.000606,0.000519,-0.490984,0.000032
4.704000,0.000468,-0.000083,1.000124,-0.000195,-0.000606,0.000519,-0.490984,0.000032
4.705000,-0.000664,0.001018,1.000131,-0.000208,-0.000606,0.000520,-0.490983,0.000032
4.706000,-0.000357,0.000471,1.000129,-0.000202,-0.000607,0.000521,-0.490983,0.000031
4.707000,-0.000714,0.000603,1.000131,-0.000203,-0.000608,0.000521,-0.490983,0.000031
4.708000,-0.001113,-0.000084,1.000133,-0.000195,-0.000609,0.000521,-0.490983,0.000031
4.709000,-0.002288,0.000570,1.000141,-0.000203,-0.000611,0.000522,-0.490983,0.000031
4.710000,-0.001073,0.001876,1.000133,-0.000218,-0.000612,0.000524,-0.490983,0.000031
4.711000,-0.000163,-0.000078,1.000127,-0.000195,-0.000612,0.000524,-0.490983,0.000030
4.712000,-0.001819,0.000555,1.000138,-0.000203,-0.000614,0.000524,-0.490982,0.000030
4.713000,-0.001565,0.000734,1.000136,-0.000205,-0.000616,0.000525,-0.490982,0.000030
4.714000,-0.000613,-0.001556,1.000130,-0.000178,-0.000616,0.000523,-0.490982,0.000030
4.715000,-0.001284,-0.000734,1.000134,-0.000186,-0.000617,0.000523,-0.490982,0.000030
4.716000,-0.001112,0.000724,1.000133,-0.000203,-0.000619,0.000523,-0.490982,0.000029
4.717000,-0.002591,0.000723,1.000143,-0.000203,-0.000621,0.000524,-0.490982,0.000029
4.718000,-0.001056,0.000657,1.000133,-0.000203,-0.000622,0.000525,-0.490982,0.000029
4.719000,-0.000591,0.000658,1.000130,-0.000203,-0.000623,0.000525,-0.490982,0.000029
4.720000,-0.000008,0.000034,1.000126,-0.000195,-0.000623,0.000525,-0.490981,0.000029
4.721000,-0.001103,0.002050,1.000133,-0.000219,-0.000624,0.000528,-0.490981,0.000028
4.722000,-0.000660,0.000096,1.000130,-0.000196,-0.000625,0.000528,-0.490981,0.000028
4.723000,-0.000666,0.000620,1.000130,-0.000202,-0.000625,0.000528,-0.490981,0.000028
4.724000,-0.001278,-0.001516,1.000134,-0.000177,-0.000627,0.000527,-0.490981,0.000028
4.725000,-0.001162,-0.000524,1.000133,-0.000188,-0.000628,0.000526,-0.490981,0.000028
4.726000,-0.000428,0.001237,1.000129,-0.000209,-0.000628,0.000527,-0.490981,0.000027
4.727000,-0.000879,0.001354,1.000131,-0.000210,-0.000629,0.000529,-0.490980,0.000027
4.728000,-0.001603,0.000674,1.000136,-0.000202,-0.000631,0.000529,-0.490980,0.000027
4.729000,-0.001798,0.000067,1.000137,-0.000195,-0.000632,0.000530,-0.490980,0.000027
4.730000,0.000032,-0.001054,1.000126,-0.000182,-0.000632,0.000528,-0.490980,0.000027
4.731000,-0.000861,-0.001082,1.000131,-0.000181,-0.000633,0.000527,-0.490980,0.000026
4.732000,0.000301,0.000568,1.000124,-0.000200,-0.000633,0.000528,-0.490980,0.000026
4.733000,-0.001389,-0.001314,1.000134,-0.000177,-0.000634,0.000527,-0.490980,0.000026
4.734000,-0.000987,0.000084,1.000132,-0.000193,-0.000635,0.000527,-0.490980,0.000026
4.735000,-0.000726,0.000106,1.000130,-0.000193,-0.000636,0.000527,-0.490979,0.000026
4.736000,-0.002047,0.001345,1.000138,-0.000208,-0.000638,0.000528,-0.490979,0.000025
4.737000,-0.001048,0.000338,1.000132,-0.000196,-0.000639,0.000529,-0.490979,0.000025
4.738000,-0.001066,0.000872,1.000132,-0.000202,-0.000640,0.000529,-0.490979,0.000025
4.739000,-0.002222,0.000031,1.000140,-0.000192,-0.000642,0.000529,-0.490979,0.000025
4.740000,-0.000503,0.002137,1.000129,-0.000217,-0.000643,0.000532,-0.490979,0.000025
4.741000,0.000382,0.000988,1.000123,-0.000204,-0.000643,0.000533,-0.490979,0.000024
4.742000,-0.000075,-0.000487,1.000126,-0.000187,-0.000643,0.000532,-0.490978,0.000024
4.743000,-0.001775,-0.001198,1.000136,-0.000178,-0.000644,0.000531,-0.490978,0.000024
4.744000,-0.000737,0.000218,1.000130,-0.000194,-0.000645,0.000531,-0.490978,0.000024
4.745000,-0.000758,0.000164,1.000130,-0.000193,-0.000646,0.000531,-0.490978,0.000024
4.746000,-0.000868,0.000184,1.000130,-0.000193,-0.000647,0.000531,-0.490978,0.000023
4.747000,-0.000309,-0.000260,1.000127,-0.000188,-0.000647,0.000531,-0.490978,0.000023
4.748000,-0.000435,-0.001876,1.000127,-0.000168,-0.000647,0.000529,-0.490978,0.000023
4.749000,-0.001780,-0.000382,1.000136,-0.000185,-0.000649,0.000529,-0.490978,0.000023
4.750000,-0.001135,0.000999,1.000132,-0.000201,-0.000650,0.000530,-0.490977,0.000023
4.751000,-0.001533,-0.000312,1.000134,-0.000186,-0.000652,0.000530,-0.490977,0.000023
4.752000,-0.000896,0.001666,1.000130,-0.000209,-0.000653,0.000531,-0.490977,0.000022
4.753000,-0.000752,-0.001453,1.000129,-0.000172,-0.000654,0.000530,-0.490977,0.000022
4.754000,-0.000258,-0.001116,1.000126,-0.000175,-0.000654,0.000529,-0.490977,0.000022
4.755000,-0.001081,0.001232,1.000131,-0.000203,-0.000655,0.000530,-0.490977,0.000022
4.756000,0.000636,0.000215,1.000120,-0.000191,-0.000654,0.000530,-0.490977,0.000022
4.757000,-0.001954,0.000962,1.000136,-0.000200,-0.000656,0.000531,-0.490977,0.000021
4.758000,0.000792,0.001249,1.000119,-0.000203,-0.000655,0.000532,-0.490976,0.000021
4.759000,-0.001144,-0.000173,1.000131,-0.000186,-0.000657,0.000532,-0.490976,0.000021
4.760000,-0.001905,-0.000186,1.000136,-0.000186,-0.000658,0.000532,-0.490976,0.000021
4.761000,-0.000747,0.000510,1.000129,-0.000194,-0.000659,0.000533,-0.490976,0.000021
4.762000,-0.002765,0.000617,1.000141,-0.000195,-0.000662,0.000533,-0.490976,0.000020
4.763000,-0.001351,0.000266,1.000133,-0.000191,-0.000663,0.000533,-0.490976,0.000020
4.764000,-0.000630,0.001085,1.000128,-0.000201,-0.000664,0.000534,-0.490976,0.000020
4.765000,-0.001218,0.001100,1.000132,-0.000201,-0.000665,0.000536,-0.490975,0.000020
4.766000,-0.001028,0.001102,1.000131,-0.000201,-0.000666,0.000537,-0.490975,0.000020
4.767000,-0.001710,0.001086,1.000135,-0.000201,-0.000668,0.000538,-0.490975,0.000019
4.768000,-0.001069,0.000454,1.000131,-0.000194,-0.000669,0.000538,-0.490975,0.000019
4.769000,-0.001824,0.001080,1.000136,-0.000201,-0.000671,0.000539,-0.490975,0.000019
4.770000,-0.001086,0.000370,1.000131,-0.000193,-0.000672,0.000540,-0.490975,0.000019
4.771000,-0.001275,0.001060,1.000132,-0.000201,-0.000673,0.000541,-0.490975,0.000019
4.772000,-0.001323,0.000358,1.000133,-0.000193,-0.000675,0.000541,-0.490975,0.000018
4.773000,-0.000852,-0.000261,1.000130,-0.000186,-0.000675,0.000541,-0.490974,0.000018
4.774000,-0.001933,0.000471,1.000137,-0.000194,-0.000677,0.000541,-0.490974,0.000018
4.775000,0.000184,0.001248,1.000123,-0.000203,-0.000677,0.000543,-0.490974,0.000018
4.776000,-0.000165,0.000256,1.000125,-0.000192,-0.000677,0.000543,-0.490974,0.000018
4.777000,-0.000367,0.001027,1.000126,-0.000201,-0.000678,0.000544,-0.490974,0.000017
4.778000,-0.000540,0.001726,1.000127,-0.000209,-0.000678,0.000546,-0.490974,0.000017
4.779000,0.000198,0.000403,1.000122,-0.000194,-0.000678,0.000546,-0.490974,0.000017
4.780000,-0.001616,-0.000905,1.000134,-0.000178,-0.000680,0.000545,-0.490974,0.000017
4.781000,-0.000880,0.000543,1.000129,-0.000195,-0.000680,0.000546,-0.490973,0.000017
4.782000,-0.001242,-0.000414,1.000131,-0.000184,-0.000682,0.000545,-0.490973,0.000017
4.783000,-0.001070,0.000364,1.000130,-0.000192,-0.000683,0.000546,-0.490973,0.000016
4.784000,-0.001600,0.000408,1.000134,-0.000193,-0.000684,0.000546,-0.490973,0.000016
4.785000,-0.000685,-0.000193,1.000128,-0.000186,-0.000685,0.000546,-0.490973,0.000016
4.786000,-0.000224,-0.000787,1.000125,-0.000178,-0.000685,0.000545,-0.490973,0.000016
4.787000,0.000392,-0.000813,1.000121,-0.000177,-0.000685,0.000544,-0.490973,0.000016
4.788000,0.000028,0.000626,1.000123,-0.000194,-0.000685,0.000545,-0.490972,0.000015
4.789000,-0.001374,0.000630,1.000131,-0.000194,-0.000686,0.000545,-0.490972,0.000015
4.790000,-0.001123,0.000626,1.000130,-0.000194,-0.000687,0.000546,-0.490972,0.000015
4.791000,-0.001206,-0.000063,1.000130,-0.000186,-0.000689,0.000546,-0.490972,0.000015
4.792000,-0.001309,0.001263,1.000131,-0.000201,-0.000690,0.000547,-0.490972,0.000015
4.793000,-0.000481,-0.000080,1.000126,-0.000186,-0.000690,0.000547,-0.490972,0.000014
4.794000,-0.000528,0.001255,1.000126,-0.000201,-0.000691,0.000548,-0.490972,0.000014
4.795000,0.000058,0.000016,1.000122,-0.000187,-0.000691,0.000548,-0.490972,0.000014
4.796000,-0.001187,0.000459,1.000130,-0.000192,-0.000692,0.000549,-0.490971,0.000014
4.797000,-0.000113,0.000503,1.000123,-0.000192,-0.000692,0.000549,-0.490971,0.000014
4.798000,-0.000168,-0.000069,1.000123,-0.000186,-0.000692,0.000549,-0.490971,0.000013
4.799000,-0.001653,-0.000660,1.000132,-0.000178,-0.000694,0.000549,-0.490971,0.000013
4.800000,-0.000722,0.000003,1.000126,-0.000186,-0.000695,0.000549,-0.490971,0.000013
4.801000,-0.000500,0.004370,1.000125,-0.000193,-0.000695,0.000553,-0.490971,0.000013
4.802000,-0.001958,0.003092,1.000134,-0.000179,-0.000697,0.000556,-0.490971,0.000013
4.803000,-0.000550,0.002736,1.000125,-0.000176,-0.000698,0.000559,-0.490971,0.000013
4.804000,-0.000740,0.004010,1.000126,-0.000192,-0.000698,0.000563,-0.490970,0.000012
4.805000,-0.000575,0.003153,1.000125,-0.000184,-0.000699,0.000566,-0.490970,0.000012
4.806000,-0.000520,0.003500,1.000125,-0.000189,-0.000700,0.000570,-0.490970,0.000012
4.807000,-0.001027,0.002491,1.000128,-0.000178,-0.000701,0.000572,-0.490970,0.000012
4.808000,0.000067,0.001636,1.000121,-0.000169,-0.000700,0.000574,-0.490970,0.000012
4.809000,-0.001163,0.002088,1.000128,-0.000175,-0.000702,0.000576,-0.490970,0.000011
4.810000,0.000445,0.002894,1.000118,-0.000185,-0.000701,0.000579,-0.490970,0.000011
4.811000,-0.001344,0.003022,1.000129,-0.000187,-0.000703,0.000582,-0.490970,0.000011
4.812000,0.000370,0.003929,1.000118,-0.000199,-0.000702,0.000586,-0.490969,0.000011
4.813000,-0.001834,0.002634,1.000132,-0.000185,-0.000704,0.000588,-0.490969,0.000011
4.814000,-0.000427,0.002595,1.000123,-0.000185,-0.000704,0.000591,-0.490969,0.000011
4.815000,-0.000431,0.004538,1.000123,-0.000209,-0.000705,0.000595,-0.490969,0.000010
4.816000,-0.000525,0.003713,1.000123,-0.000201,-0.000705,0.000599,-0.490969,0.000010
4.817000,-0.000569,0.003609,1.000124,-0.000201,-0.000706,0.000603,-0.490969,0.000010
4.818000,-0.000504,0.002203,1.000123,-0.000186,-0.000706,0.000605,-0.490969,0.000010
4.819000,-0.000370,0.002388,1.000122,-0.000189,-0.000707,0.000607,-0.490969,0.000010
4.820000,-0.000647,0.002348,1.000124,-0.000189,-0.000707,0.000610,-0.490968,0.000009
4.821000,-0.001284,0.002519,1.000128,-0.000192,-0.000709,0.000612,-0.490968,0.000009
4.822000,-0.001216,0.001905,1.000127,-0.000185,-0.000710,0.000614,-0.490968,0.000009
4.823000,-0.000744,0.003191,1.000124,-0.000201,-0.000711,0.000617,-0.490968,0.000009
4.824000,-0.001384,0.002580,1.000128,-0.000195,-0.000712,0.000620,-0.490968,0.000009
4.825000,-0.001625,0.002870,1.000130,-0.000199,-0.000714,0.000623,-0.490968,0.000008
4.826000,-0.000453,0.003598,1.000122,-0.000209,-0.000714,0.000626,-0.490968,0.000008
4.827000,-0.000782,0.001181,1.000124,-0.000181,-0.000715,0.000627,-0.490968,0.000008
4.828000,0.000254,0.001951,1.000118,-0.000191,-0.000715,0.000629,-0.490967,0.000008
4.829000,-0.002726,0.002502,1.000137,-0.000198,-0.000717,0.000632,-0.490967,0.000008
4.830000,-0.000598,0.000171,1.000123,-0.000171,-0.000718,0.000632,-0.490967,0.000007
4.831000,-0.001418,0.003219,1.000128,-0.000207,-0.000719,0.000635,-0.490967,0.000007
4.832000,-0.001128,0.000748,1.000127,-0.000179,-0.000721,0.000636,-0.490967,0.000007
4.833000,-0.000711,0.001904,1.000124,-0.000192,-0.000721,0.000638,-0.490967,0.000007
4.834000,-0.000352,-0.000791,1.000122,-0.000161,-0.000722,0.000637,-0.490967,0.000007
4.835000,0.000232,0.001751,1.000118,-0.000191,-0.000721,0.000639,-0.490967,0.000006
4.836000,-0.000039,0.001989,1.000119,-0.000194,-0.000721,0.000641,-0.490966,0.000006
4.837000,-0.000602,0.000508,1.000122,-0.000177,-0.000722,0.000641,-0.490966,0.000006
4.838000,-0.000302,0.001770,1.000120,-0.000192,-0.000722,0.000643,-0.490966,0.000006
4.839000,-0.000514,0.000416,1.000122,-0.000176,-0.000723,0.000644,-0.490966,0.000006
4.840000,-0.001598,0.000406,1.000128,-0.000176,-0.000724,0.000644,-0.490966,0.000006
4.841000,-0.000475,-0.000109,1.000121,-0.000170,-0.000725,0.000644,-0.490966,0.000005
4.842000,-0.001787,0.000801,1.000130,-0.000181,-0.000727,0.000645,-0.490966,0.000005
4.843000,-0.000214,-0.000603,1.000120,-0.000164,-0.000727,0.000644,-0.490966,0.000005
4.844000,-0.000254,0.000320,1.000120,-0.000175,-0.000727,0.000644,-0.490965,0.000005
4.845000,-0.001220,0.000429,1.000126,-0.000176,-0.000728,0.000645,-0.490965,0.000005
4.846000,-0.000999,0.001930,1.000124,-0.000194,-0.000729,0.000647,-0.490965,0.000004
4.847000,-0.000882,-0.001049,1.000124,-0.000159,-0.000730,0.000646,-0.490965,0.000004
4.848000,-0.000245,0.002939,1.000119,-0.000206,-0.000731,0.000649,-0.490965,0.000004
4.849000,0.000692,0.001168,1.000113,-0.000185,-0.000730,0.000650,-0.490965,0.000004
4.850000,-0.000543,0.000419,1.000121,-0.000177,-0.000730,0.000650,-0.490965,0.000004
4.851000,0.000376,0.000389,1.000115,-0.000176,-0.000730,0.000651,-0.490965,0.000004
4.852000,-0.000421,0.001009,1.000120,-0.000184,-0.000730,0.000652,-0.490964,0.000003
4.853000,-0.001109,0.001669,1.000124,-0.000192,-0.000732,0.000653,-0.490964,0.000003
4.854000,0.000437,0.001797,1.000114,-0.000194,-0.000731,0.000655,-0.490964,0.000003
4.855000,-0.000954,0.000791,1.000122,-0.000182,-0.000732,0.000656,-0.490964,0.000003
4.856000,-0.001221,0.000210,1.000124,-0.000175,-0.000733,0.000656,-0.490964,0.000003
4.857000,-0.000383,0.002183,1.000119,-0.000199,-0.000734,0.000658,-0.490964,0.000002
4.858000,-0.000468,-0.001093,1.000119,-0.000160,-0.000734,0.000657,-0.490964,0.000002
4.859000,-0.000677,0.002217,1.000120,-0.000199,-0.000735,0.000659,-0.490964,0.000002
4.860000,0.000038,0.000226,1.000116,-0.000176,-0.000735,0.000660,-0.490964,0.000002
4.861000,-0.000941,0.001540,1.000122,-0.000192,-0.000736,0.000661,-0.490963,0.000002
4.862000,0.000380,0.000204,1.000113,-0.000176,-0.000735,0.000661,-0.490963,0.000002
4.863000,-0.000775,0.000212,1.000120,-0.000176,-0.000736,0.000662,-0.490963,0.000001
4.864000,-0.001444,-0.000305,1.000125,-0.000170,-0.000738,0.000661,-0.490963,0.000001
4.865000,-0.001004,0.001388,1.000122,-0.000190,-0.000739,0.000663,-0.490963,0.000001
4.866000,-0.000198,0.000786,1.000117,-0.000183,-0.000739,0.000663,-0.490963,0.000001
4.867000,-0.000616,0.001501,1.000119,-0.000192,-0.000739,0.000665,-0.490963,0.000001
4.868000,-0.000986,0.000798,1.000121,-0.000184,-0.000740,0.000666,-0.490963,0.000000
4.869000,-0.000671,-0.001131,1.000119,-0.000161,-0.000741,0.000665,-0.490962,0.000000
4.870000,-0.001893,-0.000911,1.000127,-0.000163,-0.000743,0.000664,-0.490962,0.000000
4.871000,-0.001237,0.000720,1.000123,-0.000181,-0.000744,0.000664,-0.490962,-0.000000
4.872000,-0.002481,0.001004,1.000131,-0.000185,-0.000747,0.000665,-0.490962,-0.000000
4.873000,-0.000889,-0.001082,1.000121,-0.000160,-0.000748,0.000664,-0.490962,-0.000000
4.874000,-0.001518,-0.001240,1.000125,-0.000158,-0.000749,0.000663,-0.490962,-0.000001
4.875000,-0.001571,0.001078,1.000126,-0.000185,-0.000751,0.000664,-0.490962,-0.000001
4.876000,0.000245,0.000150,1.000114,-0.000174,-0.000750,0.000664,-0.490962,-0.000001
4.877000,0.001060,0.000287,1.000109,-0.000175,-0.000749,0.000665,-0.490961,-0.000001
4.878000,-0.000051,0.001656,1.000115,-0.000192,-0.000749,0.000666,-0.490961,-0.000001
4.879000,-0.000367,0.001003,1.000117,-0.000184,-0.000750,0.000667,-0.490961,-0.000001
4.880000,-0.000391,0.001627,1.000117,-0.000192,-0.000750,0.000669,-0.490961,-0.000002
4.881000,-0.000423,0.002273,1.000117,-0.000200,-0.000751,0.000671,-0.490961,-0.000002
4.882000,0.000022,-0.000406,1.000114,-0.000169,-0.000751,0.000671,-0.490961,-0.000002
4.883000,0.000332,0.000247,1.000112,-0.000176,-0.000750,0.000671,-0.490961,-0.000002
4.884000,-0.002065,0.000436,1.000127,-0.000178,-0.000752,0.000671,-0.490961,-0.000002
4.885000,-0.001036,0.000086,1.000121,-0.000174,-0.000753,0.000672,-0.490960,-0.000003
4.886000,-0.000193,0.000212,1.000115,-0.000175,-0.000753,0.000672,-0.490960,-0.000003
4.887000,-0.002022,0.000270,1.000127,-0.000176,-0.000756,0.000672,-0.490960,-0.000003
4.888000,-0.000668,0.001592,1.000118,-0.000192,-0.000756,0.000674,-0.490960,-0.000003
4.889000,0.000660,0.001563,1.000110,-0.000192,-0.000756,0.000675,-0.490960,-0.000003
4.890000,-0.000322,-0.000296,1.000116,-0.000170,-0.000756,0.000675,-0.490960,-0.000003
4.891000,-0.000963,0.001388,1.000120,-0.000190,-0.000757,0.000676,-0.490960,-0.000004
4.892000,-0.000295,-0.000458,1.000115,-0.000168,-0.000757,0.000676,-0.490960,-0.000004
4.893000,0.000204,0.000859,1.000112,-0.000183,-0.000757,0.000677,-0.490960,-0.000004
4.894000,-0.000842,-0.000293,1.000118,-0.000170,-0.000758,0.000676,-0.490959,-0.000004
4.895000,-0.000377,-0.000439,1.000115,-0.000168,-0.000758,0.000676,-0.490959,-0.000004
4.896000,-0.000221,0.001382,1.000114,-0.000189,-0.000758,0.000677,-0.490959,-0.000005
4.897000,0.000481,0.000819,1.000109,-0.000183,-0.000758,0.000678,-0.490959,-0.000005
4.898000,-0.000710,0.000862,1.000117,-0.000183,-0.000759,0.000679,-0.490959,-0.000005
4.899000,-0.000424,0.000863,1.000115,-0.000183,-0.000759,0.000680,-0.490959,-0.000005
4.900000,0.000829,0.000229,1.000107,-0.000176,-0.000758,0.000680,-0.490959,-0.000005
4.901000,-0.000613,0.001567,1.000116,-0.000192,-0.000759,0.000682,-0.490959,-0.000005
4.902000,-0.000902,0.000225,1.000117,-0.000176,-0.000760,0.000682,-0.490959,-0.000006
4.903000,0.000791,-0.001084,1.000106,-0.000161,-0.000759,0.000681,-0.490958,-0.000006
4.904000,-0.000047,0.000448,1.000111,-0.000178,-0.000759,0.000681,-0.490958,-0.000006
4.905000,0.001416,0.000724,1.000102,-0.000181,-0.000758,0.000682,-0.490958,-0.000006
4.906000,-0.000195,0.000843,1.000112,-0.000183,-0.000758,0.000683,-0.490958,-0.000006
4.907000,-0.000167,0.000867,1.000111,-0.000183,-0.000758,0.000684,-0.490958,-0.000007
4.908000,-0.001763,0.001030,1.000121,-0.000185,-0.000760,0.000685,-0.490958,-0.000007
4.909000,0.001433,-0.000474,1.000101,-0.000168,-0.000758,0.000684,-0.490958,-0.000007
4.910000,-0.000870,-0.000489,1.000115,-0.000167,-0.000759,0.000684,-0.490958,-0.000007
4.911000,-0.000637,0.000838,1.000114,-0.000182,-0.000760,0.000685,-0.490958,-0.000007
4.912000,-0.000732,-0.001173,1.000114,-0.000159,-0.000760,0.000683,-0.490957,-0.000007
4.913000,-0.002164,-0.000438,1.000123,-0.000167,-0.000763,0.000683,-0.490957,-0.000008
4.914000,-0.001604,0.000287,1.000120,-0.000175,-0.000764,0.000683,-0.490957,-0.000008
4.915000,0.000199,-0.000305,1.000108,-0.000168,-0.000764,0.000683,-0.490957,-0.000008
4.916000,0.001092,-0.000455,1.000102,-0.000166,-0.000763,0.000683,-0.490957,-0.000008
4.917000,-0.000647,0.000108,1.000113,-0.000172,-0.000764,0.000683,-0.490957,-0.000008
4.918000,-0.000794,0.000896,1.000114,-0.000181,-0.000764,0.000684,-0.490957,-0.000008
4.919000,-0.000268,-0.000881,1.000111,-0.000160,-0.000765,0.000683,-0.490957,-0.000009
4.920000,-0.000746,0.000676,1.000114,-0.000178,-0.000765,0.000683,-0.490956,-0.000009
4.921000,-0.000539,0.000516,1.000112,-0.000176,-0.000766,0.000684,-0.490956,-0.000009
4.922000,0.000241,-0.000255,1.000107,-0.000167,-0.000766,0.000684,-0.490956,-0.000009
4.923000,-0.001087,-0.000253,1.000115,-0.000167,-0.000767,0.000683,-0.490956,-0.000009
4.924000,0.000108,0.000455,1.000108,-0.000175,-0.000767,0.000684,-0.490956,-0.000009
4.925000,-0.000137,-0.000920,1.000109,-0.000159,-0.000767,0.000683,-0.490956,-0.000010
4.926000,-0.001103,-0.000190,1.000115,-0.000167,-0.000768,0.000683,-0.490956,-0.000010
4.927000,0.000331,0.001826,1.000106,-0.000190,-0.000768,0.000685,-0.490956,-0.000010
4.928000,-0.002585,-0.000831,1.000124,-0.000159,-0.000770,0.000684,-0.490956,-0.000010
4.929000,-0.000720,0.000530,1.000113,-0.000175,-0.000771,0.000684,-0.490955,-0.000010
4.930000,0.000076,0.000450,1.000107,-0.000174,-0.000771,0.000685,-0.490955,-0.000010
4.931000,-0.000725,0.000451,1.000112,-0.000174,-0.000772,0.000685,-0.490955,-0.000011
4.932000,-0.000070,0.001148,1.000108,-0.000182,-0.000772,0.000686,-0.490955,-0.000011
4.933000,-0.001107,0.001131,1.000114,-0.000182,-0.000773,0.000687,-0.490955,-0.000011
4.934000,-0.001181,-0.000111,1.000115,-0.000168,-0.000774,0.000687,-0.490955,-0.000011
4.935000,-0.001175,-0.000361,1.000115,-0.000165,-0.000775,0.000687,-0.490955,-0.000011
4.936000,0.001285,-0.000213,1.000099,-0.000166,-0.000774,0.000687,-0.490955,-0.000012
4.937000,0.000870,-0.000160,1.000101,-0.000166,-0.000773,0.000687,-0.490955,-0.000012
4.938000,-0.000614,-0.000737,1.000110,-0.000159,-0.000774,0.000686,-0.490954,-0.000012
4.939000,-0.000994,0.001242,1.000113,-0.000182,-0.000775,0.000687,-0.490954,-0.000012
4.940000,-0.000462,0.001213,1.000109,-0.000182,-0.000775,0.000688,-0.490954,-0.000012
4.941000,0.000617,0.000502,1.000102,-0.000174,-0.000774,0.000689,-0.490954,-0.000012
4.942000,-0.001819,-0.001425,1.000118,-0.000151,-0.000776,0.000687,-0.490954,-0.000013
4.943000,-0.001455,0.001264,1.000116,-0.000182,-0.000778,0.000689,-0.490954,-0.000013
4.944000,-0.000701,-0.000759,1.000111,-0.000159,-0.000778,0.000688,-0.490954,-0.000013
4.945000,0.001137,0.001272,1.000099,-0.000182,-0.000777,0.000689,-0.490954,-0.000013
4.946000,-0.000261,0.000621,1.000107,-0.000175,-0.000777,0.000690,-0.490954,-0.000013
4.947000,-0.001187,0.001234,1.000113,-0.000182,-0.000779,0.000691,-0.490953,-0.000013
4.948000,-0.001142,-0.000084,1.000113,-0.000167,-0.000780,0.000691,-0.490953,-0.000014
4.949000,-0.000497,-0.000056,1.000109,-0.000167,-0.000780,0.000691,-0.490953,-0.000014
4.950000,0.000202,-0.000050,1.000104,-0.000167,-0.000780,0.000691,-0.490953,-0.000014
4.951000,0.001207,0.000755,1.000098,-0.000176,-0.000779,0.000692,-0.490953,-0.000014
4.952000,-0.000821,-0.000215,1.000110,-0.000165,-0.000780,0.000691,-0.490953,-0.000014
4.953000,0.000947,0.000020,1.000099,-0.000167,-0.000779,0.000691,-0.490953,-0.000014
4.954000,-0.001181,0.000430,1.000112,-0.000172,-0.000780,0.000692,-0.490953,-0.000015
4.955000,0.000074,0.000114,1.000104,-0.000168,-0.000780,0.000692,-0.490953,-0.000015
4.956000,-0.001178,-0.000174,1.000112,-0.000164,-0.000781,0.000692,-0.490953,-0.000015
4.957000,-0.000823,0.001275,1.000110,-0.000181,-0.000782,0.000693,-0.490952,-0.000015
4.958000,-0.001719,0.000005,1.000115,-0.000167,-0.000784,0.000693,-0.490952,-0.000015
4.959000,0.000026,0.001335,1.000104,-0.000182,-0.000784,0.000694,-0.490952,-0.000015
4.960000,-0.001147,0.000698,1.000112,-0.000175,-0.000785,0.000695,-0.490952,-0.000016
4.961000,-0.000300,0.000615,1.000106,-0.000174,-0.000785,0.000696,-0.490952,-0.000016
4.962000,-0.000996,0.000615,1.000110,-0.000174,-0.000786,0.000696,-0.490952,-0.000016
4.963000,-0.000716,0.001302,1.000109,-0.000182,-0.000787,0.000698,-0.490952,-0.000016
4.964000,-0.001058,-0.000041,1.000111,-0.000167,-0.000788,0.000698,-0.490952,-0.000016
4.965000,-0.000176,-0.000024,1.000105,-0.000167,-0.000788,0.000697,-0.490952,-0.000017
4.966000,-0.000248,0.000698,1.000105,-0.000175,-0.000788,0.000698,-0.490951,-0.000017
4.967000,0.000676,0.000782,1.000099,-0.000176,-0.000788,0.000699,-0.490951,-0.000017
4.968000,-0.000570,0.000433,1.000107,-0.000172,-0.000788,0.000699,-0.490951,-0.000017
4.969000,-0.000068,0.002544,1.000104,-0.000197,-0.000788,0.000702,-0.490951,-0.000017
4.970000,-0.001141,-0.000723,1.000110,-0.000159,-0.000789,0.000701,-0.490951,-0.000017
4.971000,-0.002209,-0.000742,1.000117,-0.000158,-0.000791,0.000700,-0.490951,-0.000018
4.972000,0.000682,0.000005,1.000099,-0.000167,-0.000791,0.000700,-0.490951,-0.000018
4.973000,-0.001486,-0.001182,1.000113,-0.000152,-0.000792,0.000699,-0.490951,-0.000018
4.974000,-0.000096,-0.000719,1.000104,-0.000157,-0.000792,0.000699,-0.490951,-0.000018
4.975000,-0.000172,0.001360,1.000104,-0.000181,-0.000793,0.000700,-0.490950,-0.000018
4.976000,-0.001216,-0.000456,1.000111,-0.000160,-0.000794,0.000699,-0.490950,-0.000018
4.977000,0.000571,0.000550,1.000099,-0.000172,-0.000793,0.000700,-0.490950,-0.000019
4.978000,0.000756,0.000147,1.000098,-0.000167,-0.000792,0.000700,-0.490950,-0.000019
4.979000,0.000039,0.002027,1.000102,-0.000189,-0.000792,0.000702,-0.490950,-0.000019
4.980000,0.000159,-0.001478,1.000101,-0.000148,-0.000792,0.000701,-0.490950,-0.000019
4.981000,-0.001227,0.001378,1.000110,-0.000181,-0.000793,0.000702,-0.490950,-0.000019
4.982000,-0.000071,0.001500,1.000102,-0.000183,-0.000794,0.000704,-0.490950,-0.000019
4.983000,0.000343,0.001209,1.000099,-0.000180,-0.000793,0.000705,-0.490950,-0.000020
4.984000,-0.000063,-0.000003,1.000102,-0.000166,-0.000793,0.000705,-0.490950,-0.000020
4.985000,0.000337,-0.000462,1.000099,-0.000160,-0.000793,0.000704,-0.490949,-0.000020
4.986000,0.001441,0.001313,1.000092,-0.000181,-0.000791,0.000706,-0.490949,-0.000020
4.987000,0.000565,0.000629,1.000097,-0.000173,-0.000791,0.000706,-0.490949,-0.000020
4.988000,-0.000547,-0.000176,1.000103,-0.000164,-0.000791,0.000706,-0.490949,-0.000020
4.989000,-0.000971,0.000711,1.000106,-0.000174,-0.000792,0.000707,-0.490949,-0.000021
4.990000,0.000066,0.001369,1.000099,-0.000182,-0.000792,0.000708,-0.490949,-0.000021
4.991000,0.000122,-0.000563,1.000099,-0.000159,-0.000792,0.000708,-0.490949,-0.000021
4.992000,0.001740,0.000618,1.000088,-0.000173,-0.000791,0.000708,-0.490949,-0.000021
4.993000,-0.000656,0.000950,1.000103,-0.000177,-0.000791,0.000709,-0.490949,-0.000021
4.994000,-0.000919,-0.000914,1.000105,-0.000155,-0.000792,0.000708,-0.490949,-0.000021
4.995000,-0.001333,-0.001502,1.000107,-0.000147,-0.000793,0.000707,-0.490948,-0.000022
4.996000,0.000158,0.000341,1.000098,-0.000168,-0.000793,0.000707,-0.490948,-0.000022
4.997000,-0.000846,-0.000184,1.000104,-0.000162,-0.000794,0.000707,-0.490948,-0.000022
4.998000,-0.000692,-0.000439,1.000103,-0.000159,-0.000795,0.000707,-0.490948,-0.000022
4.999000,-0.000855,0.000130,1.000104,-0.000165,-0.000796,0.000707,-0.490948,-0.000022
