t,fx,fy,x,y,x_dot,y_dot,wx,wy
0.000000,0.000000,0.000000,0.000000,0.000000,0.000000,0.000000,0.000000,0.000000
0.000000,0.896830,-0.168565,0.000000,0.000000,0.000910,-0.000166,-0.002975,0.000000
0.001000,0.895155,-0.167396,0.000013,-0.000010,0.001808,-0.000320,-0.003975,-0.000000
0.002000,1.175765,-0.222309,0.000005,0.000010,0.002988,-0.000515,-0.004975,0.000000
0.003000,1.443877,-0.273151,0.000015,0.000005,0.004440,-0.000744,-0.005975,0.000000
0.004000,1.702874,-0.323290,0.000018,0.000004,0.006154,-0.001000,-0.006975,0.000000
0.005000,1.953923,-0.372683,0.000011,0.000004,0.008123,-0.001281,-0.007975,0.000000
0.006000,2.194911,-0.420581,0.000009,-0.000001,0.010337,-0.001579,-0.008975,0.000000
0.007000,2.424128,-0.467142,0.000025,-0.000007,0.012785,-0.001891,-0.009975,0.000000
0.008000,2.650065,-0.515574,0.000005,0.000003,0.015463,-0.002215,-0.010975,0.000000
0.009000,2.862749,-0.562179,0.000017,0.000008,0.018359,-0.002545,-0.011975,0.000000
0.010000,3.068651,-0.607045,0.000024,-0.000006,0.021466,-0.002877,-0.012975,0.000000
0.011000,3.267285,-0.652842,0.000026,-0.000009,0.024777,-0.003208,-0.013975,0.000000
0.012000,3.456192,-0.699610,0.000042,0.000005,0.028281,-0.003536,-0.014975,0.000000
0.013000,3.639611,-0.744770,0.000049,-0.000003,0.031974,-0.003856,-0.015975,0.000000
0.014000,3.813018,-0.789092,0.000078,-0.000016,0.035844,-0.004166,-0.016975,0.000000
0.015000,3.982662,-0.836125,0.000086,-0.000008,0.039890,-0.004464,-0.017975,0.000000
0.016000,4.141925,-0.881404,0.000122,-0.000015,0.044099,-0.004747,-0.018975,-0.000000
0.017000,4.299178,-0.928936,0.000131,-0.000010,0.048469,-0.005015,-0.019975,-0.000000
0.018000,4.445392,-0.974149,0.000175,-0.000026,0.052990,-0.005262,-0.020975,-0.000000
0.019000,4.588840,-1.023772,0.000198,-0.000004,0.057657,-0.005491,-0.021975,-0.000000
0.020000,4.724256,-1.070308,0.000241,-0.000019,0.062464,-0.005696,-0.022975,-0.000000
0.021000,4.856743,-1.118690,0.000270,-0.000027,0.067406,-0.005878,-0.023974,-0.000000
0.022000,4.984118,-1.167656,0.000301,-0.000036,0.072478,-0.006035,-0.024974,-0.000000
0.023000,5.103462,-1.218194,0.000350,-0.000029,0.077672,-0.006166,-0.025974,-0.000000
0.024000,5.217561,-1.267908,0.000407,-0.000040,0.082982,-0.006269,-0.026974,-0.000000
0.025000,5.328437,-1.320365,0.000455,-0.000032,0.088405,-0.006344,-0.027973,-0.000000
0.026000,5.435753,-1.371860,0.000502,-0.000047,0.093936,-0.006390,-0.028973,-0.000000
0.027000,5.535452,-1.424450,0.000572,-0.000052,0.099567,-0.006405,-0.029972,-0.000000
0.028000,5.633214,-1.478784,0.000630,-0.000053,0.105296,-0.006391,-0.030972,-0.000000
0.029000,5.725405,-1.534503,0.000700,-0.000045,0.111118,-0.006346,-0.031971,-0.000000
0.030000,5.813706,-1.590081,0.000774,-0.000049,0.117027,-0.006269,-0.032970,-0.000000
0.031000,5.895869,-1.645148,0.000869,-0.000065,0.123016,-0.006159,-0.033970,-0.000000
0.032000,5.976238,-1.703354,0.000954,-0.000060,0.129085,-0.006017,-0.034969,-0.000000
0.033000,6.052427,-1.762687,0.001047,-0.000052,0.135228,-0.005843,-0.035968,-0.000001
0.034000,6.123059,-1.820445,0.001160,-0.000068,0.141438,-0.005635,-0.036967,-0.000001
0.035000,6.191103,-1.880249,0.001274,-0.000074,0.147714,-0.005394,-0.037966,-0.000001
0.036000,6.257911,-1.941569,0.001379,-0.000077,0.154053,-0.005120,-0.038965,-0.000001
0.037000,6.323078,-2.004427,0.001480,-0.000077,0.160453,-0.004814,-0.039963,-0.000001
0.038000,6.383894,-2.069140,0.001593,-0.000064,0.166909,-0.004476,-0.040962,-0.000001
0.039000,6.438692,-2.131395,0.001735,-0.000083,0.173415,-0.004104,-0.041960,-0.000001
0.040000,6.494969,-2.197972,0.001852,-0.000072,0.179971,-0.003700,-0.042959,-0.000001
0.041000,6.546447,-2.263183,0.001990,-0.000083,0.186573,-0.003264,-0.043957,-0.000001
0.042000,6.594311,-2.330434,0.002140,-0.000079,0.193216,-0.002796,-0.044955,-0.000001
0.043000,6.640837,-2.398234,0.002288,-0.000082,0.199899,-0.002296,-0.045953,-0.000001
0.044000,6.680264,-2.466738,0.002472,-0.000076,0.206614,-0.001764,-0.046950,-0.000001
0.045000,6.725417,-2.537231,0.002612,-0.000076,0.213366,-0.001202,-0.047948,-0.000001
0.046000,6.762343,-2.607444,0.002796,-0.000075,0.220146,-0.000609,-0.048945,-0.000001
0.047000,6.800667,-2.678664,0.002965,-0.000080,0.226956,0.000014,-0.049943,-0.000002
0.048000,6.833884,-2.751282,0.003158,-0.000073,0.233790,0.000668,-0.050940,-0.000002
0.049000,6.865272,-2.823739,0.003359,-0.000076,0.240645,0.001351,-0.051937,-0.000002
0.050000,6.896688,-2.898116,0.003552,-0.000072,0.247521,0.002062,-0.052933,-0.000002
0.051000,6.924777,-2.973231,0.003762,-0.000064,0.254415,0.002802,-0.053930,-0.000002
0.052000,6.949857,-3.048225,0.003988,-0.000064,0.261323,0.003570,-0.054926,-0.000002
0.053000,6.977444,-3.125080,0.004193,-0.000060,0.268247,0.004365,-0.055922,-0.000002
0.054000,7.001381,-3.201840,0.004418,-0.000061,0.275183,0.005186,-0.056918,-0.000002
0.055000,7.023892,-3.280422,0.004648,-0.000049,0.282129,0.006034,-0.057914,-0.000002
0.056000,7.041752,-3.358747,0.004906,-0.000041,0.289080,0.006907,-0.058909,-0.000002
0.057000,7.061287,-3.437162,0.005152,-0.000047,0.296038,0.007806,-0.059904,-0.000002
0.058000,7.079404,-3.515795,0.005406,-0.000058,0.303000,0.008731,-0.060899,-0.000002
0.059000,7.095133,-3.597147,0.005672,-0.000042,0.309964,0.009679,-0.061894,-0.000002
0.060000,7.107961,-3.677058,0.005957,-0.000047,0.316927,0.010651,-0.062888,-0.000002
0.061000,7.120771,-3.759691,0.006241,-0.000029,0.323888,0.011645,-0.063882,-0.000002
0.062000,7.130880,-3.839939,0.006544,-0.000042,0.330844,0.012664,-0.064876,-0.000002
0.063000,7.143820,-3.925266,0.006826,-0.000011,0.337798,0.013701,-0.065869,-0.000002
0.064000,7.153708,-4.006509,0.007132,-0.000028,0.344746,0.014761,-0.066863,-0.000003
0.065000,7.160755,-4.091003,0.007454,-0.000010,0.351686,0.015842,-0.067856,-0.000003
0.066000,7.169412,-4.176781,0.007766,0.000012,0.358618,0.016940,-0.068848,-0.000003
0.067000,7.176339,-4.260827,0.008093,0.000011,0.365540,0.018059,-0.069840,-0.000003
0.068000,7.180751,-4.345618,0.008438,0.000017,0.372450,0.019196,-0.070832,-0.000003
0.069000,7.183395,-4.430737,0.008796,0.000024,0.379345,0.020352,-0.071824,-0.000003
0.070000,7.184590,-4.518048,0.009164,0.000053,0.386224,0.021524,-0.072815,-0.000003
0.071000,7.190945,-4.604211,0.009505,0.000052,0.393092,0.022713,-0.073806,-0.000003
0.072000,7.192718,-4.690213,0.009877,0.000054,0.399945,0.023920,-0.074796,-0.000002
0.073000,7.193474,-4.777968,0.010257,0.000073,0.406779,0.025141,-0.075787,-0.000002
0.074000,7.194915,-4.866222,0.010636,0.000091,0.413597,0.026376,-0.076776,-0.000002
0.075000,7.194106,-4.952785,0.011035,0.000091,0.420395,0.027627,-0.077766,-0.000002
0.076000,7.192148,-5.043371,0.011441,0.000134,0.427173,0.028890,-0.078755,-0.000002
0.077000,7.189323,-5.131180,0.011860,0.000145,0.433929,0.030166,-0.079743,-0.000002
0.078000,7.186819,-5.220176,0.012280,0.000164,0.440663,0.031455,-0.080731,-0.000002
0.079000,7.185335,-5.309256,0.012698,0.000179,0.447377,0.032756,-0.081719,-0.000002
0.080000,7.181197,-5.398005,0.013138,0.000193,0.454067,0.034068,-0.082707,-0.000002
0.081000,7.176574,-5.490330,0.013582,0.000247,0.460732,0.035389,-0.083693,-0.000001
0.082000,7.172148,-5.580290,0.014032,0.000271,0.467374,0.036720,-0.084680,-0.000001
0.083000,7.166717,-5.670194,0.014493,0.000295,0.473990,0.038060,-0.085666,-0.000001
0.084000,7.159890,-5.760659,0.014969,0.000326,0.480579,0.039409,-0.086651,-0.000001
0.085000,7.151100,-5.851513,0.015461,0.000365,0.487139,0.040767,-0.087636,-0.000000
0.086000,7.142402,-5.941376,0.015960,0.000391,0.493669,0.042132,-0.088621,0.000000
0.087000,7.134657,-6.031824,0.016458,0.000421,0.500172,0.043506,-0.089605,0.000000
0.088000,7.124461,-6.123651,0.016976,0.000471,0.506644,0.044884,-0.090588,0.000001
0.089000,7.117247,-6.213870,0.017484,0.000496,0.513088,0.046270,-0.091571,0.000001
0.090000,7.107473,-6.306061,0.018010,0.000549,0.519501,0.047661,-0.092554,0.000002
0.091000,7.098295,-6.395839,0.018542,0.000574,0.525885,0.049057,-0.093536,0.000002
0.092000,7.088917,-6.486540,0.019081,0.000609,0.532238,0.050459,-0.094517,0.000003
0.093000,7.080074,-6.577175,0.019622,0.000642,0.538561,0.051865,-0.095498,0.000003
0.094000,7.070670,-6.668356,0.020172,0.000683,0.544854,0.053275,-0.096479,0.000004
0.095000,7.060136,-6.758752,0.020735,0.000719,0.551115,0.054689,-0.097458,0.000005
0.096000,7.052376,-6.850312,0.021287,0.000763,0.557347,0.056106,-0.098438,0.000005
0.097000,7.040869,-6.941126,0.021868,0.000808,0.563546,0.057525,-0.099416,0.000006
0.098000,7.026607,-7.030053,0.022476,0.000838,0.569710,0.058948,-0.100394,0.000007
0.099000,7.016042,-7.120716,0.023065,0.000881,0.575842,0.060373,-0.101372,0.000008
0.100000,7.003554,-7.209937,0.023674,0.000914,0.581940,0.061801,-0.102349,0.000009
0.101000,6.993348,-7.301384,0.024273,0.000969,0.588006,0.063228,-0.103325,0.000010
0.102000,6.982409,-7.393360,0.024882,0.001034,0.594040,0.064655,-0.104301,0.000011
0.103000,6.971152,-7.481941,0.025503,0.001063,0.600041,0.066084,-0.105276,0.000012
0.104000,6.962357,-7.573197,0.026112,0.001120,0.606012,0.067511,-0.106250,0.000013
0.105000,6.952991,-7.664262,0.026730,0.001178,0.611953,0.068937,-0.107224,0.000014
0.106000,6.942291,-7.754433,0.027363,0.001232,0.617861,0.070362,-0.108198,0.000015
0.107000,6.933349,-7.844274,0.027992,0.001281,0.623739,0.071786,-0.109170,0.000016
0.108000,6.925911,-7.934882,0.028616,0.001338,0.629588,0.073207,-0.110142,0.000017
0.109000,6.918518,-8.025784,0.029245,0.001402,0.635408,0.074625,-0.111114,0.000019
0.110000,6.911189,-8.116448,0.029879,0.001466,0.641200,0.076040,-0.112084,0.000020
0.111000,6.900138,-8.205244,0.030543,0.001521,0.646960,0.077452,-0.113054,0.000022
0.112000,6.891852,-8.294770,0.031196,0.001580,0.652690,0.078862,-0.114024,0.000023
0.113000,6.883625,-8.385037,0.031852,0.001652,0.658390,0.080267,-0.114993,0.000025
0.114000,6.876193,-8.474505,0.032509,0.001717,0.664063,0.081669,-0.115961,0.000026
0.115000,6.866709,-8.563823,0.033185,0.001788,0.669704,0.083066,-0.116928,0.000028
0.116000,6.858184,-8.653167,0.033860,0.001862,0.675317,0.084458,-0.117895,0.000030
0.117000,6.851921,-8.742099,0.034526,0.001929,0.680902,0.085846,-0.118861,0.000032
0.118000,6.844785,-8.830490,0.035203,0.001997,0.686459,0.087229,-0.119827,0.000033
0.119000,6.836879,-8.920671,0.035888,0.002090,0.691987,0.088605,-0.120792,0.000036
0.120000,6.832103,-9.007960,0.036562,0.002148,0.697490,0.089977,-0.121756,0.000038
0.121000,6.823312,-9.095560,0.037264,0.002223,0.702964,0.091344,-0.122719,0.000040
0.122000,6.817787,-9.183768,0.037951,0.002301,0.708411,0.092704,-0.123682,0.000042
0.123000,6.807232,-9.269543,0.038676,0.002366,0.713828,0.094061,-0.124644,0.000044
0.124000,6.797969,-9.356866,0.039397,0.002451,0.719215,0.095412,-0.125605,0.000047
0.125000,6.793434,-9.442500,0.040095,0.002510,0.724577,0.096757,-0.126566,0.000049
0.126000,6.785055,-9.529076,0.040820,0.002593,0.729911,0.098097,-0.127526,0.000051
0.127000,6.783471,-9.615677,0.041507,0.002665,0.735223,0.099430,-0.128485,0.000054
0.128000,6.777757,-9.702495,0.042224,0.002753,0.740509,0.100756,-0.129444,0.000057
0.129000,6.770510,-9.787530,0.042956,0.002828,0.745769,0.102076,-0.130401,0.000059
0.130000,6.767227,-9.873708,0.043666,0.002913,0.751005,0.103389,-0.131358,0.000062
0.131000,6.761590,-9.959439,0.044395,0.003002,0.756215,0.104694,-0.132315,0.000065
0.132000,6.760023,-10.045577,0.045103,0.003091,0.761405,0.105992,-0.133270,0.000068
0.133000,6.755857,-10.129569,0.045832,0.003166,0.766571,0.107283,-0.134225,0.000071
0.134000,6.748657,-10.213931,0.046583,0.003256,0.771710,0.108568,-0.135180,0.000074
0.135000,6.742214,-10.298654,0.047334,0.003354,0.776824,0.109845,-0.136133,0.000078
0.136000,6.739241,-10.382759,0.048068,0.003441,0.781916,0.111115,-0.137086,0.000081
0.137000,6.731890,-10.465678,0.048833,0.003530,0.786981,0.112378,-0.138038,0.000084
0.138000,6.728356,-10.549726,0.049578,0.003627,0.792024,0.113633,-0.138989,0.000088
0.139000,6.721308,-10.632824,0.050349,0.003726,0.797040,0.114880,-0.139939,0.000091
0.140000,6.713751,-10.715287,0.051128,0.003823,0.802031,0.116121,-0.140889,0.000095
0.141000,6.707153,-10.798429,0.051904,0.003932,0.806996,0.117353,-0.141838,0.000099
0.142000,6.697092,-10.879137,0.052709,0.004025,0.811933,0.118578,-0.142786,0.000103
0.143000,6.688331,-10.960394,0.053510,0.004125,0.816843,0.119797,-0.143733,0.000107
0.144000,6.680391,-11.040049,0.054311,0.004211,0.821726,0.121010,-0.144680,0.000111
0.145000,6.671637,-11.120642,0.055121,0.004313,0.826583,0.122215,-0.145625,0.000115
0.146000,6.662752,-11.201978,0.055935,0.004430,0.831412,0.123412,-0.146570,0.000119
0.147000,6.649721,-11.281040,0.056782,0.004534,0.836211,0.124602,-0.147514,0.000124
0.148000,6.638694,-11.359779,0.057621,0.004635,0.840980,0.125785,-0.148458,0.000128
0.149000,6.631078,-11.438994,0.058444,0.004739,0.845725,0.126961,-0.149400,0.000133
0.150000,6.620101,-11.518945,0.059290,0.004864,0.850440,0.128128,-0.150342,0.000138
0.151000,6.610031,-11.598407,0.060136,0.004987,0.855129,0.129286,-0.151282,0.000143
0.152000,6.602073,-11.676778,0.060974,0.005098,0.859791,0.130436,-0.152222,0.000148
0.153000,6.591788,-11.754954,0.061830,0.005217,0.864427,0.131578,-0.153161,0.000153
0.154000,6.582624,-11.833003,0.062684,0.005337,0.869036,0.132711,-0.154099,0.000158
0.155000,6.569764,-11.911415,0.063565,0.005476,0.873615,0.133836,-0.155037,0.000163
0.156000,6.555596,-11.987081,0.064462,0.005591,0.878163,0.134953,-0.155973,0.000169
0.157000,6.544630,-12.063181,0.065343,0.005709,0.882683,0.136062,-0.156909,0.000174
0.158000,6.537845,-12.141469,0.066199,0.005848,0.887180,0.137161,-0.157843,0.000180
0.159000,6.530237,-12.217436,0.067067,0.005968,0.891653,0.138251,-0.158777,0.000186
0.160000,6.521420,-12.293311,0.067946,0.006094,0.896100,0.139332,-0.159710,0.000192
0.161000,6.518375,-12.370057,0.068791,0.006224,0.900529,0.140404,-0.160642,0.000198
0.162000,6.509521,-12.446375,0.069675,0.006366,0.904932,0.141465,-0.161573,0.000204
0.163000,6.501748,-12.522698,0.070556,0.006512,0.909312,0.142517,-0.162504,0.000210
0.164000,6.495662,-12.597506,0.071432,0.006643,0.913670,0.143559,-0.163433,0.000217
0.165000,6.486498,-12.672062,0.072330,0.006782,0.918003,0.144592,-0.164362,0.000224
0.166000,6.481161,-12.748007,0.073206,0.006935,0.922315,0.145614,-0.165290,0.000230
0.167000,6.473710,-12.821860,0.074100,0.007074,0.926605,0.146627,-0.166216,0.000237
0.168000,6.467855,-12.896211,0.074986,0.007220,0.930873,0.147630,-0.167142,0.000244
0.169000,6.461021,-12.971113,0.075881,0.007380,0.935120,0.148622,-0.168067,0.000252
0.170000,6.451536,-13.043705,0.076797,0.007526,0.939342,0.149605,-0.168991,0.000259
0.171000,6.446110,-13.116569,0.077691,0.007670,0.943544,0.150578,-0.169915,0.000266
0.172000,6.440569,-13.188699,0.078590,0.007812,0.947726,0.151543,-0.170837,0.000274
0.173000,6.427675,-13.259613,0.079538,0.007961,0.951881,0.152499,-0.171758,0.000282
0.174000,6.419308,-13.329777,0.080462,0.008097,0.956012,0.153447,-0.172679,0.000290
0.175000,6.409728,-13.401933,0.081395,0.008263,0.960120,0.154386,-0.173599,0.000298
0.176000,6.403291,-13.472454,0.082313,0.008409,0.964208,0.155315,-0.174517,0.000306
0.177000,6.394525,-13.542641,0.083249,0.008561,0.968273,0.156236,-0.175435,0.000315
0.178000,6.387301,-13.614704,0.084176,0.008736,0.972316,0.157145,-0.176352,0.000323
0.179000,6.380616,-13.683939,0.085105,0.008884,0.976340,0.158046,-0.177268,0.000332
0.180000,6.371486,-13.754149,0.086050,0.009053,0.980341,0.158937,-0.178182,0.000341
0.181000,6.368256,-13.825009,0.086961,0.009221,0.984325,0.159817,-0.179096,0.000350
0.182000,6.362936,-13.894282,0.087889,0.009382,0.988291,0.160687,-0.180010,0.000359
0.183000,6.353811,-13.962622,0.088843,0.009545,0.992234,0.161549,-0.180922,0.000369
0.184000,6.348910,-14.029842,0.089775,0.009691,0.996160,0.162403,-0.181833,0.000378
0.185000,6.337366,-14.098273,0.090749,0.009871,1.000061,0.163247,-0.182743,0.000388
0.186000,6.325463,-14.164251,0.091731,0.010028,1.003938,0.164084,-0.183652,0.000398
0.187000,6.318121,-14.231914,0.092686,0.010199,1.007795,0.164911,-0.184561,0.000408
0.188000,6.306339,-14.297899,0.093672,0.010366,1.011627,0.165730,-0.185468,0.000418
0.189000,6.294110,-14.363963,0.094665,0.010539,1.015436,0.166540,-0.186374,0.000428
0.190000,6.280912,-14.428632,0.095669,0.010704,1.019218,0.167343,-0.187280,0.000439
0.191000,6.266253,-14.493520,0.096685,0.010880,1.022974,0.168138,-0.188184,0.000449
0.192000,6.253167,-14.558172,0.097695,0.011054,1.026706,0.168924,-0.189087,0.000460
0.193000,6.235806,-14.622705,0.098736,0.011242,1.030408,0.169702,-0.189990,0.000471
0.194000,6.217776,-14.684326,0.099788,0.011403,1.034080,0.170474,-0.190891,0.000483
0.195000,6.202992,-14.747118,0.100823,0.011574,1.037726,0.171238,-0.191791,0.000494
0.196000,6.183118,-14.808794,0.101894,0.011749,1.041340,0.171995,-0.192690,0.000506
0.197000,6.166571,-14.869554,0.102951,0.011911,1.044927,0.172746,-0.193588,0.000517
0.198000,6.146905,-14.928697,0.104033,0.012066,1.048483,0.173491,-0.194485,0.000529
0.199000,6.126115,-14.989601,0.105125,0.012248,1.052006,0.174229,-0.195381,0.000541
0.200000,6.102492,-15.048604,0.106241,0.012420,1.055495,0.174960,-0.196276,0.000554
0.201000,6.081530,-15.108893,0.107345,0.012606,1.058953,0.175684,-0.197170,0.000566
0.202000,6.064646,-15.169673,0.108427,0.012793,1.062382,0.176398,-0.198063,0.000579
0.203000,6.051055,-15.229195,0.109494,0.012964,1.065787,0.177105,-0.198954,0.000591
0.204000,6.031078,-15.287853,0.110605,0.013145,1.069161,0.177804,-0.199845,0.000604
0.205000,6.017750,-15.346434,0.111679,0.013314,1.072512,0.178495,-0.200734,0.000618
0.206000,5.999530,-15.404885,0.112786,0.013498,1.075834,0.179177,-0.201622,0.000631
0.207000,5.989429,-15.463268,0.113847,0.013669,1.079136,0.179852,-0.202509,0.000644
0.208000,5.977915,-15.521016,0.114920,0.013840,1.082416,0.180518,-0.203396,0.000658
0.209000,5.964257,-15.578517,0.116009,0.014017,1.085673,0.181175,-0.204281,0.000672
0.210000,5.950107,-15.635357,0.117104,0.014193,1.088905,0.181825,-0.205165,0.000686
0.211000,5.935809,-15.693201,0.118202,0.014386,1.092114,0.182466,-0.206048,0.000700
0.212000,5.924765,-15.751590,0.119282,0.014583,1.095301,0.183096,-0.206929,0.000714
0.213000,5.912753,-15.808554,0.120372,0.014772,1.098468,0.183717,-0.207810,0.000729
0.214000,5.900365,-15.864163,0.121468,0.014950,1.101612,0.184330,-0.208690,0.000744
0.215000,5.889542,-15.919584,0.122557,0.015128,1.104737,0.184934,-0.209568,0.000759
0.216000,5.880731,-15.974378,0.123636,0.015298,1.107844,0.185531,-0.210446,0.000774
0.217000,5.874177,-16.030590,0.124701,0.015484,1.110935,0.186118,-0.211322,0.000789
0.218000,5.865615,-16.085517,0.125781,0.015665,1.114009,0.186696,-0.212197,0.000805
0.219000,5.860246,-16.140687,0.126843,0.015845,1.117068,0.187266,-0.213072,0.000820
0.220000,5.854557,-16.194728,0.127908,0.016018,1.120114,0.187827,-0.213945,0.000836
0.221000,5.849063,-16.250051,0.128971,0.016210,1.123146,0.188379,-0.214817,0.000852
0.222000,5.839996,-16.305344,0.130057,0.016414,1.126160,0.188921,-0.215688,0.000868
0.223000,5.831753,-16.358460,0.131142,0.016595,1.129158,0.189455,-0.216558,0.000885
0.224000,5.824097,-16.411130,0.132225,0.016775,1.132140,0.189981,-0.217427,0.000901
0.225000,5.817091,-16.462968,0.133306,0.016947,1.135108,0.190500,-0.218295,0.000918
0.226000,5.808131,-16.515936,0.134399,0.017141,1.138058,0.191011,-0.219162,0.000935
0.227000,5.794606,-16.566885,0.135524,0.017326,1.140988,0.191515,-0.220027,0.000952
0.228000,5.782385,-16.616762,0.136645,0.017500,1.143897,0.192013,-0.220892,0.000970
0.229000,5.768192,-16.666654,0.137779,0.017682,1.146785,0.192504,-0.221755,0.000987
0.230000,5.752339,-16.717523,0.138926,0.017883,1.149650,0.192989,-0.222617,0.001005
0.231000,5.735385,-16.765988,0.140084,0.018064,1.152491,0.193467,-0.223478,0.001023
0.232000,5.716611,-16.815614,0.141256,0.018265,1.155305,0.193939,-0.224338,0.001041
0.233000,5.702875,-16.867234,0.142397,0.018483,1.158099,0.194402,-0.225197,0.001059
0.234000,5.681279,-16.912933,0.143596,0.018656,1.160864,0.194860,-0.226055,0.001077
0.235000,5.661185,-16.960966,0.144788,0.018855,1.163603,0.195312,-0.226911,0.001096
0.236000,5.639789,-17.008822,0.145990,0.019060,1.166313,0.195757,-0.227766,0.001115
0.237000,5.616596,-17.054179,0.147211,0.019244,1.168993,0.196198,-0.228620,0.001134
0.238000,5.599059,-17.100855,0.148399,0.019435,1.171649,0.196632,-0.229473,0.001153
0.239000,5.583005,-17.147572,0.149581,0.019628,1.174283,0.197059,-0.230324,0.001173
0.240000,5.566146,-17.193333,0.150771,0.019815,1.176893,0.197480,-0.231175,0.001192
0.241000,5.554619,-17.241288,0.151928,0.020020,1.179485,0.197892,-0.232024,0.001212
0.242000,5.538262,-17.288050,0.153118,0.020227,1.182055,0.198296,-0.232872,0.001232
0.243000,5.526030,-17.335566,0.154284,0.020437,1.184607,0.198692,-0.233719,0.001252
0.244000,5.507882,-17.381307,0.155490,0.020645,1.187134,0.199079,-0.234565,0.001273
0.245000,5.491853,-17.426102,0.156687,0.020842,1.189640,0.199460,-0.235409,0.001293
0.246000,5.478455,-17.471572,0.157869,0.021046,1.192126,0.199833,-0.236253,0.001314
0.247000,5.462645,-17.517495,0.159067,0.021264,1.194592,0.200198,-0.237095,0.001335
0.248000,5.445891,-17.559782,0.160277,0.021447,1.197035,0.200557,-0.237936,0.001357
0.249000,5.434506,-17.603491,0.161455,0.021638,1.199461,0.200909,-0.238775,0.001378
0.250000,5.412768,-17.646732,0.162698,0.021851,1.201860,0.201254,-0.239614,0.001400
0.251000,5.401407,-17.691094,0.163880,0.022058,1.204242,0.201591,-0.240451,0.001422
0.252000,5.384656,-17.734358,0.165097,0.022269,1.206603,0.201920,-0.241287,0.001444
0.253000,5.368433,-17.777056,0.166313,0.022476,1.208943,0.202242,-0.242122,0.001466
0.254000,5.359967,-17.820176,0.167483,0.022676,1.211269,0.202556,-0.242956,0.001488
0.255000,5.348734,-17.862883,0.168671,0.022880,1.213580,0.202862,-0.243788,0.001511
0.256000,5.337026,-17.905150,0.169864,0.023085,1.215874,0.203161,-0.244620,0.001534
0.257000,5.326758,-17.946044,0.171049,0.023275,1.218153,0.203453,-0.245450,0.001557
0.258000,5.309369,-17.985569,0.172282,0.023468,1.220411,0.203739,-0.246279,0.001580
0.259000,5.299205,-18.026957,0.173470,0.023670,1.222654,0.204019,-0.247107,0.001604
0.260000,5.283641,-18.066267,0.174694,0.023865,1.224877,0.204292,-0.247933,0.001627
0.261000,5.270612,-18.108041,0.175902,0.024085,1.227083,0.204557,-0.248759,0.001651
0.262000,5.256015,-18.147788,0.177123,0.024290,1.229271,0.204816,-0.249583,0.001675
0.263000,5.239931,-18.187270,0.178354,0.024500,1.231439,0.205068,-0.250406,0.001700
0.264000,5.225335,-18.226021,0.179580,0.024701,1.233588,0.205313,-0.251227,0.001724
0.265000,5.207713,-18.261641,0.180829,0.024876,1.235716,0.205555,-0.252048,0.001749
0.266000,5.194446,-18.299864,0.182050,0.025075,1.237827,0.205791,-0.252867,0.001774
0.267000,5.175522,-18.336868,0.183309,0.025276,1.239916,0.206022,-0.253685,0.001799
0.268000,5.156018,-18.374433,0.184574,0.025488,1.241981,0.206246,-0.254501,0.001824
0.269000,5.139674,-18.411513,0.185821,0.025692,1.244027,0.206464,-0.255317,0.001850
0.270000,5.120065,-18.448611,0.187091,0.025907,1.246051,0.206676,-0.256131,0.001875
0.271000,5.092555,-18.483149,0.188416,0.026114,1.248043,0.206884,-0.256944,0.001901
0.272000,5.080998,-18.519719,0.189643,0.026312,1.250021,0.207085,-0.257755,0.001927
0.273000,5.065871,-18.556212,0.190892,0.026521,1.251980,0.207279,-0.258566,0.001954
0.274000,5.051407,-18.590074,0.192142,0.026702,1.253923,0.207468,-0.259375,0.001980
0.275000,5.039313,-18.625986,0.193376,0.026905,1.255850,0.207651,-0.260183,0.002007
0.276000,5.017389,-18.660111,0.194674,0.027112,1.257752,0.207829,-0.260989,0.002034
0.277000,5.006924,-18.696663,0.195901,0.027326,1.259642,0.207998,-0.261795,0.002061
0.278000,4.992866,-18.730817,0.197153,0.027523,1.261515,0.208162,-0.262599,0.002088
0.279000,4.979227,-18.763745,0.198405,0.027709,1.263372,0.208321,-0.263402,0.002116
0.280000,4.965964,-18.796823,0.199655,0.027899,1.265213,0.208475,-0.264203,0.002143
0.281000,4.949398,-18.832325,0.200924,0.028128,1.267035,0.208621,-0.265004,0.002171
0.282000,4.935323,-18.863407,0.202183,0.028304,1.268841,0.208763,-0.265803,0.002199
0.283000,4.918313,-18.896141,0.203461,0.028508,1.270628,0.208899,-0.266600,0.002228
0.284000,4.901893,-18.928417,0.204736,0.028709,1.272396,0.209030,-0.267397,0.002256
0.285000,4.893971,-18.961696,0.205959,0.028906,1.274155,0.209155,-0.268192,0.002285
0.286000,4.877963,-18.993521,0.207234,0.029107,1.275895,0.209273,-0.268986,0.002314
0.287000,4.871605,-19.025584,0.208449,0.029293,1.277628,0.209386,-0.269779,0.002343
0.288000,4.863008,-19.059545,0.209675,0.029509,1.279350,0.209491,-0.270571,0.002372
0.289000,4.846976,-19.090916,0.210950,0.029715,1.281055,0.209591,-0.271361,0.002402
0.290000,4.840919,-19.123372,0.212163,0.029914,1.282752,0.209683,-0.272150,0.002431
0.291000,4.828567,-19.155391,0.213415,0.030126,1.284435,0.209769,-0.272938,0.002461
0.292000,4.821704,-19.187279,0.214632,0.030327,1.286110,0.209848,-0.273725,0.002491
0.293000,4.806237,-19.216477,0.215906,0.030520,1.287769,0.209923,-0.274510,0.002522
0.294000,4.788737,-19.246664,0.217193,0.030731,1.289409,0.209993,-0.275294,0.002552
0.295000,4.774386,-19.274653,0.218464,0.030913,1.291033,0.210060,-0.276077,0.002583
0.296000,4.755122,-19.303073,0.219765,0.031113,1.292637,0.210122,-0.276859,0.002614
0.297000,4.736804,-19.332409,0.221062,0.031325,1.294222,0.210179,-0.277639,0.002645
0.298000,4.717044,-19.361505,0.222369,0.031540,1.295787,0.210231,-0.278418,0.002676
0.299000,4.695214,-19.386784,0.223696,0.031720,1.297329,0.210281,-0.279195,0.002708
0.300000,1.711347,-27.060823,0.224992,0.031948,1.295886,0.202680,-0.279972,0.002739
0.301000,1.784347,-26.824218,0.226323,0.032134,1.294630,0.195294,-0.280747,0.002771
0.302000,1.837792,-26.591883,0.227735,0.032339,1.293538,0.188122,-0.281520,0.002804
0.303000,1.899775,-26.370368,0.229051,0.032523,1.292616,0.181155,-0.282292,0.002836
0.304000,1.950987,-26.156135,0.230393,0.032728,1.291850,0.174388,-0.283063,0.002868
0.305000,2.002971,-25.947156,0.231698,0.032889,1.291237,0.167818,-0.283833,0.002901
0.306000,2.050158,-25.744093,0.232999,0.033039,1.290770,0.161443,-0.284601,0.002934
0.307000,2.086203,-25.545314,0.234338,0.033186,1.290434,0.155259,-0.285368,0.002967
0.308000,2.125725,-25.352992,0.235626,0.033299,1.290231,0.149262,-0.286134,0.003000
0.309000,2.161024,-25.167449,0.236908,0.033413,1.290153,0.143448,-0.286898,0.003033
0.310000,2.187052,-24.984066,0.238225,0.033502,1.290189,0.137817,-0.287661,0.003067
0.311000,2.216832,-24.810385,0.239487,0.033596,1.290338,0.132359,-0.288423,0.003100
0.312000,2.232315,-24.639229,0.240814,0.033694,1.290585,0.127075,-0.289184,0.003134
0.313000,2.253585,-24.476186,0.242080,0.033778,1.290933,0.121958,-0.289943,0.003167
0.314000,2.266342,-24.319463,0.243371,0.033887,1.291370,0.117002,-0.290701,0.003201
0.315000,2.277093,-24.168339,0.244653,0.033992,1.291892,0.112204,-0.291457,0.003235
0.316000,2.288980,-24.023735,0.245906,0.034092,1.292498,0.107559,-0.292213,0.003269
0.317000,2.293014,-23.882279,0.247190,0.034189,1.293177,0.103064,-0.292967,0.003303
0.318000,2.299972,-23.749041,0.248433,0.034296,1.293931,0.098713,-0.293720,0.003337
0.319000,2.299667,-23.620943,0.249700,0.034423,1.294750,0.094501,-0.294471,0.003372
0.320000,2.296466,-23.498308,0.250967,0.034560,1.295629,0.090424,-0.295222,0.003406
0.321000,2.294134,-23.379141,0.252217,0.034671,1.296567,0.086479,-0.295971,0.003441
0.322000,2.286915,-23.264721,0.253480,0.034796,1.297557,0.082663,-0.296718,0.003475
0.323000,2.279441,-23.156188,0.254729,0.034930,1.298596,0.078970,-0.297465,0.003510
0.324000,2.265428,-23.050085,0.256008,0.035063,1.299677,0.075399,-0.298210,0.003545
0.325000,2.246471,-22.944434,0.257313,0.035170,1.300793,0.071950,-0.298954,0.003580
0.326000,2.232322,-22.843561,0.258579,0.035258,1.301946,0.068618,-0.299697,0.003616
0.327000,2.208083,-22.747238,0.259893,0.035386,1.303124,0.065400,-0.300438,0.003651
0.328000,2.186474,-22.653207,0.261187,0.035483,1.304330,0.062293,-0.301179,0.003686
0.329000,2.157246,-22.561469,0.262522,0.035589,1.305553,0.059297,-0.301917,0.003722
0.330000,2.129056,-22.472536,0.263847,0.035678,1.306792,0.056408,-0.302655,0.003757
0.331000,2.099017,-22.388347,0.265175,0.035783,1.308045,0.053621,-0.303391,0.003793
0.332000,2.066037,-22.302065,0.266527,0.035837,1.309307,0.050940,-0.304126,0.003829
0.333000,2.026310,-22.221950,0.267910,0.035944,1.310569,0.048358,-0.304859,0.003865
0.334000,1.992712,-22.145565,0.269253,0.036029,1.311837,0.045870,-0.305591,0.003901
0.335000,1.957536,-22.070407,0.270607,0.036097,1.313106,0.043478,-0.306322,0.003937
0.336000,1.928925,-22.003941,0.271907,0.036197,1.314383,0.041170,-0.307051,0.003973
0.337000,1.897054,-21.935758,0.273234,0.036259,1.315662,0.038950,-0.307779,0.004009
0.338000,1.864464,-21.870969,0.274560,0.036327,1.316942,0.036814,-0.308506,0.004045
0.339000,1.831732,-21.809016,0.275886,0.036394,1.318222,0.034759,-0.309232,0.004082
0.340000,1.802062,-21.752140,0.277186,0.036473,1.319503,0.032781,-0.309956,0.004118
0.341000,1.768599,-21.695789,0.278511,0.036545,1.320780,0.030877,-0.310678,0.004155
0.342000,1.734379,-21.640588,0.279841,0.036605,1.322051,0.029048,-0.311400,0.004191
0.343000,1.700276,-21.588434,0.281169,0.036669,1.323315,0.027291,-0.312120,0.004228
0.344000,1.667170,-21.538632,0.282491,0.036730,1.324573,0.025602,-0.312839,0.004265
0.345000,1.634055,-21.488776,0.283817,0.036764,1.325823,0.023982,-0.313556,0.004301
0.346000,1.602052,-21.444349,0.285129,0.036829,1.327065,0.022425,-0.314273,0.004338
0.347000,1.569998,-21.401818,0.286441,0.036891,1.328299,0.020929,-0.314988,0.004375
0.348000,1.536825,-21.360364,0.287762,0.036948,1.329522,0.019493,-0.315701,0.004412
0.349000,1.509308,-21.322898,0.289046,0.037003,1.330739,0.018113,-0.316413,0.004449
0.350000,1.478218,-21.284869,0.290354,0.037047,1.331945,0.016789,-0.317124,0.004486
0.351000,1.447910,-21.250578,0.291655,0.037109,1.333142,0.015518,-0.317834,0.004523
0.352000,1.420332,-21.218489,0.292938,0.037165,1.334329,0.014296,-0.318542,0.004560
0.353000,1.391128,-21.184068,0.294239,0.037185,1.335506,0.013127,-0.319250,0.004597
0.354000,1.362392,-21.154875,0.295530,0.037241,1.336671,0.012005,-0.319955,0.004635
0.355000,1.330145,-21.124490,0.296847,0.037283,1.337821,0.010930,-0.320660,0.004672
0.356000,1.293396,-21.094013,0.298196,0.037326,1.338951,0.009904,-0.321363,0.004709
0.357000,1.263841,-21.068711,0.299497,0.037380,1.340066,0.008919,-0.322065,0.004747
0.358000,1.224868,-21.039362,0.300865,0.037416,1.341157,0.007981,-0.322765,0.004784
0.359000,1.196410,-21.015441,0.302167,0.037453,1.342234,0.007083,-0.323464,0.004822
0.360000,1.163942,-20.992180,0.303494,0.037501,1.343292,0.006224,-0.324162,0.004859
0.361000,1.127119,-20.967592,0.304854,0.037539,1.344325,0.005406,-0.324859,0.004897
0.362000,1.094688,-20.946724,0.306186,0.037589,1.345339,0.004624,-0.325554,0.004934
0.363000,1.051946,-20.921462,0.307592,0.037621,1.346321,0.003883,-0.326248,0.004972
0.364000,1.013308,-20.898741,0.308976,0.037654,1.347277,0.003179,-0.326940,0.005009
0.365000,0.984518,-20.882071,0.310295,0.037702,1.348213,0.002506,-0.327631,0.005047
0.366000,0.953677,-20.865209,0.311631,0.037747,1.349129,0.001864,-0.328321,0.005085
0.367000,0.928099,-20.849119,0.312938,0.037770,1.350030,0.001252,-0.329009,0.005123
0.368000,0.897792,-20.834452,0.314273,0.037819,1.350909,0.000668,-0.329696,0.005160
0.369000,0.862301,-20.817212,0.315648,0.037853,1.351761,0.000114,-0.330382,0.005198
0.370000,0.838061,-20.804129,0.316953,0.037879,1.352597,-0.000414,-0.331066,0.005236
0.371000,0.800779,-20.788795,0.318343,0.037926,1.353404,-0.000913,-0.331749,0.005274
0.372000,0.778229,-20.776468,0.319646,0.037939,1.354196,-0.001389,-0.332431,0.005312
0.373000,0.748035,-20.763244,0.320997,0.037967,1.354965,-0.001839,-0.333112,0.005350
0.374000,0.715328,-20.751542,0.322365,0.038015,1.355708,-0.002266,-0.333790,0.005388
0.375000,0.686164,-20.736780,0.323723,0.038010,1.356428,-0.002667,-0.334468,0.005426
0.376000,0.657591,-20.725060,0.325075,0.038029,1.357126,-0.003046,-0.335144,0.005464
0.377000,0.633380,-20.716058,0.326400,0.038055,1.357805,-0.003405,-0.335819,0.005502
0.378000,0.609966,-20.703695,0.327730,0.038036,1.358466,-0.003742,-0.336493,0.005540
0.379000,0.585547,-20.694455,0.329062,0.038049,1.359107,-0.004059,-0.337165,0.005578
0.380000,0.562890,-20.687000,0.330384,0.038070,1.359731,-0.004360,-0.337836,0.005616
0.381000,0.539222,-20.679583,0.331713,0.038091,1.360336,-0.004643,-0.338506,0.005654
0.382000,0.510629,-20.669002,0.333081,0.038095,1.360916,-0.004907,-0.339174,0.005692
0.383000,0.488666,-20.660440,0.334410,0.038089,1.361478,-0.005154,-0.339841,0.005731
0.384000,0.463457,-20.651132,0.335762,0.038085,1.362019,-0.005383,-0.340507,0.005769
0.385000,0.441494,-20.643791,0.337094,0.038085,1.362541,-0.005596,-0.341171,0.005807
0.386000,0.414168,-20.634015,0.338465,0.038077,1.363040,-0.005792,-0.341834,0.005845
0.387000,0.388123,-20.624237,0.339833,0.038061,1.363515,-0.005971,-0.342495,0.005883
0.388000,0.360170,-20.615782,0.341213,0.038063,1.363964,-0.006134,-0.343156,0.005921
0.389000,0.331809,-20.606149,0.342601,0.038053,1.364388,-0.006281,-0.343814,0.005959
0.390000,0.306396,-20.599555,0.343970,0.038060,1.364789,-0.006414,-0.344472,0.005997
0.391000,0.275897,-20.589285,0.345379,0.038047,1.365161,-0.006532,-0.345128,0.006035
0.392000,0.246515,-20.576178,0.346793,0.037996,1.365505,-0.006631,-0.345782,0.006073
0.393000,0.211544,-20.565649,0.348239,0.037993,1.365816,-0.006714,-0.346435,0.006111
0.394000,0.180013,-20.553560,0.349673,0.037958,1.366097,-0.006780,-0.347087,0.006149
0.395000,0.158122,-20.548402,0.351041,0.037956,1.366357,-0.006837,-0.347737,0.006187
0.396000,0.133300,-20.538721,0.352438,0.037917,1.366593,-0.006880,-0.348386,0.006225
0.397000,0.109184,-20.530214,0.353832,0.037887,1.366805,-0.006912,-0.349034,0.006263
0.398000,0.086498,-20.523109,0.355218,0.037864,1.366995,-0.006933,-0.349680,0.006301
0.399000,0.065345,-20.515756,0.356598,0.037831,1.367165,-0.006944,-0.350325,0.006339
0.400000,0.043117,-20.509879,0.357984,0.037818,1.367312,-0.006946,-0.350968,0.006376
0.401000,0.024635,-20.502185,0.359354,0.037770,1.367441,-0.006938,-0.351610,0.006414
0.402000,0.005126,-20.496246,0.360729,0.037745,1.367550,-0.006923,-0.352251,0.006452
0.403000,-0.011703,-20.489301,0.362092,0.037697,1.367642,-0.006899,-0.352890,0.006490
0.404000,-0.028859,-20.483932,0.363455,0.037666,1.367717,-0.006868,-0.353528,0.006527
0.405000,-0.044112,-20.476358,0.364813,0.037605,1.367776,-0.006829,-0.354165,0.006565
0.406000,-0.054455,-20.476576,0.366128,0.037606,1.367824,-0.006789,-0.354800,0.006603
0.407000,-0.067092,-20.471736,0.367466,0.037563,1.367858,-0.006743,-0.355434,0.006640
0.408000,-0.075710,-20.471147,0.368773,0.037550,1.367884,-0.006697,-0.356066,0.006678
0.409000,-0.086774,-20.467441,0.370100,0.037514,1.367897,-0.006646,-0.356698,0.006715
0.410000,-0.099117,-20.461852,0.371438,0.037463,1.367898,-0.006589,-0.357328,0.006753
0.411000,-0.110186,-20.458754,0.372765,0.037433,1.367887,-0.006529,-0.357956,0.006790
0.412000,-0.124663,-20.456618,0.374109,0.037428,1.367860,-0.006468,-0.358583,0.006828
0.413000,-0.132781,-20.452646,0.375421,0.037378,1.367824,-0.006403,-0.359209,0.006865
0.414000,-0.149898,-20.447320,0.376788,0.037351,1.367770,-0.006332,-0.359834,0.006902
0.415000,-0.164924,-20.442935,0.378143,0.037326,1.367700,-0.006259,-0.360457,0.006940
0.416000,-0.179559,-20.438175,0.379497,0.037296,1.367615,-0.006182,-0.361079,0.006977
0.417000,-0.199378,-20.431190,0.380887,0.037264,1.367508,-0.006099,-0.361700,0.007014
0.418000,-0.220279,-20.423394,0.382287,0.037228,1.367379,-0.006009,-0.362319,0.007051
0.419000,-0.237362,-20.419541,0.383660,0.037220,1.367232,-0.005918,-0.362936,0.007089
0.420000,-0.257382,-20.413722,0.385054,0.037205,1.367063,-0.005823,-0.363553,0.007126
0.421000,-0.281314,-20.405427,0.386480,0.037180,1.366869,-0.005723,-0.364167,0.007163
0.422000,-0.310761,-20.395662,0.387944,0.037164,1.366645,-0.005615,-0.364781,0.007200
0.423000,-0.331596,-20.390047,0.389352,0.037159,1.366397,-0.005506,-0.365393,0.007237
0.424000,-0.346384,-20.384228,0.390728,0.037129,1.366133,-0.005394,-0.366004,0.007275
0.425000,-0.363972,-20.379900,0.392118,0.037129,1.365850,-0.005282,-0.366613,0.007312
0.426000,-0.379156,-20.376652,0.393493,0.037133,1.365550,-0.005171,-0.367221,0.007349
0.427000,-0.397838,-20.371030,0.394895,0.037128,1.365230,-0.005059,-0.367827,0.007386
0.428000,-0.417958,-20.365442,0.396306,0.037132,1.364888,-0.004946,-0.368432,0.007423
0.429000,-0.432212,-20.361554,0.397682,0.037133,1.364530,-0.004834,-0.369036,0.007460
0.430000,-0.447173,-20.356285,0.399065,0.037125,1.364155,-0.004722,-0.369638,0.007497
0.431000,-0.462007,-20.353912,0.400442,0.037150,1.363764,-0.004614,-0.370239,0.007534
0.432000,-0.473811,-20.349899,0.401805,0.037148,1.363360,-0.004507,-0.370839,0.007572
0.433000,-0.491350,-20.344950,0.403204,0.037162,1.362936,-0.004402,-0.371437,0.007609
0.434000,-0.499815,-20.341797,0.404547,0.037162,1.362502,-0.004300,-0.372034,0.007646
0.435000,-0.512939,-20.337843,0.405919,0.037174,1.362054,-0.004200,-0.372629,0.007683
0.436000,-0.528295,-20.333421,0.407304,0.037193,1.361588,-0.004103,-0.373223,0.007720
0.437000,-0.535217,-20.330474,0.408638,0.037198,1.361115,-0.004009,-0.373816,0.007758
0.438000,-0.542693,-20.327311,0.409974,0.037204,1.360632,-0.003920,-0.374407,0.007795
0.439000,-0.551474,-20.325467,0.411314,0.037234,1.360139,-0.003836,-0.374997,0.007832
0.440000,-0.560597,-20.321130,0.412661,0.037240,1.359636,-0.003755,-0.375586,0.007869
0.441000,-0.574733,-20.314591,0.414041,0.037246,1.359118,-0.003675,-0.376173,0.007906
0.442000,-0.579642,-20.309457,0.415364,0.037232,1.358593,-0.003598,-0.376759,0.007944
0.443000,-0.593796,-20.306499,0.416736,0.037281,1.358054,-0.003525,-0.377344,0.007981
0.444000,-0.598392,-20.300853,0.418057,0.037266,1.357508,-0.003455,-0.377927,0.008018
0.445000,-0.609882,-20.293883,0.419419,0.037267,1.356950,-0.003386,-0.378509,0.008056
0.446000,-0.625411,-20.288111,0.420803,0.037299,1.356375,-0.003320,-0.379090,0.008093
0.447000,-0.633609,-20.282835,0.422144,0.037309,1.355792,-0.003258,-0.379669,0.008130
0.448000,-0.647831,-20.275398,0.423523,0.037324,1.355193,-0.003196,-0.380247,0.008167
0.449000,-0.661533,-20.265424,0.424905,0.037311,1.354579,-0.003134,-0.380823,0.008205
0.450000,-0.675670,-20.258578,0.426284,0.037335,1.353950,-0.003073,-0.381398,0.008242
0.451000,-0.693204,-20.248108,0.427690,0.037337,1.353303,-0.003012,-0.381972,0.008279
0.452000,-0.702058,-20.241759,0.429038,0.037351,1.352646,-0.002955,-0.382544,0.008317
0.453000,-0.710808,-20.236953,0.430382,0.037383,1.351980,-0.002902,-0.383115,0.008354
0.454000,-0.719066,-20.227896,0.431730,0.037371,1.351304,-0.002850,-0.383685,0.008392
0.455000,-0.727870,-20.222387,0.433073,0.037401,1.350619,-0.002803,-0.384253,0.008429
0.456000,-0.740655,-20.211618,0.434450,0.037392,1.349921,-0.002755,-0.384820,0.008466
0.457000,-0.740349,-20.207323,0.435737,0.037403,1.349222,-0.002714,-0.385386,0.008504
0.458000,-0.754885,-20.197220,0.437119,0.037413,1.348507,-0.002673,-0.385950,0.008541
0.459000,-0.761421,-20.188949,0.438452,0.037413,1.347786,-0.002634,-0.386513,0.008579
0.460000,-0.766862,-20.181966,0.439774,0.037424,1.347059,-0.002599,-0.387074,0.008616
0.461000,-0.774873,-20.174317,0.441111,0.037441,1.346323,-0.002567,-0.387635,0.008654
0.462000,-0.780994,-20.165511,0.442438,0.037440,1.345580,-0.002538,-0.388194,0.008691
0.463000,-0.783710,-20.159679,0.443738,0.037459,1.344835,-0.002514,-0.388751,0.008728
0.464000,-0.792539,-20.148982,0.445081,0.037452,1.344080,-0.002491,-0.389307,0.008766
0.465000,-0.792942,-20.143616,0.446363,0.037470,1.343324,-0.002473,-0.389862,0.008803
0.466000,-0.796915,-20.136186,0.447668,0.037483,1.342564,-0.002459,-0.390416,0.008841
0.467000,-0.802806,-20.128483,0.448982,0.037503,1.341799,-0.002449,-0.390968,0.008878
0.468000,-0.802552,-20.119364,0.450262,0.037484,1.341033,-0.002442,-0.391519,0.008916
0.469000,-0.811949,-20.109957,0.451596,0.037503,1.340257,-0.002436,-0.392069,0.008953
0.470000,-0.814239,-20.100798,0.452887,0.037497,1.339480,-0.002433,-0.392618,0.008991
0.471000,-0.822923,-20.088337,0.454220,0.037483,1.338693,-0.002429,-0.393165,0.009028
0.472000,-0.835423,-20.078055,0.455571,0.037508,1.337894,-0.002427,-0.393711,0.009066
0.473000,-0.843715,-20.064918,0.456902,0.037488,1.337087,-0.002423,-0.394255,0.009103
0.474000,-0.855937,-20.052593,0.458255,0.037494,1.336267,-0.002420,-0.394798,0.009141
0.475000,-0.865649,-20.039765,0.459593,0.037485,1.335438,-0.002415,-0.395340,0.009178
0.476000,-0.878544,-20.026209,0.460951,0.037482,1.334596,-0.002410,-0.395880,0.009216
0.477000,-0.891853,-20.014220,0.462309,0.037500,1.333740,-0.002405,-0.396419,0.009253
0.478000,-0.901113,-19.998658,0.463650,0.037464,1.332875,-0.002398,-0.396957,0.009291
0.479000,-0.926090,-19.981628,0.465087,0.037477,1.331985,-0.002386,-0.397493,0.009328
0.480000,-0.942805,-19.965529,0.466476,0.037468,1.331078,-0.002372,-0.398028,0.009366
0.481000,-0.953669,-19.953056,0.467824,0.037476,1.330160,-0.002359,-0.398562,0.009403
0.482000,-0.964391,-19.938860,0.469174,0.037467,1.329231,-0.002346,-0.399094,0.009441
0.483000,-0.973547,-19.924004,0.470516,0.037445,1.328292,-0.002331,-0.399625,0.009478
0.484000,-0.986699,-19.911540,0.471876,0.037467,1.327341,-0.002318,-0.400154,0.009516
0.485000,-0.997268,-19.896466,0.473226,0.037452,1.326378,-0.002305,-0.400682,0.009553
0.486000,-1.007762,-19.882362,0.474574,0.037449,1.325405,-0.002291,-0.401209,0.009590
0.487000,-1.014967,-19.870129,0.475898,0.037454,1.324424,-0.002280,-0.401734,0.009628
0.488000,-1.022105,-19.855420,0.477225,0.037434,1.323437,-0.002269,-0.402258,0.009665
0.489000,-1.029098,-19.842848,0.478546,0.037437,1.322441,-0.002261,-0.402781,0.009703
0.490000,-1.040179,-19.827226,0.479896,0.037426,1.321435,-0.002251,-0.403303,0.009740
0.491000,-1.045772,-19.815836,0.481205,0.037439,1.320423,-0.002246,-0.403823,0.009778
0.492000,-1.053147,-19.801673,0.482529,0.037432,1.319404,-0.002241,-0.404341,0.009815
0.493000,-1.055544,-19.789265,0.483818,0.037425,1.318382,-0.002239,-0.404859,0.009853
0.494000,-1.057075,-19.775558,0.485103,0.037402,1.317358,-0.002239,-0.405375,0.009890
0.495000,-1.061532,-19.765895,0.486394,0.037436,1.316330,-0.002245,-0.405890,0.009927
0.496000,-1.060088,-19.752994,0.487656,0.037413,1.315304,-0.002253,-0.406404,0.009965
0.497000,-1.065400,-19.738893,0.488956,0.037405,1.314272,-0.002262,-0.406916,0.010002
0.498000,-1.069288,-19.726474,0.490243,0.037411,1.313237,-0.002274,-0.407427,0.010040
0.499000,-1.072690,-19.714265,0.491525,0.037419,1.312198,-0.002290,-0.407937,0.010077
0.500000,-1.078714,-19.698338,0.492827,0.037398,1.311154,-0.002305,-0.408445,0.010114
0.501000,-1.085470,-19.684142,0.494130,0.037401,1.310103,-0.002322,-0.408953,0.010152
0.502000,-1.087932,-19.670862,0.495403,0.037397,1.309050,-0.002341,-0.409459,0.010189
0.503000,-1.098971,-19.657942,0.496724,0.037433,1.307986,-0.002364,-0.409963,0.010227
0.504000,-1.106600,-19.640583,0.498034,0.037409,1.306915,-0.002384,-0.410466,0.010264
0.505000,-1.114583,-19.626319,0.499339,0.037421,1.305836,-0.002407,-0.410968,0.010301
0.506000,-1.124232,-19.609098,0.500658,0.037410,1.304748,-0.002429,-0.411469,0.010339
0.507000,-1.133403,-19.593596,0.501971,0.037416,1.303651,-0.002451,-0.411968,0.010376
0.508000,-1.151537,-19.575921,0.503340,0.037436,1.302536,-0.002472,-0.412466,0.010414
0.509000,-1.166269,-19.556213,0.504694,0.037422,1.301407,-0.002490,-0.412963,0.010451
0.510000,-1.179718,-19.541246,0.506032,0.037456,1.300265,-0.002510,-0.413458,0.010489
0.511000,-1.188605,-19.524940,0.507345,0.037459,1.299114,-0.002531,-0.413952,0.010526
0.512000,-1.197221,-19.508578,0.508657,0.037461,1.297955,-0.002553,-0.414445,0.010564
0.513000,-1.210861,-19.491710,0.509998,0.037481,1.296782,-0.002576,-0.414936,0.010601
0.514000,-1.223161,-19.473873,0.511333,0.037486,1.295598,-0.002598,-0.415426,0.010639
0.515000,-1.229897,-19.458474,0.512630,0.037496,1.294407,-0.002622,-0.415915,0.010676
0.516000,-1.244430,-19.441310,0.513976,0.037521,1.293202,-0.002648,-0.416402,0.010714
0.517000,-1.247776,-19.425961,0.515252,0.037522,1.291993,-0.002675,-0.416888,0.010751
0.518000,-1.260628,-19.409133,0.516585,0.037547,1.290773,-0.002705,-0.417373,0.010789
0.519000,-1.264202,-19.394337,0.517860,0.037559,1.289549,-0.002737,-0.417856,0.010826
0.520000,-1.270008,-19.377416,0.519149,0.037558,1.288320,-0.002772,-0.418338,0.010864
0.521000,-1.278027,-19.361951,0.520447,0.037584,1.287084,-0.002809,-0.418819,0.010901
0.522000,-1.277290,-19.348106,0.521690,0.037593,1.285849,-0.002851,-0.419299,0.010939
0.523000,-1.284205,-19.334062,0.522974,0.037633,1.284607,-0.002897,-0.419777,0.010977
0.524000,-1.283585,-19.317948,0.524217,0.037623,1.283367,-0.002946,-0.420254,0.011014
0.525000,-1.287712,-19.302180,0.525484,0.037636,1.282124,-0.002997,-0.420730,0.011052
0.526000,-1.295555,-19.284698,0.526774,0.037647,1.280873,-0.003050,-0.421204,0.011089
0.527000,-1.295345,-19.272731,0.528005,0.037686,1.279623,-0.003110,-0.421678,0.011127
0.528000,-1.301960,-19.254879,0.529285,0.037692,1.278368,-0.003170,-0.422150,0.011165
0.529000,-1.307547,-19.236671,0.530558,0.037691,1.277108,-0.003232,-0.422620,0.011203
0.530000,-1.312571,-19.219964,0.531823,0.037705,1.275844,-0.003295,-0.423090,0.011240
0.531000,-1.319451,-19.199057,0.533106,0.037682,1.274574,-0.003356,-0.423558,0.011278
0.532000,-1.325522,-19.184890,0.534369,0.037728,1.273299,-0.003423,-0.424025,0.011316
0.533000,-1.333672,-19.165987,0.535652,0.037735,1.272017,-0.003489,-0.424491,0.011353
0.534000,-1.345377,-19.145573,0.536959,0.037740,1.270724,-0.003554,-0.424955,0.011391
0.535000,-1.349226,-19.127374,0.538214,0.037739,1.269428,-0.003621,-0.425418,0.011429
0.536000,-1.359450,-19.105234,0.539513,0.037722,1.268122,-0.003685,-0.425880,0.011467
0.537000,-1.366743,-19.085267,0.540790,0.037716,1.266811,-0.003748,-0.426340,0.011504
0.538000,-1.384264,-19.062114,0.542133,0.037719,1.265483,-0.003808,-0.426799,0.011542
0.539000,-1.394081,-19.039715,0.543429,0.037699,1.264146,-0.003866,-0.427257,0.011580
0.540000,-1.398116,-19.021650,0.544683,0.037703,1.262806,-0.003925,-0.427714,0.011617
0.541000,-1.403637,-19.003580,0.545943,0.037714,1.261461,-0.003987,-0.428169,0.011655
0.542000,-1.404385,-18.983054,0.547178,0.037680,1.260117,-0.004048,-0.428623,0.011693
0.543000,-1.412641,-18.963539,0.548454,0.037688,1.258765,-0.004110,-0.429076,0.011731
0.544000,-1.417108,-18.944541,0.549704,0.037687,1.257409,-0.004173,-0.429528,0.011768
0.545000,-1.423182,-18.923953,0.550966,0.037676,1.256049,-0.004235,-0.429978,0.011806
0.546000,-1.424756,-18.905520,0.552195,0.037671,1.254687,-0.004300,-0.430427,0.011844
0.547000,-1.432251,-18.883392,0.553465,0.037651,1.253320,-0.004363,-0.430875,0.011881
0.548000,-1.431504,-18.864982,0.554677,0.037638,1.251954,-0.004428,-0.431321,0.011919
0.549000,-1.439880,-18.845276,0.555943,0.037649,1.250580,-0.004494,-0.431767,0.011957
0.550000,-1.443377,-18.826438,0.557177,0.037650,1.249204,-0.004562,-0.432211,0.011994
0.551000,-1.446544,-18.806959,0.558408,0.037644,1.247826,-0.004631,-0.432653,0.012032
0.552000,-1.451388,-18.786256,0.559650,0.037632,1.246444,-0.004700,-0.433095,0.012070
0.553000,-1.451010,-18.767708,0.560855,0.037623,1.245064,-0.004771,-0.433535,0.012107
0.554000,-1.455356,-18.746406,0.562090,0.037604,1.243680,-0.004841,-0.433975,0.012145
0.555000,-1.455093,-18.727351,0.563293,0.037590,1.242297,-0.004914,-0.434413,0.012182
0.556000,-1.457041,-18.707534,0.564506,0.037578,1.240914,-0.004987,-0.434849,0.012220
0.557000,-1.463007,-18.686740,0.565744,0.037572,1.239526,-0.005060,-0.435285,0.012258
0.558000,-1.467899,-18.666969,0.566971,0.037573,1.238134,-0.005134,-0.435719,0.012295
0.559000,-1.473797,-18.645159,0.568207,0.037557,1.236737,-0.005207,-0.436152,0.012333
0.560000,-1.485267,-18.624033,0.569473,0.037572,1.235330,-0.005280,-0.436584,0.012370
0.561000,-1.486323,-18.601637,0.570680,0.037532,1.233923,-0.005352,-0.437014,0.012408
0.562000,-1.494810,-18.582320,0.571922,0.037554,1.232508,-0.005425,-0.437444,0.012445
0.563000,-1.501591,-18.558742,0.573162,0.037526,1.231088,-0.005496,-0.437872,0.012483
0.564000,-1.511558,-18.537257,0.574415,0.037533,1.229659,-0.005567,-0.438299,0.012520
0.565000,-1.523408,-18.513736,0.575683,0.037526,1.228219,-0.005636,-0.438724,0.012558
0.566000,-1.533313,-18.492046,0.576935,0.037533,1.226770,-0.005705,-0.439148,0.012595
0.567000,-1.544806,-18.466359,0.578205,0.037503,1.225311,-0.005770,-0.439571,0.012633
0.568000,-1.558460,-18.442564,0.579484,0.037503,1.223839,-0.005832,-0.439993,0.012670
0.569000,-1.571856,-18.416192,0.580766,0.037475,1.222355,-0.005891,-0.440414,0.012708
0.570000,-1.582951,-18.394882,0.582025,0.037492,1.220860,-0.005951,-0.440833,0.012745
0.571000,-1.591401,-18.373371,0.583269,0.037499,1.219358,-0.006011,-0.441251,0.012783
0.572000,-1.600585,-18.350288,0.584519,0.037492,1.217847,-0.006071,-0.441668,0.012820
0.573000,-1.606586,-18.327899,0.585748,0.037481,1.216332,-0.006131,-0.442083,0.012858
0.574000,-1.617378,-18.304050,0.587008,0.037475,1.214807,-0.006190,-0.442497,0.012895
0.575000,-1.626750,-18.282254,0.588254,0.037486,1.213273,-0.006250,-0.442910,0.012933
0.576000,-1.635133,-18.261680,0.589491,0.037507,1.211731,-0.006313,-0.443322,0.012970
0.577000,-1.642068,-18.237044,0.590727,0.037481,1.210184,-0.006374,-0.443732,0.013008
0.578000,-1.648741,-18.214191,0.591957,0.037473,1.208631,-0.006436,-0.444142,0.013045
0.579000,-1.654168,-18.191302,0.593178,0.037461,1.207073,-0.006497,-0.444550,0.013083
0.580000,-1.660839,-18.168328,0.594406,0.037454,1.205510,-0.006560,-0.444956,0.013120
0.581000,-1.662653,-18.148153,0.595597,0.037458,1.203945,-0.006625,-0.445362,0.013158
0.582000,-1.660345,-18.129533,0.596759,0.037463,1.202385,-0.006695,-0.445767,0.013195
0.583000,-1.665766,-18.105966,0.597973,0.037448,1.200819,-0.006766,-0.446170,0.013233
0.584000,-1.662507,-18.084777,0.599130,0.037423,1.199258,-0.006838,-0.446572,0.013270
0.585000,-1.665842,-18.063106,0.600323,0.037421,1.197695,-0.006912,-0.446973,0.013308
0.586000,-1.660852,-18.043038,0.601462,0.037403,1.196138,-0.006990,-0.447372,0.013345
0.587000,-1.660914,-18.023791,0.602625,0.037414,1.194582,-0.007072,-0.447771,0.013382
0.588000,-1.661484,-18.001007,0.603795,0.037391,1.193026,-0.007154,-0.448168,0.013420
0.589000,-1.661387,-17.979759,0.604956,0.037382,1.191472,-0.007238,-0.448565,0.013457
0.590000,-1.662615,-17.957447,0.606124,0.037367,1.189918,-0.007324,-0.448960,0.013495
0.591000,-1.666450,-17.935368,0.607304,0.037366,1.188362,-0.007410,-0.449354,0.013532
0.592000,-1.669065,-17.913079,0.608476,0.037358,1.186804,-0.007498,-0.449746,0.013569
0.593000,-1.673725,-17.889391,0.609661,0.037344,1.185242,-0.007585,-0.450138,0.013607
0.594000,-1.675290,-17.867410,0.610822,0.037336,1.183681,-0.007674,-0.450528,0.013644
0.595000,-1.680509,-17.845323,0.612002,0.037343,1.182115,-0.007764,-0.450917,0.013681
0.596000,-1.686321,-17.820325,0.613191,0.037321,1.180546,-0.007853,-0.451305,0.013719
0.597000,-1.691466,-17.795598,0.614374,0.037299,1.178972,-0.007940,-0.451692,0.013756
0.598000,-1.701081,-17.770495,0.615582,0.037292,1.177390,-0.008026,-0.452078,0.013793
0.599000,-1.711083,-17.745711,0.616792,0.037290,1.175799,-0.008111,-0.452462,0.013831
0.600000,-3.186297,-19.157093,0.617970,0.037284,1.172735,-0.009631,-0.452845,0.013868
0.601000,-3.146258,-19.080066,0.619186,0.037300,1.169733,-0.011120,-0.453227,0.013905
0.602000,-3.097931,-19.003895,0.620341,0.037265,1.166802,-0.012578,-0.453608,0.013942
0.603000,-3.054111,-18.930456,0.621500,0.037257,1.163936,-0.014007,-0.453988,0.013980
0.604000,-3.010715,-18.856611,0.622649,0.037226,1.161136,-0.015404,-0.454366,0.014017
0.605000,-2.976300,-18.783738,0.623834,0.037224,1.158390,-0.016771,-0.454744,0.014054
0.606000,-2.941315,-18.711362,0.625004,0.037205,1.155701,-0.018106,-0.455120,0.014091
0.607000,-2.908839,-18.639947,0.626174,0.037188,1.153063,-0.019411,-0.455495,0.014129
0.608000,-2.880510,-18.571082,0.627352,0.037196,1.150474,-0.020686,-0.455869,0.014166
0.609000,-2.850254,-18.499001,0.628516,0.037143,1.147934,-0.021928,-0.456241,0.014203
0.610000,-2.819989,-18.430405,0.629662,0.037107,1.145443,-0.023139,-0.456613,0.014240
0.611000,-2.794128,-18.364257,0.630818,0.037099,1.142996,-0.024322,-0.456983,0.014277
0.612000,-2.768968,-18.298628,0.631968,0.037081,1.140592,-0.025475,-0.457352,0.014314
0.613000,-2.748028,-18.231319,0.633137,0.037047,1.138226,-0.026598,-0.457720,0.014351
0.614000,-2.724702,-18.167344,0.634277,0.037021,1.135900,-0.027692,-0.458087,0.014389
0.615000,-2.701434,-18.105103,0.635405,0.036996,1.133614,-0.028758,-0.458453,0.014426
0.616000,-2.678226,-18.043722,0.636523,0.036964,1.131367,-0.029798,-0.458817,0.014463
0.617000,-2.655544,-17.984532,0.637631,0.036942,1.129159,-0.030812,-0.459181,0.014500
0.618000,-2.632941,-17.924738,0.638733,0.036898,1.126988,-0.031799,-0.459543,0.014536
0.619000,-2.620023,-17.864213,0.639885,0.036875,1.124845,-0.032759,-0.459905,0.014573
0.620000,-2.601750,-17.807544,0.640991,0.036853,1.122735,-0.033694,-0.460265,0.014610
0.621000,-2.589123,-17.750664,0.642122,0.036841,1.120651,-0.034603,-0.460624,0.014647
0.622000,-2.575941,-17.693486,0.643246,0.036810,1.118594,-0.035487,-0.460982,0.014684
0.623000,-2.565137,-17.637508,0.644375,0.036789,1.116561,-0.036346,-0.461338,0.014721
0.624000,-2.554954,-17.581735,0.645502,0.036759,1.114551,-0.037179,-0.461694,0.014758
0.625000,-2.545343,-17.528305,0.646622,0.036744,1.112564,-0.037989,-0.462048,0.014794
0.626000,-2.540492,-17.473454,0.647768,0.036724,1.110593,-0.038774,-0.462402,0.014831
0.627000,-2.538277,-17.417311,0.648928,0.036690,1.108636,-0.039532,-0.462754,0.014868
0.628000,-2.532943,-17.364588,0.650059,0.036666,1.106696,-0.040267,-0.463105,0.014905
0.629000,-2.529572,-17.310686,0.651201,0.036627,1.104771,-0.040978,-0.463455,0.014941
0.630000,-2.527332,-17.258130,0.652343,0.036596,1.102858,-0.041664,-0.463804,0.014978
0.631000,-2.526632,-17.206555,0.653488,0.036572,1.100957,-0.042328,-0.464151,0.015014
0.632000,-2.533369,-17.149742,0.654686,0.036516,1.099058,-0.042963,-0.464498,0.015051
0.633000,-2.531727,-17.100224,0.655818,0.036489,1.097171,-0.043578,-0.464843,0.015088
0.634000,-2.531215,-17.050662,0.656954,0.036456,1.095293,-0.044171,-0.465187,0.015124
0.635000,-2.528306,-17.002173,0.658071,0.036415,1.093428,-0.044743,-0.465530,0.015161
0.636000,-2.523916,-16.956416,0.659170,0.036387,1.091575,-0.045298,-0.465872,0.015197
0.637000,-2.525341,-16.906377,0.660310,0.036331,1.089729,-0.045831,-0.466213,0.015233
0.638000,-2.520996,-16.862794,0.661399,0.036308,1.087895,-0.046348,-0.466553,0.015270
0.639000,-2.518827,-16.818052,0.662500,0.036275,1.086072,-0.046848,-0.466891,0.015306
0.640000,-2.518603,-16.773462,0.663610,0.036245,1.084256,-0.047330,-0.467229,0.015342
0.641000,-2.514431,-16.729993,0.664691,0.036201,1.082451,-0.047796,-0.467565,0.015379
0.642000,-2.511064,-16.687043,0.665773,0.036158,1.080657,-0.048247,-0.467900,0.015415
0.643000,-2.507136,-16.645032,0.666847,0.036115,1.078874,-0.048682,-0.468235,0.015451
0.644000,-2.500764,-16.602889,0.667904,0.036053,1.077103,-0.049101,-0.468568,0.015487
0.645000,-2.498168,-16.564105,0.668971,0.036035,1.075342,-0.049509,-0.468900,0.015523
0.646000,-2.490752,-16.525518,0.670007,0.035992,1.073594,-0.049904,-0.469231,0.015559
0.647000,-2.484611,-16.485472,0.671050,0.035933,1.071857,-0.050286,-0.469561,0.015595
0.648000,-2.479532,-16.451396,0.672081,0.035934,1.070132,-0.050660,-0.469890,0.015631
0.649000,-2.470160,-16.412158,0.673097,0.035858,1.068422,-0.051020,-0.470218,0.015667
0.650000,-2.468516,-16.375469,0.674147,0.035835,1.066719,-0.051369,-0.470545,0.015703
0.651000,-2.458151,-16.340039,0.675141,0.035782,1.065031,-0.051708,-0.470871,0.015739
0.652000,-2.453871,-16.303324,0.676169,0.035736,1.063353,-0.052036,-0.471196,0.015775
0.653000,-2.446818,-16.267890,0.677175,0.035686,1.061687,-0.052354,-0.471520,0.015810
0.654000,-2.444127,-16.230929,0.678206,0.035633,1.060028,-0.052659,-0.471842,0.015846
0.655000,-2.444536,-16.195145,0.679250,0.035602,1.058373,-0.052954,-0.472164,0.015882
0.656000,-2.443598,-16.160339,0.680281,0.035570,1.056724,-0.053239,-0.472485,0.015917
0.657000,-2.446387,-16.124661,0.681334,0.035541,1.055076,-0.053512,-0.472805,0.015953
0.658000,-2.445482,-16.089428,0.682362,0.035496,1.053433,-0.053776,-0.473123,0.015988
0.659000,-2.449190,-16.052597,0.683419,0.035451,1.051791,-0.054027,-0.473441,0.016024
0.660000,-2.457095,-16.016277,0.684498,0.035425,1.050144,-0.054266,-0.473758,0.016059
0.661000,-2.457483,-15.981644,0.685529,0.035380,1.048500,-0.054496,-0.474073,0.016095
0.662000,-2.464974,-15.944617,0.686605,0.035337,1.046853,-0.054713,-0.474388,0.016130
0.663000,-2.472026,-15.907981,0.687678,0.035293,1.045202,-0.054918,-0.474701,0.016166
0.664000,-2.475390,-15.874467,0.688721,0.035261,1.043550,-0.055114,-0.475013,0.016201
0.665000,-2.485512,-15.839264,0.689806,0.035239,1.041891,-0.055301,-0.475324,0.016236
0.666000,-2.495049,-15.802364,0.690892,0.035193,1.040226,-0.055474,-0.475635,0.016271
0.667000,-2.500380,-15.768569,0.691947,0.035158,1.038557,-0.055640,-0.475944,0.016307
0.668000,-2.508232,-15.733437,0.693018,0.035117,1.036884,-0.055795,-0.476252,0.016342
0.669000,-2.506031,-15.702253,0.694023,0.035070,1.035215,-0.055944,-0.476559,0.016377
0.670000,-2.511337,-15.668887,0.695073,0.035031,1.033542,-0.056084,-0.476865,0.016412
0.671000,-2.514991,-15.637493,0.696109,0.035002,1.031869,-0.056219,-0.477170,0.016447
0.672000,-2.519210,-15.606613,0.697145,0.034979,1.030193,-0.056347,-0.477474,0.016482
0.673000,-2.524579,-15.573261,0.698193,0.034934,1.028513,-0.056468,-0.477776,0.016517
0.674000,-2.525507,-15.543577,0.699206,0.034905,1.026835,-0.056584,-0.478078,0.016552
0.675000,-2.532783,-15.510453,0.700261,0.034867,1.025151,-0.056692,-0.478379,0.016587
0.676000,-2.531293,-15.481704,0.701256,0.034832,1.023470,-0.056796,-0.478679,0.016622
0.677000,-2.536164,-15.447210,0.702299,0.034765,1.021786,-0.056891,-0.478977,0.016657
0.678000,-2.539320,-15.416584,0.703322,0.034728,1.020100,-0.056981,-0.479275,0.016691
0.679000,-2.544971,-15.384077,0.704362,0.034680,1.018410,-0.057064,-0.479572,0.016726
0.680000,-2.548597,-15.352368,0.705389,0.034630,1.016717,-0.057140,-0.479867,0.016761
0.681000,-2.553871,-15.321347,0.706422,0.034592,1.015020,-0.057210,-0.480162,0.016796
0.682000,-2.556190,-15.290208,0.707438,0.034539,1.013322,-0.057275,-0.480456,0.016830
0.683000,-2.556737,-15.261309,0.708438,0.034499,1.011625,-0.057337,-0.480748,0.016865
0.684000,-2.557881,-15.230808,0.709442,0.034443,1.009927,-0.057393,-0.481040,0.016899
0.685000,-2.556917,-15.201661,0.710430,0.034391,1.008231,-0.057446,-0.481330,0.016934
0.686000,-2.558278,-15.169702,0.711436,0.034318,1.006534,-0.057492,-0.481620,0.016968
0.687000,-2.558838,-15.142047,0.712426,0.034284,1.004838,-0.057536,-0.481908,0.017002
0.688000,-2.561847,-15.109280,0.713440,0.034207,1.003139,-0.057573,-0.482196,0.017037
0.689000,-2.563824,-15.079842,0.714440,0.034158,1.001439,-0.057606,-0.482483,0.017071
0.690000,-2.568963,-15.047309,0.715464,0.034090,0.999734,-0.057631,-0.482768,0.017105
0.691000,-2.570853,-15.017689,0.716461,0.034035,0.998027,-0.057653,-0.483053,0.017139
0.692000,-2.574091,-14.989302,0.717463,0.033999,0.996318,-0.057672,-0.483336,0.017173
0.693000,-2.577206,-14.957370,0.718470,0.033924,0.994606,-0.057685,-0.483619,0.017207
0.694000,-2.578509,-14.926874,0.719464,0.033854,0.992893,-0.057692,-0.483900,0.017241
0.695000,-2.580021,-14.898561,0.720451,0.033807,0.991178,-0.057698,-0.484181,0.017275
0.696000,-2.584822,-14.864517,0.721470,0.033713,0.989459,-0.057694,-0.484460,0.017309
0.697000,-2.587600,-14.838555,0.722458,0.033693,0.987736,-0.057691,-0.484739,0.017342
0.698000,-2.596502,-14.804943,0.723498,0.033621,0.986005,-0.057680,-0.485016,0.017376
0.699000,-2.602204,-14.775625,0.724510,0.033578,0.984268,-0.057665,-0.485293,0.017410
0.700000,-2.605597,-14.742796,0.725516,0.033487,0.982528,-0.057644,-0.485568,0.017443
0.701000,-2.609926,-14.712339,0.726521,0.033424,0.980782,-0.057619,-0.485843,0.017477
0.702000,-2.616260,-14.681462,0.727538,0.033364,0.979030,-0.057588,-0.486116,0.017510
0.703000,-2.621256,-14.652120,0.728544,0.033314,0.977273,-0.057555,-0.486389,0.017544
0.704000,-2.627715,-14.619470,0.729566,0.033235,0.975509,-0.057515,-0.486660,0.017577
0.705000,-2.628388,-14.589621,0.730547,0.033159,0.973743,-0.057472,-0.486930,0.017610
0.706000,-2.631432,-14.561908,0.731536,0.033115,0.971974,-0.057428,-0.487200,0.017643
0.707000,-2.632300,-14.533252,0.732513,0.033051,0.970203,-0.057382,-0.487468,0.017676
0.708000,-2.635396,-14.505654,0.733500,0.033008,0.968428,-0.057334,-0.487736,0.017709
0.709000,-2.636478,-14.477929,0.734474,0.032955,0.966652,-0.057286,-0.488002,0.017742
0.710000,-2.634978,-14.448971,0.735434,0.032877,0.964876,-0.057235,-0.488268,0.017775
0.711000,-2.636596,-14.421745,0.736407,0.032830,0.963098,-0.057184,-0.488532,0.017808
0.712000,-2.639251,-14.391140,0.737392,0.032753,0.961316,-0.057128,-0.488796,0.017841
0.713000,-2.638146,-14.364254,0.738346,0.032697,0.959535,-0.057073,-0.489059,0.017874
0.714000,-2.635281,-14.335937,0.739291,0.032618,0.957756,-0.057016,-0.489320,0.017906
0.715000,-2.633724,-14.309480,0.740237,0.032564,0.955978,-0.056959,-0.489581,0.017939
0.716000,-2.630466,-14.284318,0.741169,0.032515,0.954201,-0.056904,-0.489841,0.017972
0.717000,-2.633061,-14.257738,0.742134,0.032478,0.952422,-0.056848,-0.490100,0.018004
0.718000,-2.627086,-14.230558,0.743051,0.032397,0.950648,-0.056793,-0.490358,0.018037
0.719000,-2.625460,-14.204715,0.743987,0.032349,0.948874,-0.056738,-0.490614,0.018069
0.720000,-2.619386,-14.177972,0.744897,0.032271,0.947106,-0.056682,-0.490871,0.018101
0.721000,-2.613712,-14.152389,0.745804,0.032206,0.945342,-0.056628,-0.491126,0.018134
0.722000,-2.612350,-14.124920,0.746738,0.032141,0.943579,-0.056573,-0.491380,0.018166
0.723000,-2.607480,-14.101651,0.747639,0.032103,0.941820,-0.056521,-0.491633,0.018198
0.724000,-2.607959,-14.074074,0.748579,0.032045,0.940060,-0.056468,-0.491886,0.018230
0.725000,-2.603853,-14.048972,0.749484,0.031992,0.938303,-0.056416,-0.492137,0.018262
0.726000,-2.603223,-14.022963,0.750410,0.031945,0.936546,-0.056364,-0.492388,0.018294
0.727000,-2.605360,-13.995075,0.751353,0.031891,0.934787,-0.056311,-0.492637,0.018326
0.728000,-2.601686,-13.968630,0.752259,0.031826,0.933030,-0.056258,-0.492886,0.018358
0.729000,-2.602006,-13.942579,0.753185,0.031783,0.931271,-0.056205,-0.493134,0.018390
0.730000,-2.603320,-13.914366,0.754119,0.031722,0.929511,-0.056150,-0.493380,0.018422
0.731000,-2.601745,-13.889370,0.755028,0.031681,0.927752,-0.056097,-0.493626,0.018453
0.732000,-2.607496,-13.861665,0.755984,0.031645,0.925986,-0.056042,-0.493871,0.018485
0.733000,-2.609870,-13.831792,0.756925,0.031572,0.924216,-0.055985,-0.494115,0.018517
0.734000,-2.612163,-13.804276,0.757859,0.031522,0.922444,-0.055926,-0.494358,0.018548
0.735000,-2.615825,-13.777294,0.758798,0.031484,0.920667,-0.055866,-0.494600,0.018580
0.736000,-2.620385,-13.748659,0.759746,0.031434,0.918885,-0.055805,-0.494842,0.018611
0.737000,-2.623451,-13.721197,0.760682,0.031389,0.917098,-0.055743,-0.495082,0.018643
0.738000,-2.628866,-13.691656,0.761635,0.031334,0.915306,-0.055678,-0.495321,0.018674
0.739000,-2.634145,-13.663394,0.762584,0.031291,0.913507,-0.055612,-0.495559,0.018705
0.740000,-2.642014,-13.632646,0.763553,0.031234,0.911699,-0.055542,-0.495797,0.018737
0.741000,-2.645799,-13.603447,0.764496,0.031176,0.909886,-0.055470,-0.496033,0.018768
0.742000,-2.653108,-13.575956,0.765454,0.031151,0.908065,-0.055397,-0.496269,0.018799
0.743000,-2.655362,-13.547157,0.766386,0.031091,0.906241,-0.055324,-0.496503,0.018830
0.744000,-2.658165,-13.521231,0.767313,0.031063,0.904412,-0.055251,-0.496737,0.018861
0.745000,-2.661111,-13.490300,0.768252,0.030985,0.902580,-0.055175,-0.496969,0.018892
0.746000,-2.661805,-13.463156,0.769168,0.030935,0.900746,-0.055100,-0.497201,0.018923
0.747000,-2.664569,-13.434660,0.770098,0.030882,0.898908,-0.055023,-0.497432,0.018954
0.748000,-2.668238,-13.408829,0.771026,0.030860,0.897065,-0.054948,-0.497662,0.018985
0.749000,-2.669330,-13.380580,0.771944,0.030803,0.895220,-0.054873,-0.497891,0.019016
0.750000,-2.675561,-13.350779,0.772894,0.030753,0.893367,-0.054796,-0.498119,0.019047
0.751000,-2.672532,-13.322110,0.773787,0.030674,0.891517,-0.054717,-0.498346,0.019078
0.752000,-2.675636,-13.294964,0.774711,0.030637,0.889662,-0.054639,-0.498572,0.019108
0.753000,-2.677704,-13.267238,0.775628,0.030591,0.887804,-0.054562,-0.498797,0.019139
0.754000,-2.675652,-13.241050,0.776518,0.030543,0.885946,-0.054486,-0.499022,0.019170
0.755000,-2.676452,-13.211523,0.777429,0.030473,0.884087,-0.054408,-0.499245,0.019200
0.756000,-2.672226,-13.186412,0.778300,0.030427,0.882231,-0.054333,-0.499468,0.019231
0.757000,-2.669892,-13.157843,0.779187,0.030353,0.880376,-0.054258,-0.499689,0.019261
0.758000,-2.670422,-13.131511,0.780084,0.030315,0.878520,-0.054183,-0.499910,0.019291
0.759000,-2.663380,-13.106337,0.780933,0.030257,0.876669,-0.054112,-0.500130,0.019322
0.760000,-2.660434,-13.080795,0.781803,0.030213,0.874820,-0.054043,-0.500349,0.019352
0.761000,-2.656886,-13.055485,0.782667,0.030169,0.872974,-0.053976,-0.500567,0.019382
0.762000,-2.650827,-13.028844,0.783517,0.030100,0.871133,-0.053910,-0.500785,0.019412
0.763000,-2.647231,-13.003435,0.784375,0.030055,0.869294,-0.053847,-0.501001,0.019442
0.764000,-2.639393,-12.977001,0.785209,0.029981,0.867463,-0.053784,-0.501217,0.019473
0.765000,-2.634900,-12.949910,0.786061,0.029914,0.865634,-0.053722,-0.501432,0.019502
0.766000,-2.632644,-12.923503,0.786921,0.029864,0.863808,-0.053661,-0.501646,0.019532
0.767000,-2.627228,-12.897167,0.787762,0.029800,0.861985,-0.053601,-0.501859,0.019562
0.768000,-2.625395,-12.868956,0.788624,0.029733,0.860164,-0.053540,-0.502071,0.019592
0.769000,-2.621549,-12.842902,0.789468,0.029679,0.858346,-0.053481,-0.502282,0.019622
0.770000,-2.619578,-12.814814,0.790325,0.029612,0.856528,-0.053420,-0.502493,0.019651
0.771000,-2.618165,-12.788509,0.791179,0.029566,0.854711,-0.053361,-0.502703,0.019681
0.772000,-2.614620,-12.762186,0.792019,0.029511,0.852897,-0.053302,-0.502912,0.019711
0.773000,-2.615818,-12.732132,0.792893,0.029437,0.851081,-0.053241,-0.503119,0.019740
0.774000,-2.613124,-12.704983,0.793737,0.029376,0.849266,-0.053180,-0.503327,0.019770
0.775000,-2.614999,-12.677303,0.794606,0.029330,0.847449,-0.053118,-0.503533,0.019799
0.776000,-2.616322,-12.647692,0.795475,0.029261,0.845629,-0.053054,-0.503738,0.019828
0.777000,-2.616327,-12.621442,0.796328,0.029221,0.843809,-0.052991,-0.503943,0.019858
0.778000,-2.616610,-12.590735,0.797191,0.029136,0.841987,-0.052925,-0.504146,0.019887
0.779000,-2.615346,-12.563515,0.798036,0.029080,0.840166,-0.052858,-0.504349,0.019916
0.780000,-2.618963,-12.534923,0.798911,0.029032,0.838340,-0.052791,-0.504551,0.019945
0.781000,-2.624448,-12.503744,0.799801,0.028965,0.836507,-0.052720,-0.504752,0.019974
0.782000,-2.621795,-12.477919,0.800633,0.028917,0.834676,-0.052650,-0.504952,0.020003
0.783000,-2.618440,-12.451236,0.801460,0.028857,0.832847,-0.052581,-0.505152,0.020032
0.784000,-2.616560,-12.421746,0.802300,0.028775,0.831020,-0.052510,-0.505350,0.020061
0.785000,-2.614033,-12.395830,0.803127,0.028726,0.829193,-0.052441,-0.505548,0.020089
0.786000,-2.611974,-12.369979,0.803953,0.028680,0.827368,-0.052373,-0.505745,0.020118
0.787000,-2.606810,-12.342441,0.804764,0.028603,0.825547,-0.052305,-0.505941,0.020147
0.788000,-2.604873,-12.319031,0.805582,0.028584,0.823726,-0.052240,-0.506136,0.020175
0.789000,-2.602689,-12.291552,0.806405,0.028522,0.821907,-0.052176,-0.506331,0.020204
0.790000,-2.599072,-12.265501,0.807215,0.028468,0.820091,-0.052113,-0.506524,0.020233
0.791000,-2.597086,-12.238821,0.808034,0.028415,0.818275,-0.052050,-0.506717,0.020261
0.792000,-2.591884,-12.211402,0.808833,0.028339,0.816464,-0.051988,-0.506909,0.020289
0.793000,-2.589359,-12.185603,0.809642,0.028293,0.814655,-0.051926,-0.507100,0.020318
0.794000,-2.586345,-12.159981,0.810446,0.028246,0.812847,-0.051866,-0.507290,0.020346
0.795000,-2.579573,-12.135959,0.811222,0.028199,0.811046,-0.051810,-0.507480,0.020374
0.796000,-2.576506,-12.108795,0.812024,0.028136,0.809246,-0.051753,-0.507669,0.020402
0.797000,-2.574242,-12.083016,0.812825,0.028091,0.807448,-0.051697,-0.507857,0.020431
0.798000,-2.565878,-12.060330,0.813582,0.028051,0.805658,-0.051646,-0.508044,0.020459
0.799000,-2.562112,-12.034455,0.814370,0.027999,0.803870,-0.051595,-0.508231,0.020487
0.800000,-2.556090,-12.008837,0.815141,0.027939,0.802088,-0.051546,-0.508416,0.020515
0.801000,-2.554243,-11.982974,0.815935,0.027895,0.800307,-0.051498,-0.508601,0.020543
0.802000,-2.549968,-11.958202,0.816710,0.027852,0.798530,-0.051451,-0.508785,0.020571
0.803000,-2.546323,-11.932978,0.817487,0.027807,0.796755,-0.051406,-0.508968,0.020598
0.804000,-2.542118,-11.906698,0.818261,0.027749,0.794984,-0.051362,-0.509151,0.020626
0.805000,-2.539448,-11.881907,0.819038,0.027712,0.793215,-0.051319,-0.509333,0.020654
0.806000,-2.536459,-11.854834,0.819817,0.027651,0.791448,-0.051276,-0.509514,0.020682
0.807000,-2.536686,-11.828370,0.820610,0.027610,0.789681,-0.051232,-0.509694,0.020709
0.808000,-2.534640,-11.803072,0.821387,0.027571,0.787915,-0.051190,-0.509873,0.020737
0.809000,-2.532431,-11.776418,0.822164,0.027517,0.786150,-0.051148,-0.510052,0.020765
0.810000,-2.535890,-11.748301,0.822975,0.027474,0.784382,-0.051104,-0.510230,0.020792
0.811000,-2.535851,-11.722613,0.823759,0.027440,0.782612,-0.051061,-0.510407,0.020820
0.812000,-2.535777,-11.694570,0.824548,0.027382,0.780842,-0.051016,-0.510583,0.020847
0.813000,-2.536912,-11.668488,0.825337,0.027349,0.779071,-0.050972,-0.510758,0.020874
0.814000,-2.539951,-11.639507,0.826143,0.027295,0.777295,-0.050925,-0.510933,0.020902
0.815000,-2.542694,-11.612321,0.826942,0.027258,0.775517,-0.050878,-0.511107,0.020929
0.816000,-2.547379,-11.583327,0.827756,0.027211,0.773732,-0.050829,-0.511280,0.020956
0.817000,-2.551393,-11.553933,0.828567,0.027157,0.771943,-0.050777,-0.511452,0.020984
0.818000,-2.556167,-11.527828,0.829374,0.027141,0.770149,-0.050725,-0.511624,0.021011
0.819000,-2.559181,-11.497382,0.830181,0.027072,0.768351,-0.050671,-0.511794,0.021038
0.820000,-2.565242,-11.468024,0.831002,0.027028,0.766545,-0.050613,-0.511964,0.021065
0.821000,-2.568010,-11.441111,0.831798,0.026995,0.764737,-0.050556,-0.512133,0.021092
0.822000,-2.572187,-11.411991,0.832607,0.026946,0.762923,-0.050497,-0.512301,0.021119
0.823000,-2.577419,-11.383095,0.833421,0.026904,0.761103,-0.050437,-0.512468,0.021146
0.824000,-2.584414,-11.350539,0.834254,0.026832,0.759275,-0.050370,-0.512635,0.021173
0.825000,-2.590964,-11.323337,0.835072,0.026814,0.757439,-0.050305,-0.512801,0.021200
0.826000,-2.590948,-11.295190,0.835854,0.026757,0.755603,-0.050238,-0.512965,0.021227
0.827000,-2.590711,-11.268538,0.836631,0.026715,0.753766,-0.050173,-0.513130,0.021253
0.828000,-2.593418,-11.238381,0.837431,0.026649,0.751925,-0.050105,-0.513293,0.021280
0.829000,-2.591436,-11.213323,0.838191,0.026616,0.750085,-0.050039,-0.513455,0.021307
0.830000,-2.587949,-11.188801,0.838940,0.026583,0.748248,-0.049977,-0.513617,0.021333
0.831000,-2.589482,-11.161649,0.839721,0.026545,0.746408,-0.049915,-0.513778,0.021360
0.832000,-2.584741,-11.134257,0.840466,0.026477,0.744572,-0.049853,-0.513939,0.021386
0.833000,-2.585591,-11.106569,0.841242,0.026431,0.742734,-0.049791,-0.514098,0.021413
0.834000,-2.580627,-11.079173,0.841982,0.026361,0.740900,-0.049729,-0.514257,0.021439
0.835000,-2.579070,-11.052567,0.842738,0.026315,0.739067,-0.049668,-0.514415,0.021466
0.836000,-2.573601,-11.027590,0.843465,0.026269,0.737239,-0.049610,-0.514572,0.021492
0.837000,-2.569696,-11.002728,0.844199,0.026231,0.735413,-0.049554,-0.514729,0.021518
0.838000,-2.566894,-10.975443,0.844943,0.026173,0.733590,-0.049498,-0.514884,0.021544
0.839000,-2.560392,-10.948151,0.845663,0.026098,0.731772,-0.049442,-0.515040,0.021571
0.840000,-2.555839,-10.923504,0.846386,0.026059,0.729957,-0.049389,-0.515194,0.021597
0.841000,-2.548405,-10.899055,0.847089,0.026009,0.728150,-0.049339,-0.515348,0.021623
0.842000,-2.543360,-10.873648,0.847805,0.025960,0.726347,-0.049290,-0.515500,0.021649
0.843000,-2.539032,-10.847577,0.848525,0.025907,0.724547,-0.049243,-0.515653,0.021675
0.844000,-2.531174,-10.822611,0.849219,0.025850,0.722754,-0.049197,-0.515804,0.021701
0.845000,-2.524613,-10.798072,0.849917,0.025802,0.720968,-0.049154,-0.515955,0.021727
0.846000,-2.516562,-10.771826,0.850607,0.025730,0.719189,-0.049111,-0.516105,0.021752
0.847000,-2.508685,-10.747918,0.851290,0.025683,0.717416,-0.049071,-0.516254,0.021778
0.848000,-2.503161,-10.722224,0.851988,0.025627,0.715649,-0.049032,-0.516403,0.021804
0.849000,-2.492903,-10.697092,0.852654,0.025556,0.713892,-0.048995,-0.516551,0.021829
0.850000,-2.485145,-10.674528,0.853326,0.025521,0.712142,-0.048961,-0.516699,0.021855
0.851000,-2.479535,-10.648887,0.854013,0.025465,0.710397,-0.048927,-0.516845,0.021880
0.852000,-2.470380,-10.623936,0.854677,0.025399,0.708660,-0.048895,-0.516991,0.021906
0.853000,-2.465922,-10.598780,0.855364,0.025351,0.706928,-0.048864,-0.517137,0.021931
0.854000,-2.460034,-10.572099,0.856045,0.025280,0.705201,-0.048832,-0.517281,0.021957
0.855000,-2.458409,-10.548336,0.856741,0.025258,0.703475,-0.048803,-0.517425,0.021982
0.856000,-2.453983,-10.521218,0.857427,0.025189,0.701753,-0.048772,-0.517569,0.022007
0.857000,-2.448639,-10.496453,0.858100,0.025140,0.700036,-0.048742,-0.517711,0.022032
0.858000,-2.446591,-10.469629,0.858794,0.025083,0.698320,-0.048711,-0.517853,0.022057
0.859000,-2.441271,-10.444799,0.859463,0.025032,0.696610,-0.048681,-0.517994,0.022083
0.860000,-2.440385,-10.416952,0.860163,0.024969,0.694899,-0.048649,-0.518135,0.022108
0.861000,-2.441739,-10.390169,0.860871,0.024927,0.693187,-0.048616,-0.518275,0.022133
0.862000,-2.436293,-10.367214,0.861530,0.024894,0.691480,-0.048585,-0.518414,0.022157
0.863000,-2.436812,-10.337937,0.862236,0.024821,0.689772,-0.048551,-0.518552,0.022182
0.864000,-2.439176,-10.311001,0.862947,0.024781,0.688061,-0.048515,-0.518690,0.022207
0.865000,-2.438451,-10.284593,0.863637,0.024731,0.686351,-0.048479,-0.518827,0.022232
0.866000,-2.444808,-10.256714,0.864370,0.024699,0.684633,-0.048440,-0.518963,0.022257
0.867000,-2.443592,-10.229902,0.865058,0.024643,0.682916,-0.048401,-0.519099,0.022281
0.868000,-2.445892,-10.202421,0.865766,0.024596,0.681196,-0.048359,-0.519234,0.022306
0.869000,-2.448507,-10.173841,0.866477,0.024539,0.679473,-0.048315,-0.519368,0.022331
0.870000,-2.447040,-10.147883,0.867159,0.024490,0.677751,-0.048271,-0.519502,0.022355
0.871000,-2.447941,-10.120952,0.867855,0.024442,0.676027,-0.048226,-0.519635,0.022380
0.872000,-2.449944,-10.096420,0.868551,0.024423,0.674300,-0.048182,-0.519767,0.022404
0.873000,-2.454648,-10.066536,0.869273,0.024362,0.672568,-0.048134,-0.519898,0.022429
0.874000,-2.458192,-10.039494,0.869983,0.024324,0.670832,-0.048085,-0.520029,0.022453
0.875000,-2.458212,-10.013747,0.870669,0.024285,0.669095,-0.048036,-0.520159,0.022477
0.876000,-2.460125,-9.986279,0.871368,0.024236,0.667356,-0.047986,-0.520288,0.022501
0.877000,-2.459057,-9.960650,0.872045,0.024193,0.665616,-0.047936,-0.520417,0.022526
0.878000,-2.457366,-9.936603,0.872714,0.024164,0.663878,-0.047889,-0.520545,0.022550
0.879000,-2.455917,-9.909882,0.873389,0.024109,0.662141,-0.047840,-0.520672,0.022574
0.880000,-2.457052,-9.885323,0.874072,0.024088,0.660401,-0.047793,-0.520799,0.022598
0.881000,-2.454554,-9.859414,0.874736,0.024037,0.658663,-0.047747,-0.520924,0.022622
0.882000,-2.456243,-9.832374,0.875425,0.023992,0.656923,-0.047699,-0.521050,0.022646
0.883000,-2.455176,-9.807885,0.876092,0.023962,0.655184,-0.047653,-0.521174,0.022670
0.884000,-2.453153,-9.782661,0.876753,0.023921,0.653445,-0.047608,-0.521298,0.022694
0.885000,-2.449801,-9.758111,0.877403,0.023881,0.651710,-0.047565,-0.521421,0.022718
0.886000,-2.449116,-9.732494,0.878069,0.023842,0.649974,-0.047522,-0.521544,0.022742
0.887000,-2.451058,-9.705355,0.878753,0.023799,0.648236,-0.047477,-0.521666,0.022766
0.888000,-2.448950,-9.679590,0.879409,0.023752,0.646499,-0.047433,-0.521787,0.022790
0.889000,-2.449699,-9.654765,0.880078,0.023728,0.644761,-0.047391,-0.521908,0.022814
0.890000,-2.447860,-9.628672,0.880734,0.023679,0.643024,-0.047348,-0.522028,0.022837
0.891000,-2.447201,-9.603887,0.881392,0.023650,0.641287,-0.047306,-0.522147,0.022861
0.892000,-2.445247,-9.576409,0.882048,0.023586,0.639551,-0.047263,-0.522265,0.022885
0.893000,-2.445130,-9.550623,0.882708,0.023548,0.637815,-0.047221,-0.522383,0.022908
0.894000,-2.441373,-9.527074,0.883342,0.023518,0.636082,-0.047181,-0.522501,0.022932
0.895000,-2.442073,-9.498883,0.884009,0.023459,0.634348,-0.047138,-0.522617,0.022955
0.896000,-2.435850,-9.476945,0.884622,0.023434,0.632619,-0.047100,-0.522733,0.022979
0.897000,-2.434411,-9.451127,0.885268,0.023390,0.630891,-0.047062,-0.522849,0.023002
0.898000,-2.431528,-9.425377,0.885904,0.023341,0.629165,-0.047024,-0.522963,0.023026
0.899000,-2.427722,-9.399610,0.886533,0.023287,0.627443,-0.046986,-0.523077,0.023049
0.900000,-2.401230,-9.367076,0.887191,0.023250,0.625746,-0.046941,-0.523191,0.023072
0.901000,-2.395807,-9.342855,0.887800,0.023198,0.624055,-0.046898,-0.523304,0.023095
0.902000,-2.395623,-9.318105,0.888437,0.023163,0.622363,-0.046855,-0.523416,0.023119
0.903000,-2.390825,-9.293461,0.889046,0.023109,0.620675,-0.046813,-0.523528,0.023142
0.904000,-2.386852,-9.266812,0.889663,0.023037,0.618990,-0.046770,-0.523638,0.023165
0.905000,-2.391513,-9.240835,0.890326,0.023010,0.617300,-0.046726,-0.523749,0.023188
0.906000,-2.387122,-9.216673,0.890933,0.022962,0.615614,-0.046683,-0.523858,0.023211
0.907000,-2.386778,-9.190826,0.891564,0.022914,0.613927,-0.046640,-0.523968,0.023234
0.908000,-2.382753,-9.165433,0.892173,0.022855,0.612244,-0.046596,-0.524076,0.023257
0.909000,-2.379032,-9.140802,0.892779,0.022804,0.610564,-0.046554,-0.524184,0.023280
0.910000,-2.378200,-9.114255,0.893405,0.022746,0.608884,-0.046509,-0.524291,0.023303
0.911000,-2.375415,-9.089928,0.894013,0.022702,0.607206,-0.046466,-0.524398,0.023325
0.912000,-2.373843,-9.064680,0.894628,0.022654,0.605530,-0.046423,-0.524504,0.023348
0.913000,-2.373031,-9.040353,0.895244,0.022618,0.603853,-0.046380,-0.524609,0.023371
0.914000,-2.371569,-9.015098,0.895858,0.022571,0.602177,-0.046337,-0.524714,0.023393
0.915000,-2.367795,-8.988496,0.896459,0.022498,0.600504,-0.046293,-0.524818,0.023416
0.916000,-2.367663,-8.964771,0.897074,0.022472,0.598831,-0.046250,-0.524921,0.023438
0.917000,-2.366231,-8.938560,0.897685,0.022414,0.597158,-0.046206,-0.525024,0.023461
0.918000,-2.366549,-8.913747,0.898302,0.022378,0.595485,-0.046163,-0.525127,0.023483
0.919000,-2.364007,-8.887529,0.898905,0.022314,0.593813,-0.046118,-0.525228,0.023506
0.920000,-2.363045,-8.861256,0.899515,0.022257,0.592142,-0.046072,-0.525329,0.023528
0.921000,-2.360468,-8.838518,0.900107,0.022229,0.590473,-0.046029,-0.525430,0.023550
0.922000,-2.355418,-8.813348,0.900688,0.022165,0.588808,-0.045985,-0.525530,0.023572
0.923000,-2.354651,-8.788466,0.901292,0.022122,0.587143,-0.045941,-0.525629,0.023594
0.924000,-2.352220,-8.766555,0.901877,0.022104,0.585480,-0.045901,-0.525728,0.023617
0.925000,-2.348624,-8.741239,0.902462,0.022045,0.583820,-0.045860,-0.525826,0.023639
0.926000,-2.344477,-8.717299,0.903039,0.021997,0.582163,-0.045820,-0.525923,0.023661
0.927000,-2.345858,-8.690733,0.903652,0.021947,0.580505,-0.045778,-0.526020,0.023683
0.928000,-2.347786,-8.664762,0.904266,0.021905,0.578843,-0.045735,-0.526117,0.023705
0.929000,-2.341249,-8.640743,0.904826,0.021845,0.577188,-0.045693,-0.526212,0.023727
0.930000,-2.340204,-8.616760,0.905416,0.021810,0.575533,-0.045652,-0.526308,0.023748
0.931000,-2.334501,-8.593503,0.905975,0.021762,0.573884,-0.045613,-0.526402,0.023770
0.932000,-2.331705,-8.569619,0.906550,0.021720,0.572236,-0.045574,-0.526496,0.023792
0.933000,-2.324728,-8.546562,0.907098,0.021668,0.570595,-0.045537,-0.526590,0.023814
0.934000,-2.319799,-8.524385,0.907653,0.021635,0.568958,-0.045502,-0.526683,0.023835
0.935000,-2.315642,-8.502251,0.908210,0.021605,0.567325,-0.045470,-0.526775,0.023857
0.936000,-2.312379,-8.476351,0.908779,0.021540,0.565695,-0.045437,-0.526867,0.023879
0.937000,-2.306721,-8.453735,0.909325,0.021498,0.564070,-0.045405,-0.526958,0.023900
0.938000,-2.304065,-8.429973,0.909888,0.021457,0.562447,-0.045374,-0.527049,0.023922
0.939000,-2.297241,-8.408292,0.910421,0.021420,0.560830,-0.045346,-0.527139,0.023943
0.940000,-2.293829,-8.385738,0.910973,0.021388,0.559216,-0.045319,-0.527228,0.023965
0.941000,-2.291130,-8.361036,0.911532,0.021338,0.557605,-0.045292,-0.527317,0.023986
0.942000,-2.287391,-8.338365,0.912079,0.021303,0.555997,-0.045266,-0.527406,0.024007
0.943000,-2.283545,-8.312898,0.912630,0.021239,0.554393,-0.045239,-0.527494,0.024029
0.944000,-2.278457,-8.290742,0.913165,0.021203,0.552793,-0.045214,-0.527581,0.024050
0.945000,-2.274004,-8.269149,0.913699,0.021175,0.551197,-0.045191,-0.527668,0.024071
0.946000,-2.271659,-8.242424,0.914256,0.021104,0.549603,-0.045166,-0.527754,0.024092
0.947000,-2.266276,-8.221169,0.914781,0.021075,0.548014,-0.045143,-0.527840,0.024113
0.948000,-2.260019,-8.197482,0.915304,0.021017,0.546431,-0.045120,-0.527925,0.024134
0.949000,-2.259511,-8.173685,0.915859,0.020982,0.544849,-0.045097,-0.528010,0.024155
0.950000,-2.255745,-8.149101,0.916395,0.020925,0.543269,-0.045073,-0.528094,0.024176
0.951000,-2.252896,-8.127092,0.916929,0.020898,0.541693,-0.045052,-0.528178,0.024197
0.952000,-2.247957,-8.103729,0.917452,0.020847,0.540120,-0.045030,-0.528261,0.024218
0.953000,-2.245248,-8.078980,0.917990,0.020792,0.538551,-0.045007,-0.528343,0.024239
0.954000,-2.243297,-8.052855,0.918533,0.020725,0.536982,-0.044982,-0.528425,0.024260
0.955000,-2.241185,-8.030662,0.919065,0.020697,0.535416,-0.044958,-0.528507,0.024281
0.956000,-2.236183,-8.007771,0.919581,0.020649,0.533854,-0.044934,-0.528588,0.024301
0.957000,-2.232674,-7.984541,0.920104,0.020604,0.532296,-0.044911,-0.528668,0.024322
0.958000,-2.231603,-7.961280,0.920639,0.020569,0.530738,-0.044888,-0.528748,0.024343
0.959000,-2.231448,-7.935557,0.921185,0.020512,0.529179,-0.044862,-0.528828,0.024363
0.960000,-2.227442,-7.912024,0.921702,0.020460,0.527625,-0.044837,-0.528906,0.024384
0.961000,-2.224618,-7.889631,0.922221,0.020425,0.526073,-0.044812,-0.528985,0.024404
0.962000,-2.223957,-7.864089,0.922759,0.020366,0.524521,-0.044785,-0.529062,0.024425
0.963000,-2.223782,-7.840133,0.923295,0.020326,0.522969,-0.044757,-0.529140,0.024445
0.964000,-2.221370,-7.815430,0.923818,0.020267,0.521419,-0.044728,-0.529216,0.024465
0.965000,-2.221923,-7.792347,0.924354,0.020238,0.519868,-0.044699,-0.529293,0.024485
0.966000,-2.221811,-7.766626,0.924891,0.020178,0.518317,-0.044668,-0.529368,0.024506
0.967000,-2.221202,-7.744321,0.925417,0.020152,0.516766,-0.044637,-0.529443,0.024526
0.968000,-2.218165,-7.719967,0.925932,0.020093,0.515217,-0.044606,-0.529518,0.024546
0.969000,-2.218735,-7.696451,0.926464,0.020058,0.513667,-0.044574,-0.529592,0.024566
0.970000,-2.216901,-7.671747,0.926985,0.020000,0.512119,-0.044541,-0.529665,0.024586
0.971000,-2.217002,-7.648410,0.927512,0.019965,0.510570,-0.044507,-0.529738,0.024606
0.972000,-2.213811,-7.625262,0.928019,0.019917,0.509024,-0.044474,-0.529811,0.024626
0.973000,-2.213797,-7.601621,0.928544,0.019878,0.507477,-0.044440,-0.529883,0.024646
0.974000,-2.211993,-7.578549,0.929057,0.019836,0.505932,-0.044407,-0.529954,0.024666
0.975000,-2.211152,-7.556540,0.929571,0.019810,0.504387,-0.044374,-0.530025,0.024686
0.976000,-2.210137,-7.532937,0.930087,0.019767,0.502842,-0.044341,-0.530096,0.024706
0.977000,-2.208120,-7.508577,0.930597,0.019711,0.501299,-0.044307,-0.530166,0.024725
0.978000,-2.205550,-7.487009,0.931097,0.019681,0.499758,-0.044275,-0.530235,0.024745
0.979000,-2.205530,-7.462853,0.931616,0.019636,0.498217,-0.044241,-0.530304,0.024765
0.980000,-2.205851,-7.437697,0.932138,0.019581,0.496675,-0.044206,-0.530372,0.024784
0.981000,-2.203830,-7.414362,0.932642,0.019535,0.495134,-0.044170,-0.530440,0.024804
0.982000,-2.206034,-7.391952,0.933167,0.019517,0.493590,-0.044135,-0.530507,0.024824
0.983000,-2.203258,-7.370037,0.933661,0.019483,0.492049,-0.044101,-0.530574,0.024843
0.984000,-2.205157,-7.347303,0.934183,0.019461,0.490506,-0.044068,-0.530641,0.024863
0.985000,-2.202216,-7.322636,0.934681,0.019397,0.488964,-0.044033,-0.530706,0.024882
0.986000,-2.200807,-7.300100,0.935181,0.019362,0.487424,-0.043998,-0.530772,0.024901
0.987000,-2.201437,-7.276054,0.935695,0.019321,0.485883,-0.043963,-0.530836,0.024921
0.988000,-2.197450,-7.252337,0.936182,0.019261,0.484345,-0.043927,-0.530901,0.024940
0.989000,-2.195400,-7.230156,0.936674,0.019226,0.482808,-0.043892,-0.530965,0.024959
0.990000,-2.195229,-7.207745,0.937176,0.019198,0.481271,-0.043858,-0.531028,0.024979
0.991000,-2.194379,-7.183659,0.937677,0.019148,0.479735,-0.043822,-0.531091,0.024998
0.992000,-2.194747,-7.159736,0.938184,0.019106,0.478197,-0.043786,-0.531153,0.025017
0.993000,-2.191685,-7.137067,0.938667,0.019061,0.476662,-0.043750,-0.531215,0.025036
0.994000,-2.191066,-7.113730,0.939165,0.019020,0.475128,-0.043714,-0.531276,0.025055
0.995000,-2.189133,-7.093050,0.939648,0.019001,0.473594,-0.043680,-0.531337,0.025074
0.996000,-2.185148,-7.070823,0.940121,0.018957,0.472064,-0.043647,-0.531397,0.025093
0.997000,-2.182338,-7.048207,0.940600,0.018914,0.470537,-0.043614,-0.531457,0.025112
0.998000,-2.179416,-7.028118,0.941071,0.018897,0.469011,-0.043584,-0.531517,0.025131
0.999000,-2.172236,-7.006412,0.941520,0.018844,0.467493,-0.043556,-0.531576,0.025150
1.000000,-2.168474,-6.985258,0.941985,0.018812,0.465978,-0.043528,-0.531634,0.025169
1.001000,-2.165833,-6.964458,0.942453,0.018789,0.464465,-0.043503,-0.531692,0.025188
1.002000,-2.164790,-6.940315,0.942937,0.018738,0.462953,-0.043477,-0.531750,0.025206
1.003000,-2.160983,-6.918444,0.943399,0.018698,0.461444,-0.043451,-0.531807,0.025225
1.004000,-2.156857,-6.896391,0.943858,0.018655,0.459939,-0.043425,-0.531863,0.025244
1.005000,-2.155561,-6.872333,0.944336,0.018602,0.458435,-0.043399,-0.531919,0.025263
1.006000,-2.152284,-6.853213,0.944790,0.018593,0.456933,-0.043375,-0.531975,0.025281
1.007000,-2.148590,-6.830281,0.945249,0.018542,0.455435,-0.043352,-0.532030,0.025300
1.008000,-2.146390,-6.809358,0.945710,0.018518,0.453939,-0.043329,-0.532085,0.025318
1.009000,-2.141601,-6.787444,0.946157,0.018472,0.452447,-0.043308,-0.532139,0.025337
1.010000,-2.139011,-6.764655,0.946617,0.018427,0.450958,-0.043286,-0.532193,0.025355
1.011000,-2.135795,-6.741629,0.947072,0.018376,0.449472,-0.043263,-0.532246,0.025374
1.012000,-2.130388,-6.721329,0.947507,0.018343,0.447990,-0.043242,-0.532299,0.025392
1.013000,-2.128396,-6.699164,0.947964,0.018306,0.446510,-0.043222,-0.532352,0.025410
1.014000,-2.124064,-6.678398,0.948403,0.018272,0.445035,-0.043202,-0.532404,0.025429
1.015000,-2.122077,-6.656487,0.948856,0.018237,0.443561,-0.043183,-0.532456,0.025447
1.016000,-2.118463,-6.634960,0.949298,0.018199,0.442090,-0.043165,-0.532507,0.025465
1.017000,-2.115909,-6.611240,0.949750,0.018142,0.440621,-0.043145,-0.532557,0.025483
1.018000,-2.113536,-6.590896,0.950193,0.018121,0.439155,-0.043126,-0.532608,0.025502
1.019000,-2.110148,-6.568354,0.950634,0.018072,0.437692,-0.043107,-0.532657,0.025520
1.020000,-2.106513,-6.547137,0.951069,0.018035,0.436232,-0.043089,-0.532707,0.025538
1.021000,-2.103412,-6.524562,0.951509,0.017986,0.434775,-0.043070,-0.532756,0.025556
1.022000,-2.096851,-6.506105,0.951918,0.017964,0.433324,-0.043055,-0.532804,0.025574
1.023000,-2.093482,-6.483411,0.952352,0.017913,0.431876,-0.043038,-0.532852,0.025592
1.024000,-2.090399,-6.464478,0.952779,0.017901,0.430432,-0.043025,-0.532900,0.025610
1.025000,-2.087095,-6.442088,0.953210,0.017853,0.428990,-0.043010,-0.532947,0.025628
1.026000,-2.085491,-6.420830,0.953647,0.017823,0.427549,-0.042996,-0.532994,0.025646
1.027000,-2.083262,-6.398529,0.954081,0.017780,0.426111,-0.042981,-0.533040,0.025663
1.028000,-2.081134,-6.375587,0.954517,0.017730,0.424675,-0.042965,-0.533086,0.025681
1.029000,-2.080022,-6.354812,0.954952,0.017706,0.423239,-0.042950,-0.533132,0.025699
1.030000,-2.077121,-6.332446,0.955379,0.017658,0.421806,-0.042934,-0.533177,0.025717
1.031000,-2.076245,-6.310747,0.955815,0.017625,0.420374,-0.042918,-0.533221,0.025734
1.032000,-2.070685,-6.290164,0.956221,0.017583,0.418947,-0.042902,-0.533266,0.025752
1.033000,-2.069371,-6.268180,0.956652,0.017544,0.417521,-0.042886,-0.533309,0.025769
1.034000,-2.066538,-6.247199,0.957071,0.017509,0.416098,-0.042870,-0.533353,0.025787
1.035000,-2.065454,-6.224891,0.957502,0.017468,0.414676,-0.042854,-0.533396,0.025804
1.036000,-2.061886,-6.201969,0.957920,0.017408,0.413257,-0.042836,-0.533438,0.025822
1.037000,-2.059506,-6.182942,0.958333,0.017394,0.411840,-0.042820,-0.533480,0.025839
1.038000,-2.058035,-6.160827,0.958758,0.017352,0.410424,-0.042803,-0.533522,0.025857
1.039000,-2.056143,-6.139391,0.959177,0.017315,0.409010,-0.042786,-0.533563,0.025874
1.040000,-2.053605,-6.116946,0.959594,0.017264,0.407598,-0.042768,-0.533604,0.025891
1.041000,-2.052708,-6.096150,0.960015,0.017237,0.406187,-0.042750,-0.533644,0.025909
1.042000,-2.047913,-6.077715,0.960408,0.017217,0.404780,-0.042735,-0.533684,0.025926
1.043000,-2.046047,-6.055177,0.960825,0.017167,0.403375,-0.042718,-0.533724,0.025943
1.044000,-2.042631,-6.034565,0.961227,0.017130,0.401973,-0.042702,-0.533763,0.025960
1.045000,-2.040380,-6.013593,0.961636,0.017095,0.400573,-0.042686,-0.533802,0.025978
1.046000,-2.037500,-5.993065,0.962038,0.017060,0.399176,-0.042671,-0.533840,0.025995
1.047000,-2.032335,-5.970498,0.962431,0.016994,0.397784,-0.042654,-0.533878,0.026012
1.048000,-2.029896,-5.948102,0.962837,0.016941,0.396394,-0.042635,-0.533916,0.026029
1.049000,-2.027167,-5.929010,0.963233,0.016920,0.395006,-0.042618,-0.533953,0.026046
1.050000,-2.024626,-5.907228,0.963635,0.016872,0.393621,-0.042600,-0.533990,0.026063
1.051000,-2.020520,-5.885525,0.964027,0.016817,0.392239,-0.042581,-0.534026,0.026079
1.052000,-2.016432,-5.864857,0.964414,0.016772,0.390862,-0.042563,-0.534062,0.026096
1.053000,-2.014171,-5.845277,0.964808,0.016747,0.389486,-0.042545,-0.534097,0.026113
1.054000,-2.013653,-5.822475,0.965219,0.016695,0.388110,-0.042525,-0.534133,0.026130
1.055000,-2.010340,-5.801635,0.965607,0.016651,0.386738,-0.042505,-0.534167,0.026146
1.056000,-2.007874,-5.779690,0.966003,0.016598,0.385368,-0.042484,-0.534202,0.026163
1.057000,-2.006037,-5.756151,0.966404,0.016531,0.383999,-0.042460,-0.534236,0.026180
1.058000,-2.004299,-5.737794,0.966793,0.016517,0.382632,-0.042437,-0.534269,0.026196
1.059000,-2.003313,-5.716114,0.967192,0.016472,0.381265,-0.042414,-0.534303,0.026213
1.060000,-1.996427,-5.694830,0.967556,0.016405,0.379905,-0.042390,-0.534335,0.026229
1.061000,-1.991619,-5.674182,0.967929,0.016352,0.378549,-0.042365,-0.534368,0.026246
1.062000,-1.987338,-5.654139,0.968301,0.016307,0.377197,-0.042341,-0.534400,0.026262
1.063000,-1.982191,-5.637249,0.968660,0.016291,0.375850,-0.042321,-0.534432,0.026278
1.064000,-1.979366,-5.614704,0.969043,0.016227,0.374505,-0.042298,-0.534463,0.026294
1.065000,-1.974222,-5.596365,0.969402,0.016195,0.373166,-0.042276,-0.534494,0.026311
1.066000,-1.970593,-5.575714,0.969773,0.016145,0.371829,-0.042255,-0.534525,0.026327
1.067000,-1.967992,-5.554285,0.970150,0.016092,0.370495,-0.042231,-0.534555,0.026343
1.068000,-1.962618,-5.534128,0.970508,0.016038,0.369166,-0.042208,-0.534585,0.026359
1.069000,-1.959432,-5.512563,0.970879,0.015979,0.367839,-0.042183,-0.534614,0.026375
1.070000,-1.960666,-5.492614,0.971271,0.015955,0.366512,-0.042158,-0.534643,0.026391
1.071000,-1.957136,-5.471010,0.971639,0.015893,0.365187,-0.042132,-0.534672,0.026407
1.072000,-1.954389,-5.449603,0.972010,0.015836,0.363864,-0.042103,-0.534700,0.026423
1.073000,-1.952212,-5.429799,0.972379,0.015797,0.362544,-0.042075,-0.534728,0.026439
1.074000,-1.945477,-5.409864,0.972721,0.015736,0.361229,-0.042047,-0.534756,0.026455
1.075000,-1.942991,-5.388434,0.973090,0.015677,0.359917,-0.042017,-0.534783,0.026470
1.076000,-1.938623,-5.370861,0.973437,0.015649,0.358609,-0.041989,-0.534810,0.026486
1.077000,-1.936672,-5.351845,0.973800,0.015618,0.357302,-0.041962,-0.534837,0.026502
1.078000,-1.931869,-5.333255,0.974144,0.015578,0.355999,-0.041935,-0.534863,0.026517
1.079000,-1.929422,-5.313470,0.974503,0.015536,0.354699,-0.041909,-0.534889,0.026533
1.080000,-1.924503,-5.294169,0.974846,0.015487,0.353403,-0.041883,-0.534914,0.026548
1.081000,-1.919579,-5.276964,0.975182,0.015460,0.352112,-0.041859,-0.534939,0.026564
1.082000,-1.917586,-5.257534,0.975538,0.015423,0.350822,-0.041834,-0.534964,0.026579
1.083000,-1.912396,-5.236585,0.975879,0.015355,0.349537,-0.041809,-0.534989,0.026595
1.084000,-1.912403,-5.217865,0.976242,0.015333,0.348252,-0.041783,-0.535013,0.026610
1.085000,-1.906448,-5.198714,0.976572,0.015279,0.346972,-0.041758,-0.535037,0.026625
1.086000,-1.904202,-5.181674,0.976916,0.015264,0.345694,-0.041736,-0.535060,0.026641
1.087000,-1.900083,-5.161254,0.977256,0.015205,0.344420,-0.041711,-0.535083,0.026656
1.088000,-1.897724,-5.141524,0.977603,0.015161,0.343148,-0.041687,-0.535106,0.026671
1.089000,-1.893647,-5.122950,0.977937,0.015120,0.341880,-0.041662,-0.535128,0.026686
1.090000,-1.890051,-5.106410,0.978267,0.015103,0.340615,-0.041641,-0.535150,0.026701
1.091000,-1.888080,-5.087912,0.978609,0.015072,0.339351,-0.041619,-0.535172,0.026717
1.092000,-1.883979,-5.069233,0.978939,0.015030,0.338092,-0.041598,-0.535193,0.026732
1.093000,-1.883030,-5.048821,0.979289,0.014984,0.336833,-0.041576,-0.535215,0.026747
1.094000,-1.880602,-5.031481,0.979623,0.014963,0.335576,-0.041555,-0.535235,0.026762
1.095000,-1.876702,-5.012059,0.979952,0.014913,0.334322,-0.041533,-0.535256,0.026777
1.096000,-1.876866,-4.992039,0.980304,0.014875,0.333068,-0.041510,-0.535276,0.026792
1.097000,-1.873461,-4.974531,0.980630,0.014846,0.331818,-0.041489,-0.535295,0.026806
1.098000,-1.871447,-4.953306,0.980971,0.014785,0.330568,-0.041465,-0.535315,0.026821
1.099000,-1.869049,-4.936742,0.981297,0.014770,0.329321,-0.041443,-0.535334,0.026836
1.100000,-1.868219,-4.918505,0.981636,0.014745,0.328075,-0.041422,-0.535352,0.026851
1.101000,-1.865473,-4.898421,0.981967,0.014692,0.326831,-0.041399,-0.535371,0.026866
1.102000,-1.862505,-4.879465,0.982293,0.014650,0.325589,-0.041376,-0.535389,0.026880
1.103000,-1.860179,-4.859936,0.982623,0.014603,0.324350,-0.041352,-0.535407,0.026895
1.104000,-1.859426,-4.840914,0.982960,0.014568,0.323110,-0.041328,-0.535424,0.026910
1.105000,-1.856656,-4.823097,0.983282,0.014537,0.321874,-0.041304,-0.535441,0.026924
1.106000,-1.855937,-4.801820,0.983622,0.014478,0.320637,-0.041278,-0.535458,0.026939
1.107000,-1.851927,-4.784718,0.983934,0.014448,0.319405,-0.041253,-0.535474,0.026953
1.108000,-1.851898,-4.763924,0.984275,0.014397,0.318172,-0.041226,-0.535490,0.026968
1.109000,-1.850058,-4.745300,0.984600,0.014359,0.316940,-0.041199,-0.535506,0.026982
1.110000,-1.848667,-4.727051,0.984926,0.014327,0.315709,-0.041172,-0.535521,0.026996
1.111000,-1.844981,-4.709138,0.985237,0.014289,0.314482,-0.041145,-0.535536,0.027011
1.112000,-1.842830,-4.691072,0.985557,0.014255,0.313256,-0.041119,-0.535551,0.027025
1.113000,-1.841909,-4.671833,0.985884,0.014215,0.312031,-0.041092,-0.535565,0.027039
1.114000,-1.838681,-4.652077,0.986200,0.014158,0.310809,-0.041064,-0.535580,0.027053
1.115000,-1.835531,-4.635255,0.986507,0.014132,0.309589,-0.041037,-0.535593,0.027068
1.116000,-1.835268,-4.615364,0.986837,0.014086,0.308369,-0.041008,-0.535607,0.027082
1.117000,-1.828358,-4.598594,0.987121,0.014043,0.307156,-0.040981,-0.535620,0.027096
1.118000,-1.825405,-4.580587,0.987429,0.014005,0.305945,-0.040954,-0.535633,0.027110
1.119000,-1.826163,-4.561120,0.987760,0.013967,0.304734,-0.040926,-0.535645,0.027124
1.120000,-1.822539,-4.541578,0.988066,0.013909,0.303525,-0.040897,-0.535658,0.027138
1.121000,-1.820580,-4.524858,0.988374,0.013886,0.302318,-0.040869,-0.535670,0.027152
1.122000,-1.817611,-4.505050,0.988682,0.013827,0.301113,-0.040839,-0.535681,0.027166
1.123000,-1.813952,-4.487555,0.988980,0.013789,0.299912,-0.040810,-0.535693,0.027179
1.124000,-1.811338,-4.468416,0.989286,0.013737,0.298713,-0.040780,-0.535704,0.027193
1.125000,-1.807458,-4.451979,0.989578,0.013708,0.297517,-0.040751,-0.535714,0.027207
1.126000,-1.803404,-4.432623,0.989874,0.013647,0.296325,-0.040721,-0.535725,0.027221
1.127000,-1.797886,-4.413184,0.990161,0.013577,0.295138,-0.040689,-0.535735,0.027234
1.128000,-1.794710,-4.399421,0.990446,0.013577,0.293953,-0.040662,-0.535745,0.027248
1.129000,-1.794508,-4.378703,0.990764,0.013518,0.292769,-0.040631,-0.535754,0.027261
1.130000,-1.791954,-4.363263,0.991055,0.013502,0.291586,-0.040603,-0.535763,0.027275
1.131000,-1.786377,-4.344875,0.991334,0.013443,0.290409,-0.040574,-0.535772,0.027288
1.132000,-1.784437,-4.327680,0.991630,0.013412,0.289233,-0.040545,-0.535781,0.027302
1.133000,-1.781785,-4.309547,0.991923,0.013367,0.288060,-0.040516,-0.535789,0.027315
1.134000,-1.779100,-4.291546,0.992215,0.013323,0.286888,-0.040487,-0.535798,0.027329
1.135000,-1.776425,-4.274069,0.992504,0.013285,0.285719,-0.040458,-0.535805,0.027342
1.136000,-1.773214,-4.257044,0.992788,0.013248,0.284553,-0.040429,-0.535813,0.027355
1.137000,-1.773640,-4.240053,0.993092,0.013228,0.283386,-0.040401,-0.535820,0.027369
1.138000,-1.768894,-4.220525,0.993372,0.013158,0.282223,-0.040371,-0.535827,0.027382
1.139000,-1.767600,-4.205063,0.993660,0.013146,0.281061,-0.040342,-0.535834,0.027395
1.140000,-1.763532,-4.187563,0.993937,0.013099,0.279902,-0.040314,-0.535840,0.027408
1.141000,-1.763515,-4.170692,0.994234,0.013078,0.278743,-0.040286,-0.535846,0.027421
1.142000,-1.758931,-4.151472,0.994510,0.013011,0.277589,-0.040257,-0.535852,0.027434
1.143000,-1.755412,-4.135268,0.994783,0.012979,0.276437,-0.040228,-0.535857,0.027447
1.144000,-1.754244,-4.119069,0.995069,0.012958,0.275286,-0.040200,-0.535862,0.027460
1.145000,-1.750850,-4.102211,0.995343,0.012921,0.274139,-0.040173,-0.535867,0.027473
1.146000,-1.746871,-4.085114,0.995613,0.012878,0.272994,-0.040146,-0.535872,0.027486
1.147000,-1.748133,-4.066996,0.995913,0.012847,0.271848,-0.040118,-0.535876,0.027499
1.148000,-1.746896,-4.048448,0.996201,0.012800,0.270703,-0.040089,-0.535880,0.027512
1.149000,-1.744865,-4.031403,0.996480,0.012766,0.269560,-0.040060,-0.535884,0.027525
1.150000,-1.744940,-4.015549,0.996767,0.012753,0.268416,-0.040032,-0.535888,0.027538
1.151000,-1.743107,-3.996838,0.997049,0.012701,0.267273,-0.040003,-0.535891,0.027550
1.152000,-1.742192,-3.979877,0.997332,0.012672,0.266131,-0.039974,-0.535894,0.027563
1.153000,-1.740508,-3.964026,0.997607,0.012651,0.264990,-0.039946,-0.535897,0.027576
1.154000,-1.737705,-3.944867,0.997882,0.012590,0.263851,-0.039916,-0.535899,0.027588
1.155000,-1.740083,-3.928909,0.998179,0.012586,0.262710,-0.039887,-0.535901,0.027601
1.156000,-1.736936,-3.912185,0.998446,0.012549,0.261571,-0.039858,-0.535903,0.027614
1.157000,-1.735308,-3.893279,0.998725,0.012496,0.260434,-0.039828,-0.535904,0.027626
1.158000,-1.735823,-3.876575,0.999011,0.012475,0.259296,-0.039798,-0.535906,0.027639
1.159000,-1.735668,-3.857951,0.999297,0.012431,0.258157,-0.039767,-0.535907,0.027651
1.160000,-1.736781,-3.840303,0.999588,0.012402,0.257017,-0.039735,-0.535907,0.027663
1.161000,-1.735611,-3.824141,0.999862,0.012379,0.255877,-0.039703,-0.535908,0.027676
1.162000,-1.733729,-3.805083,1.000138,0.012323,0.254739,-0.039670,-0.535908,0.027688
1.163000,-1.734677,-3.787255,1.000427,0.012291,0.253599,-0.039637,-0.535908,0.027701
1.164000,-1.734701,-3.769515,1.000710,0.012256,0.252459,-0.039602,-0.535907,0.027713
1.165000,-1.731437,-3.752173,1.000973,0.012210,0.251322,-0.039567,-0.535906,0.027725
1.166000,-1.730200,-3.736727,1.001242,0.012193,0.250185,-0.039534,-0.535905,0.027737
1.167000,-1.729537,-3.719499,1.001517,0.012160,0.249048,-0.039501,-0.535904,0.027750
1.168000,-1.726841,-3.700856,1.001784,0.012103,0.247914,-0.039466,-0.535903,0.027762
1.169000,-1.722351,-3.683933,1.002036,0.012055,0.246784,-0.039431,-0.535901,0.027774
1.170000,-1.723132,-3.667374,1.002315,0.012035,0.245652,-0.039397,-0.535899,0.027786
1.171000,-1.719360,-3.652346,1.002565,0.012010,0.244524,-0.039365,-0.535896,0.027798
1.172000,-1.716547,-3.633246,1.002828,0.011947,0.243398,-0.039330,-0.535894,0.027810
1.173000,-1.714393,-3.616717,1.003088,0.011912,0.242273,-0.039296,-0.535891,0.027822
1.174000,-1.711414,-3.599462,1.003344,0.011867,0.241151,-0.039261,-0.535888,0.027834
1.175000,-1.709226,-3.583462,1.003601,0.011837,0.240031,-0.039227,-0.535885,0.027846
1.176000,-1.704978,-3.567414,1.003845,0.011798,0.238914,-0.039194,-0.535881,0.027857
1.177000,-1.702362,-3.549188,1.004103,0.011743,0.237800,-0.039160,-0.535877,0.027869
1.178000,-1.698798,-3.534415,1.004345,0.011720,0.236689,-0.039127,-0.535873,0.027881
1.179000,-1.694830,-3.516013,1.004593,0.011656,0.235581,-0.039093,-0.535869,0.027893
1.180000,-1.693504,-3.500480,1.004849,0.011634,0.234473,-0.039060,-0.535864,0.027904
1.181000,-1.688890,-3.481344,1.005093,0.011559,0.233370,-0.039024,-0.535859,0.027916
1.182000,-1.686227,-3.465596,1.005339,0.011527,0.232270,-0.038989,-0.535854,0.027928
1.183000,-1.683502,-3.450026,1.005583,0.011497,0.231171,-0.038955,-0.535849,0.027939
1.184000,-1.677295,-3.433890,1.005808,0.011445,0.230078,-0.038921,-0.535843,0.027951
1.185000,-1.672960,-3.417055,1.006043,0.011393,0.228989,-0.038887,-0.535837,0.027962
1.186000,-1.666822,-3.399947,1.006268,0.011330,0.227905,-0.038852,-0.535831,0.027973
1.187000,-1.661745,-3.387974,1.006485,0.011324,0.226826,-0.038822,-0.535825,0.027985
1.188000,-1.656377,-3.370151,1.006712,0.011257,0.225752,-0.038789,-0.535819,0.027996
1.189000,-1.650741,-3.358214,1.006923,0.011248,0.224683,-0.038761,-0.535812,0.028007
1.190000,-1.643903,-3.343311,1.007131,0.011204,0.223621,-0.038734,-0.535805,0.028019
1.191000,-1.636600,-3.325513,1.007342,0.011127,0.222565,-0.038705,-0.535798,0.028030
1.192000,-1.632473,-3.312241,1.007559,0.011110,0.221513,-0.038679,-0.535790,0.028041
1.193000,-1.626277,-3.296491,1.007769,0.011058,0.220467,-0.038653,-0.535783,0.028052
1.194000,-1.617122,-3.282472,1.007956,0.011010,0.219430,-0.038628,-0.535775,0.028063
1.195000,-1.610991,-3.266855,1.008161,0.010958,0.218398,-0.038604,-0.535767,0.028074
1.196000,-1.603718,-3.252956,1.008355,0.010918,0.217374,-0.038581,-0.535759,0.028085
1.197000,-1.598685,-3.239214,1.008559,0.010890,0.216354,-0.038559,-0.535751,0.028096
1.198000,-1.592007,-3.224399,1.008754,0.010843,0.215340,-0.038539,-0.535742,0.028107
1.199000,-1.586679,-3.208761,1.008957,0.010792,0.214332,-0.038517,-0.535733,0.028118
1.200000,-2.010476,-3.069191,1.009148,0.010764,0.212899,-0.038371,-0.535725,0.028128
1.201000,-1.989154,-3.056322,1.009351,0.010696,0.211485,-0.038234,-0.535715,0.028139
1.202000,-1.968957,-3.046058,1.009548,0.010661,0.210090,-0.038108,-0.535706,0.028150
1.203000,-1.949496,-3.037158,1.009742,0.010644,0.208712,-0.037994,-0.535697,0.028161
1.204000,-1.931598,-3.024763,1.009947,0.010600,0.207350,-0.037888,-0.535687,0.028171
1.205000,-1.909856,-3.011497,1.010129,0.010530,0.206009,-0.037789,-0.535677,0.028182
1.206000,-1.893898,-3.001056,1.010331,0.010515,0.204682,-0.037700,-0.535667,0.028192
1.207000,-1.877168,-2.987366,1.010532,0.010463,0.203370,-0.037617,-0.535656,0.028203
1.208000,-1.861568,-2.975025,1.010733,0.010431,0.202073,-0.037542,-0.535646,0.028213
1.209000,-1.844969,-2.961926,1.010926,0.010387,0.200791,-0.037473,-0.535635,0.028224
1.210000,-1.826879,-2.949842,1.011103,0.010346,0.199526,-0.037411,-0.535624,0.028234
1.211000,-1.812347,-2.938133,1.011295,0.010326,0.198275,-0.037356,-0.535613,0.028244
1.212000,-1.796333,-2.923266,1.011483,0.010266,0.197039,-0.037305,-0.535602,0.028255
1.213000,-1.784126,-2.911003,1.011682,0.010250,0.195814,-0.037260,-0.535590,0.028265
1.214000,-1.768044,-2.896542,1.011861,0.010193,0.194605,-0.037220,-0.535579,0.028275
1.215000,-1.752371,-2.883092,1.012037,0.010148,0.193411,-0.037184,-0.535567,0.028285
1.216000,-1.739035,-2.870567,1.012219,0.010123,0.192230,-0.037153,-0.535555,0.028296
1.217000,-1.729287,-2.855814,1.012423,0.010091,0.191058,-0.037125,-0.535543,0.028306
1.218000,-1.715687,-2.840540,1.012605,0.010035,0.189899,-0.037100,-0.535530,0.028316
1.219000,-1.703764,-2.826047,1.012790,0.009994,0.188752,-0.037078,-0.535518,0.028326
1.220000,-1.691559,-2.812577,1.012969,0.009962,0.187616,-0.037059,-0.535505,0.028336
1.221000,-1.680273,-2.798533,1.013151,0.009927,0.186492,-0.037043,-0.535492,0.028346
1.222000,-1.669607,-2.784738,1.013333,0.009897,0.185378,-0.037031,-0.535479,0.028356
1.223000,-1.657989,-2.769013,1.013512,0.009842,0.184276,-0.037019,-0.535465,0.028366
1.224000,-1.648416,-2.753316,1.013699,0.009796,0.183182,-0.037008,-0.535452,0.028375
1.225000,-1.638978,-2.739300,1.013881,0.009766,0.182099,-0.037000,-0.535438,0.028385
1.226000,-1.627826,-2.725265,1.014050,0.009728,0.181026,-0.036994,-0.535424,0.028395
1.227000,-1.620819,-2.711113,1.014240,0.009707,0.179960,-0.036989,-0.535410,0.028405
1.228000,-1.609353,-2.695327,1.014407,0.009647,0.178905,-0.036985,-0.535396,0.028414
1.229000,-1.602953,-2.680657,1.014598,0.009621,0.177857,-0.036982,-0.535382,0.028424
1.230000,-1.594364,-2.664710,1.014777,0.009571,0.176817,-0.036979,-0.535367,0.028434
1.231000,-1.585508,-2.649968,1.014950,0.009531,0.175787,-0.036977,-0.535352,0.028443
1.232000,-1.576759,-2.635663,1.015120,0.009495,0.174765,-0.036976,-0.535337,0.028453
1.233000,-1.568065,-2.620345,1.015290,0.009448,0.173751,-0.036975,-0.535322,0.028462
1.234000,-1.560983,-2.606733,1.015464,0.009424,0.172745,-0.036975,-0.535307,0.028472
1.235000,-1.555118,-2.591148,1.015647,0.009385,0.171744,-0.036975,-0.535291,0.028481
1.236000,-1.546056,-2.576802,1.015807,0.009344,0.170753,-0.036976,-0.535276,0.028491
1.237000,-1.538960,-2.561243,1.015980,0.009297,0.169769,-0.036976,-0.535260,0.028500
1.238000,-1.529726,-2.546810,1.016135,0.009251,0.168793,-0.036976,-0.535244,0.028509
1.239000,-1.523961,-2.531924,1.016310,0.009215,0.167824,-0.036976,-0.535228,0.028518
1.240000,-1.517266,-2.517900,1.016475,0.009182,0.166861,-0.036976,-0.535212,0.028528
1.241000,-1.510587,-2.503368,1.016640,0.009144,0.165906,-0.036977,-0.535195,0.028537
1.242000,-1.503507,-2.487001,1.016805,0.009083,0.164957,-0.036975,-0.535178,0.028546
1.243000,-1.496635,-2.473776,1.016963,0.009055,0.164015,-0.036975,-0.535162,0.028555
1.244000,-1.490105,-2.459334,1.017123,0.009014,0.163079,-0.036974,-0.535145,0.028564
1.245000,-1.485023,-2.443844,1.017293,0.008968,0.162149,-0.036971,-0.535128,0.028573
1.246000,-1.478424,-2.429116,1.017450,0.008922,0.161225,-0.036968,-0.535110,0.028582
1.247000,-1.473058,-2.415568,1.017611,0.008893,0.160306,-0.036966,-0.535093,0.028591
1.248000,-1.468894,-2.401483,1.017778,0.008862,0.159392,-0.036962,-0.535075,0.028600
1.249000,-1.460495,-2.386403,1.017922,0.008801,0.158486,-0.036958,-0.535057,0.028609
1.250000,-1.455963,-2.373507,1.018081,0.008779,0.157584,-0.036954,-0.535040,0.028618
1.251000,-1.449488,-2.360028,1.018229,0.008742,0.156689,-0.036950,-0.535021,0.028626
1.252000,-1.442384,-2.345488,1.018375,0.008689,0.155801,-0.036946,-0.535003,0.028635
1.253000,-1.437265,-2.332103,1.018527,0.008657,0.154918,-0.036941,-0.534985,0.028644
1.254000,-1.433262,-2.317904,1.018686,0.008620,0.154039,-0.036935,-0.534966,0.028652
1.255000,-1.427910,-2.303746,1.018837,0.008576,0.153165,-0.036928,-0.534948,0.028661
1.256000,-1.422461,-2.288699,1.018987,0.008522,0.152296,-0.036919,-0.534929,0.028670
1.257000,-1.417172,-2.275977,1.019132,0.008491,0.151433,-0.036911,-0.534910,0.028678
1.258000,-1.411238,-2.263647,1.019271,0.008460,0.150575,-0.036903,-0.534891,0.028687
1.259000,-1.405288,-2.247696,1.019417,0.008391,0.149724,-0.036892,-0.534871,0.028695
1.260000,-1.403309,-2.235477,1.019575,0.008377,0.148874,-0.036882,-0.534852,0.028703
1.261000,-1.399684,-2.223189,1.019723,0.008355,0.148027,-0.036872,-0.534832,0.028712
1.262000,-1.394491,-2.208812,1.019867,0.008303,0.147186,-0.036860,-0.534813,0.028720
1.263000,-1.389341,-2.194123,1.020010,0.008247,0.146349,-0.036846,-0.534793,0.028728
1.264000,-1.385169,-2.182408,1.020150,0.008225,0.145517,-0.036834,-0.534773,0.028737
1.265000,-1.380176,-2.171038,1.020284,0.008202,0.144689,-0.036822,-0.534753,0.028745
1.266000,-1.379000,-2.156475,1.020446,0.008164,0.143863,-0.036808,-0.534732,0.028753
1.267000,-1.375735,-2.140777,1.020598,0.008103,0.143039,-0.036791,-0.534712,0.028761
1.268000,-1.370968,-2.129626,1.020731,0.008081,0.142220,-0.036775,-0.534691,0.028769
1.269000,-1.367190,-2.117149,1.020870,0.008049,0.141404,-0.036759,-0.534671,0.028777
1.270000,-1.365514,-2.102091,1.021027,0.008000,0.140590,-0.036740,-0.534650,0.028786
1.271000,-1.363144,-2.089129,1.021175,0.007968,0.139778,-0.036720,-0.534629,0.028794
1.272000,-1.357901,-2.076865,1.021304,0.007930,0.138971,-0.036700,-0.534608,0.028801
1.273000,-1.354553,-2.065421,1.021440,0.007908,0.138167,-0.036681,-0.534586,0.028809
1.274000,-1.350512,-2.052005,1.021576,0.007862,0.137367,-0.036661,-0.534565,0.028817
1.275000,-1.348975,-2.038365,1.021726,0.007824,0.136568,-0.036638,-0.534543,0.028825
1.276000,-1.345306,-2.027126,1.021858,0.007801,0.135772,-0.036617,-0.534522,0.028833
1.277000,-1.340781,-2.014326,1.021988,0.007757,0.134980,-0.036595,-0.534500,0.028841
1.278000,-1.336735,-2.001339,1.022119,0.007712,0.134193,-0.036571,-0.534478,0.028849
1.279000,-1.333705,-1.990149,1.022252,0.007690,0.133407,-0.036549,-0.534456,0.028856
1.280000,-1.331389,-1.977762,1.022390,0.007659,0.132624,-0.036525,-0.534433,0.028864
1.281000,-1.326284,-1.965657,1.022511,0.007617,0.131846,-0.036502,-0.534411,0.028872
1.282000,-1.325616,-1.951905,1.022660,0.007577,0.131068,-0.036476,-0.534388,0.028879
1.283000,-1.322781,-1.940789,1.022791,0.007555,0.130292,-0.036451,-0.534366,0.028887
1.284000,-1.321015,-1.928521,1.022929,0.007525,0.129518,-0.036425,-0.534343,0.028894
1.285000,-1.318012,-1.915802,1.023061,0.007484,0.128746,-0.036398,-0.534320,0.028902
1.286000,-1.314439,-1.905513,1.023183,0.007465,0.127978,-0.036372,-0.534297,0.028909
1.287000,-1.311625,-1.893080,1.023314,0.007427,0.127212,-0.036346,-0.534274,0.028917
1.288000,-1.308469,-1.879792,1.023444,0.007379,0.126448,-0.036317,-0.534250,0.028924
1.289000,-1.306440,-1.866942,1.023579,0.007338,0.125687,-0.036287,-0.534227,0.028932
1.290000,-1.303415,-1.856358,1.023702,0.007317,0.124928,-0.036258,-0.534203,0.028939
1.291000,-1.298934,-1.844090,1.023820,0.007270,0.124173,-0.036229,-0.534180,0.028946
1.292000,-1.297292,-1.832784,1.023951,0.007246,0.123419,-0.036199,-0.534156,0.028954
1.293000,-1.294531,-1.823161,1.024070,0.007235,0.122667,-0.036171,-0.534132,0.028961
1.294000,-1.290308,-1.810036,1.024190,0.007180,0.121919,-0.036141,-0.534108,0.028968
1.295000,-1.288698,-1.799296,1.024317,0.007161,0.121173,-0.036111,-0.534084,0.028975
1.296000,-1.283888,-1.788159,1.024427,0.007123,0.120431,-0.036082,-0.534059,0.028982
1.297000,-1.282122,-1.775063,1.024557,0.007078,0.119690,-0.036050,-0.534035,0.028990
1.298000,-1.280315,-1.762653,1.024686,0.007039,0.118950,-0.036018,-0.534010,0.028997
1.299000,-1.277467,-1.750088,1.024808,0.006993,0.118213,-0.035984,-0.533986,0.029004
1.300000,-1.276977,-1.740709,1.024936,0.006990,0.117476,-0.035951,-0.533961,0.029011
1.301000,-1.275475,-1.728231,1.025064,0.006951,0.116740,-0.035917,-0.533936,0.029018
1.302000,-1.272795,-1.715898,1.025186,0.006907,0.116005,-0.035882,-0.533911,0.029025
1.303000,-1.270393,-1.705643,1.025303,0.006886,0.115273,-0.035848,-0.533886,0.029032
1.304000,-1.267853,-1.692313,1.025427,0.006831,0.114543,-0.035811,-0.533860,0.029038
1.305000,-1.267147,-1.681553,1.025554,0.006811,0.113813,-0.035774,-0.533835,0.029045
1.306000,-1.264686,-1.668221,1.025677,0.006756,0.113085,-0.035735,-0.533809,0.029052
1.307000,-1.263841,-1.659847,1.025797,0.006760,0.112357,-0.035699,-0.533784,0.029059
1.308000,-1.261097,-1.646983,1.025916,0.006708,0.111632,-0.035660,-0.533758,0.029066
1.309000,-1.258603,-1.634801,1.026035,0.006664,0.110908,-0.035621,-0.533732,0.029072
1.310000,-1.254655,-1.623778,1.026142,0.006624,0.110188,-0.035581,-0.533706,0.029079
1.311000,-1.253873,-1.613365,1.026264,0.006605,0.109467,-0.035541,-0.533680,0.029086
1.312000,-1.250655,-1.602135,1.026375,0.006566,0.108750,-0.035502,-0.533654,0.029092
1.313000,-1.248274,-1.592228,1.026486,0.006544,0.108034,-0.035462,-0.533627,0.029099
1.314000,-1.246237,-1.580957,1.026602,0.006509,0.107320,-0.035423,-0.533601,0.029105
1.315000,-1.243232,-1.569899,1.026711,0.006472,0.106608,-0.035383,-0.533574,0.029112
1.316000,-1.240911,-1.558527,1.026825,0.006435,0.105898,-0.035342,-0.533547,0.029118
1.317000,-1.240785,-1.548128,1.026948,0.006417,0.105187,-0.035302,-0.533520,0.029125
1.318000,-1.237623,-1.535327,1.027059,0.006360,0.104479,-0.035260,-0.533494,0.029131
1.319000,-1.235624,-1.524558,1.027172,0.006329,0.103772,-0.035217,-0.533466,0.029138
1.320000,-1.234373,-1.513101,1.027290,0.006294,0.103066,-0.035174,-0.533439,0.029144
1.321000,-1.232414,-1.503481,1.027399,0.006274,0.102361,-0.035131,-0.533412,0.029150
1.322000,-1.228651,-1.492637,1.027500,0.006233,0.101660,-0.035088,-0.533385,0.029156
1.323000,-1.228765,-1.482746,1.027620,0.006220,0.100957,-0.035046,-0.533357,0.029163
1.324000,-1.222753,-1.470817,1.027710,0.006157,0.100260,-0.035003,-0.533329,0.029169
1.325000,-1.222806,-1.459682,1.027832,0.006130,0.099562,-0.034958,-0.533302,0.029175
1.326000,-1.221321,-1.448911,1.027944,0.006099,0.098866,-0.034914,-0.533274,0.029181
1.327000,-1.221485,-1.436212,1.028070,0.006055,0.098168,-0.034867,-0.533246,0.029187
1.328000,-1.217792,-1.426680,1.028166,0.006026,0.097473,-0.034821,-0.533218,0.029193
1.329000,-1.214562,-1.415137,1.028268,0.005978,0.096781,-0.034774,-0.533190,0.029199
1.330000,-1.214840,-1.406390,1.028384,0.005975,0.096088,-0.034729,-0.533161,0.029205
1.331000,-1.211182,-1.396065,1.028480,0.005937,0.095397,-0.034684,-0.533133,0.029211
1.332000,-1.209010,-1.384896,1.028586,0.005898,0.094708,-0.034638,-0.533105,0.029217
1.333000,-1.207975,-1.373638,1.028699,0.005862,0.094020,-0.034591,-0.533076,0.029223
1.334000,-1.207419,-1.362852,1.028813,0.005833,0.093332,-0.034543,-0.533047,0.029229
1.335000,-1.205736,-1.353046,1.028918,0.005809,0.092644,-0.034496,-0.533018,0.029235
1.336000,-1.205161,-1.340838,1.029034,0.005765,0.091956,-0.034447,-0.532989,0.029241
1.337000,-1.203360,-1.329169,1.029142,0.005720,0.091270,-0.034397,-0.532960,0.029246
1.338000,-1.201114,-1.319923,1.029242,0.005698,0.090584,-0.034348,-0.532931,0.029252
1.339000,-1.200044,-1.308623,1.029352,0.005660,0.089900,-0.034298,-0.532902,0.029258
1.340000,-1.195853,-1.299362,1.029440,0.005628,0.089218,-0.034249,-0.532873,0.029264
1.341000,-1.194364,-1.287774,1.029548,0.005585,0.088538,-0.034198,-0.532843,0.029269
1.342000,-1.191944,-1.277937,1.029646,0.005555,0.087859,-0.034148,-0.532814,0.029275
1.343000,-1.187917,-1.266464,1.029738,0.005500,0.087183,-0.034097,-0.532784,0.029280
1.344000,-1.186262,-1.257336,1.029837,0.005480,0.086508,-0.034046,-0.532754,0.029286
1.345000,-1.185751,-1.247947,1.029943,0.005463,0.085833,-0.033997,-0.532724,0.029291
1.346000,-1.184771,-1.237796,1.030048,0.005436,0.085158,-0.033947,-0.532694,0.029297
1.347000,-1.181677,-1.225779,1.030145,0.005380,0.084486,-0.033895,-0.532664,0.029302
1.348000,-1.180133,-1.216837,1.030243,0.005361,0.083814,-0.033845,-0.532634,0.029308
1.349000,-1.177565,-1.206781,1.030338,0.005327,0.083144,-0.033795,-0.532604,0.029313
1.350000,-1.175247,-1.196389,1.030434,0.005290,0.082476,-0.033744,-0.532574,0.029318
1.351000,-1.171626,-1.187134,1.030519,0.005259,0.081810,-0.033694,-0.532543,0.029324
1.352000,-1.168198,-1.175284,1.030611,0.005201,0.081148,-0.033642,-0.532513,0.029329
1.353000,-1.166443,-1.165840,1.030706,0.005176,0.080486,-0.033590,-0.532482,0.029334
1.354000,-1.163396,-1.156667,1.030793,0.005147,0.079826,-0.033540,-0.532451,0.029339
1.355000,-1.161418,-1.146172,1.030888,0.005109,0.079168,-0.033489,-0.532420,0.029344
1.356000,-1.159771,-1.136252,1.030983,0.005078,0.078510,-0.033437,-0.532390,0.029349
1.357000,-1.154825,-1.125011,1.031063,0.005018,0.077857,-0.033385,-0.532359,0.029354
1.358000,-1.154880,-1.115142,1.031166,0.004995,0.077203,-0.033332,-0.532327,0.029359
1.359000,-1.153602,-1.105352,1.031262,0.004966,0.076549,-0.033279,-0.532296,0.029364
1.360000,-1.150397,-1.095021,1.031348,0.004923,0.075898,-0.033226,-0.532265,0.029369
1.361000,-1.146135,-1.086514,1.031423,0.004893,0.075251,-0.033174,-0.532234,0.029374
1.362000,-1.143597,-1.078768,1.031504,0.004879,0.074605,-0.033124,-0.532202,0.029379
1.363000,-1.140126,-1.067403,1.031589,0.004824,0.073961,-0.033072,-0.532171,0.029384
1.364000,-1.137994,-1.057476,1.031677,0.004788,0.073319,-0.033021,-0.532139,0.029389
1.365000,-1.137166,-1.048216,1.031771,0.004766,0.072677,-0.032969,-0.532107,0.029394
1.366000,-1.133544,-1.038004,1.031850,0.004720,0.072038,-0.032917,-0.532076,0.029399
1.367000,-1.129047,-1.029041,1.031921,0.004683,0.071403,-0.032865,-0.532044,0.029403
1.368000,-1.126270,-1.018916,1.032004,0.004642,0.070770,-0.032813,-0.532012,0.029408
1.369000,-1.122792,-1.009431,1.032080,0.004603,0.070139,-0.032761,-0.531980,0.029413
1.370000,-1.121391,-1.000747,1.032166,0.004583,0.069509,-0.032710,-0.531948,0.029417
1.371000,-1.119004,-0.991912,1.032246,0.004556,0.068881,-0.032659,-0.531916,0.029422
1.372000,-1.114283,-0.983125,1.032312,0.004519,0.068257,-0.032609,-0.531883,0.029426
1.373000,-1.111353,-0.973426,1.032390,0.004480,0.067634,-0.032558,-0.531851,0.029431
1.374000,-1.105529,-0.965823,1.032445,0.004449,0.067017,-0.032510,-0.531819,0.029435
1.375000,-1.101933,-0.953532,1.032523,0.004379,0.066403,-0.032458,-0.531786,0.029440
1.376000,-1.098500,-0.946824,1.032588,0.004367,0.065791,-0.032409,-0.531754,0.029444
1.377000,-1.093541,-0.935991,1.032654,0.004306,0.065184,-0.032358,-0.531721,0.029448
1.378000,-1.090003,-0.930850,1.032713,0.004309,0.064579,-0.032311,-0.531688,0.029453
1.379000,-1.086710,-0.919407,1.032787,0.004249,0.063977,-0.032262,-0.531656,0.029457
1.380000,-1.083817,-0.909967,1.032858,0.004210,0.063377,-0.032212,-0.531623,0.029461
1.381000,-1.078399,-0.902440,1.032910,0.004178,0.062782,-0.032164,-0.531590,0.029466
1.382000,-1.075290,-0.891951,1.032981,0.004127,0.062189,-0.032114,-0.531557,0.029470
1.383000,-1.071941,-0.885850,1.033040,0.004119,0.061599,-0.032067,-0.531524,0.029474
1.384000,-1.069476,-0.875993,1.033112,0.004077,0.061011,-0.032019,-0.531491,0.029478
1.385000,-1.065412,-0.867764,1.033170,0.004044,0.060425,-0.031972,-0.531458,0.029482
1.386000,-1.061774,-0.857659,1.033234,0.003993,0.059843,-0.031923,-0.531425,0.029486
1.387000,-1.057947,-0.849505,1.033292,0.003960,0.059264,-0.031875,-0.531392,0.029490
1.388000,-1.054070,-0.841617,1.033348,0.003930,0.058688,-0.031827,-0.531358,0.029494
1.389000,-1.049027,-0.832944,1.033399,0.003886,0.058117,-0.031780,-0.531325,0.029498
1.390000,-1.044214,-0.824876,1.033449,0.003848,0.057549,-0.031733,-0.531292,0.029502
1.391000,-1.039064,-0.817571,1.033493,0.003817,0.056986,-0.031688,-0.531258,0.029506
1.392000,-1.036025,-0.808210,1.033554,0.003774,0.056425,-0.031641,-0.531225,0.029509
1.393000,-1.029833,-0.801582,1.033589,0.003744,0.055870,-0.031596,-0.531191,0.029513
1.394000,-1.027857,-0.793739,1.033650,0.003720,0.055316,-0.031552,-0.531158,0.029517
1.395000,-1.022400,-0.784713,1.033694,0.003668,0.054767,-0.031507,-0.531124,0.029521
1.396000,-1.019699,-0.777556,1.033748,0.003648,0.054220,-0.031463,-0.531090,0.029524
1.397000,-1.014600,-0.769390,1.033790,0.003605,0.053677,-0.031419,-0.531056,0.029528
1.398000,-1.009613,-0.760259,1.033834,0.003553,0.053139,-0.031374,-0.531023,0.029532
1.399000,-1.005844,-0.750774,1.033885,0.003502,0.052604,-0.031328,-0.530989,0.029535
1.400000,-1.003324,-0.744717,1.033934,0.003491,0.052070,-0.031283,-0.530955,0.029539
1.401000,-1.000436,-0.737691,1.033983,0.003469,0.051539,-0.031240,-0.530921,0.029542
1.402000,-0.997412,-0.729332,1.034033,0.003432,0.051010,-0.031196,-0.530887,0.029546
1.403000,-0.994124,-0.720471,1.034083,0.003388,0.050484,-0.031152,-0.530853,0.029549
1.404000,-0.989007,-0.712995,1.034118,0.003350,0.049962,-0.031107,-0.530819,0.029552
1.405000,-0.986980,-0.705335,1.034170,0.003323,0.049442,-0.031063,-0.530785,0.029556
1.406000,-0.982915,-0.698079,1.034210,0.003292,0.048925,-0.031020,-0.530751,0.029559
1.407000,-0.978996,-0.690134,1.034251,0.003253,0.048411,-0.030976,-0.530716,0.029562
1.408000,-0.976176,-0.681477,1.034299,0.003211,0.047900,-0.030931,-0.530682,0.029566
1.409000,-0.973625,-0.675612,1.034341,0.003199,0.047390,-0.030888,-0.530648,0.029569
1.410000,-0.968621,-0.668005,1.034373,0.003158,0.046885,-0.030846,-0.530614,0.029572
1.411000,-0.964727,-0.658518,1.034416,0.003102,0.046383,-0.030801,-0.530579,0.029575
1.412000,-0.961359,-0.651503,1.034454,0.003073,0.045883,-0.030757,-0.530545,0.029578
1.413000,-0.958838,-0.644740,1.034496,0.003050,0.045386,-0.030713,-0.530510,0.029581
1.414000,-0.954587,-0.637392,1.034529,0.003014,0.044892,-0.030670,-0.530476,0.029584
1.415000,-0.951014,-0.629634,1.034566,0.002975,0.044401,-0.030626,-0.530441,0.029587
1.416000,-0.949002,-0.620851,1.034614,0.002933,0.043912,-0.030581,-0.530407,0.029590
1.417000,-0.947669,-0.613537,1.034662,0.002908,0.043423,-0.030536,-0.530372,0.029593
1.418000,-0.942312,-0.606679,1.034685,0.002869,0.042938,-0.030491,-0.530338,0.029596
1.419000,-0.942259,-0.600114,1.034737,0.002858,0.042453,-0.030447,-0.530303,0.029599
1.420000,-0.937535,-0.592225,1.034766,0.002811,0.041973,-0.030402,-0.530268,0.029602
1.421000,-0.934126,-0.586369,1.034796,0.002791,0.041494,-0.030359,-0.530233,0.029605
1.422000,-0.931804,-0.577382,1.034840,0.002743,0.041018,-0.030314,-0.530199,0.029607
1.423000,-0.930035,-0.570182,1.034881,0.002716,0.040543,-0.030269,-0.530164,0.029610
1.424000,-0.926239,-0.562044,1.034914,0.002669,0.040071,-0.030223,-0.530129,0.029613
1.425000,-0.922188,-0.553630,1.034945,0.002617,0.039602,-0.030176,-0.530094,0.029616
1.426000,-0.921612,-0.546626,1.034991,0.002595,0.039133,-0.030128,-0.530059,0.029618
1.427000,-0.920321,-0.540606,1.035031,0.002581,0.038664,-0.030082,-0.530024,0.029621
1.428000,-0.917455,-0.534411,1.035063,0.002557,0.038198,-0.030036,-0.529989,0.029623
1.429000,-0.914791,-0.526743,1.035098,0.002519,0.037734,-0.029990,-0.529954,0.029626
1.430000,-0.912795,-0.518368,1.035139,0.002476,0.037271,-0.029942,-0.529919,0.029628
1.431000,-0.908749,-0.509885,1.035167,0.002422,0.036811,-0.029893,-0.529884,0.029631
1.432000,-0.906270,-0.503282,1.035200,0.002393,0.036353,-0.029844,-0.529849,0.029633
1.433000,-0.904574,-0.496055,1.035238,0.002362,0.035896,-0.029795,-0.529813,0.029636
1.434000,-0.901604,-0.489004,1.035268,0.002326,0.035442,-0.029746,-0.529778,0.029638
1.435000,-0.899712,-0.483457,1.035301,0.002311,0.034988,-0.029697,-0.529743,0.029640
1.436000,-0.896586,-0.475693,1.035331,0.002267,0.034537,-0.029648,-0.529708,0.029643
1.437000,-0.893130,-0.467129,1.035360,0.002213,0.034089,-0.029597,-0.529672,0.029645
1.438000,-0.892635,-0.464141,1.035393,0.002229,0.033640,-0.029550,-0.529637,0.029647
1.439000,-0.887977,-0.456727,1.035412,0.002181,0.033195,-0.029502,-0.529601,0.029649
1.440000,-0.886388,-0.448183,1.035451,0.002135,0.032751,-0.029453,-0.529566,0.029652
1.441000,-0.885402,-0.443604,1.035483,0.002133,0.032308,-0.029405,-0.529531,0.029654
1.442000,-0.881784,-0.436345,1.035507,0.002090,0.031867,-0.029357,-0.529495,0.029656
1.443000,-0.878755,-0.429283,1.035533,0.002052,0.031429,-0.029308,-0.529460,0.029658
1.444000,-0.876620,-0.421183,1.035566,0.002007,0.030992,-0.029258,-0.529424,0.029660
1.445000,-0.873779,-0.416705,1.035586,0.001996,0.030557,-0.029209,-0.529389,0.029662
1.446000,-0.870026,-0.408626,1.035609,0.001943,0.030125,-0.029160,-0.529353,0.029664
1.447000,-0.870139,-0.405282,1.035642,0.001956,0.029692,-0.029113,-0.529317,0.029666
1.448000,-0.865330,-0.394915,1.035663,0.001875,0.029264,-0.029063,-0.529282,0.029668
1.449000,-0.863981,-0.388188,1.035696,0.001846,0.028836,-0.029012,-0.529246,0.029670
1.450000,-0.862235,-0.381541,1.035725,0.001816,0.028408,-0.028961,-0.529210,0.029672
1.451000,-0.858564,-0.375016,1.035743,0.001777,0.027984,-0.028910,-0.529175,0.029673
1.452000,-0.858049,-0.368227,1.035779,0.001750,0.027560,-0.028858,-0.529139,0.029675
1.453000,-0.855074,-0.361950,1.035799,0.001717,0.027138,-0.028807,-0.529103,0.029677
1.454000,-0.851728,-0.356705,1.035815,0.001693,0.026718,-0.028756,-0.529067,0.029679
1.455000,-0.849469,-0.348659,1.035843,0.001645,0.026300,-0.028704,-0.529031,0.029680
1.456000,-0.846996,-0.341956,1.035866,0.001608,0.025884,-0.028652,-0.528996,0.029682
1.457000,-0.844749,-0.335854,1.035889,0.001579,0.025469,-0.028599,-0.528960,0.029684
1.458000,-0.841996,-0.328972,1.035910,0.001539,0.025056,-0.028546,-0.528924,0.029685
1.459000,-0.840321,-0.323226,1.035934,0.001516,0.024643,-0.028494,-0.528888,0.029687
1.460000,-0.838858,-0.317149,1.035960,0.001490,0.024232,-0.028441,-0.528852,0.029688
1.461000,-0.836297,-0.311181,1.035980,0.001460,0.023822,-0.028389,-0.528816,0.029690
1.462000,-0.834573,-0.303686,1.036007,0.001417,0.023414,-0.028335,-0.528780,0.029691
1.463000,-0.831754,-0.297705,1.036024,0.001385,0.023007,-0.028282,-0.528744,0.029693
1.464000,-0.832061,-0.289109,1.036065,0.001340,0.022599,-0.028226,-0.528708,0.029694
1.465000,-0.829616,-0.284647,1.036081,0.001325,0.022193,-0.028171,-0.528672,0.029695
1.466000,-0.827241,-0.277961,1.036102,0.001287,0.021788,-0.028117,-0.528636,0.029697
1.467000,-0.825601,-0.272645,1.036124,0.001266,0.021384,-0.028062,-0.528600,0.029698
1.468000,-0.824676,-0.267904,1.036148,0.001255,0.020981,-0.028009,-0.528564,0.029699
1.469000,-0.821513,-0.261307,1.036163,0.001214,0.020579,-0.027956,-0.528528,0.029700
1.470000,-0.819626,-0.253925,1.036187,0.001171,0.020179,-0.027901,-0.528491,0.029702
1.471000,-0.817450,-0.246785,1.036209,0.001129,0.019780,-0.027845,-0.528455,0.029703
1.472000,-0.814617,-0.239752,1.036227,0.001083,0.019383,-0.027788,-0.528419,0.029704
1.473000,-0.813401,-0.234768,1.036248,0.001066,0.018986,-0.027732,-0.528383,0.029705
1.474000,-0.810147,-0.229037,1.036259,0.001032,0.018592,-0.027677,-0.528347,0.029706
1.475000,-0.806470,-0.223851,1.036267,0.001002,0.018201,-0.027622,-0.528310,0.029707
1.476000,-0.806275,-0.216628,1.036298,0.000966,0.017809,-0.027565,-0.528274,0.029708
1.477000,-0.804422,-0.211244,1.036315,0.000942,0.017418,-0.027509,-0.528238,0.029709
1.478000,-0.802944,-0.207028,1.036332,0.000931,0.017028,-0.027455,-0.528201,0.029710
1.479000,-0.801627,-0.200246,1.036355,0.000895,0.016638,-0.027400,-0.528165,0.029711
1.480000,-0.799905,-0.195451,1.036372,0.000877,0.016249,-0.027346,-0.528129,0.029712
1.481000,-0.797766,-0.188558,1.036390,0.000836,0.015861,-0.027291,-0.528092,0.029713
1.482000,-0.794479,-0.179576,1.036407,0.000767,0.015476,-0.027232,-0.528056,0.029713
1.483000,-0.793543,-0.176350,1.036423,0.000768,0.015091,-0.027177,-0.528020,0.029714
1.484000,-0.790814,-0.171068,1.036434,0.000739,0.014708,-0.027121,-0.527983,0.029715
1.485000,-0.788970,-0.164926,1.036451,0.000706,0.014326,-0.027066,-0.527947,0.029716
1.486000,-0.786728,-0.158042,1.036468,0.000663,0.013945,-0.027009,-0.527910,0.029716
1.487000,-0.783759,-0.153118,1.036475,0.000637,0.013567,-0.026953,-0.527874,0.029717
1.488000,-0.783337,-0.149683,1.036493,0.000637,0.013188,-0.026899,-0.527837,0.029718
1.489000,-0.781418,-0.141682,1.036513,0.000584,0.012810,-0.026843,-0.527801,0.029718
1.490000,-0.778281,-0.134445,1.036525,0.000533,0.012434,-0.026785,-0.527764,0.029719
1.491000,-0.777129,-0.129200,1.036542,0.000510,0.012059,-0.026728,-0.527728,0.029719
1.492000,-0.775743,-0.123369,1.036560,0.000481,0.011684,-0.026670,-0.527691,0.029720
1.493000,-0.773282,-0.119579,1.036566,0.000467,0.011311,-0.026615,-0.527655,0.029720
1.494000,-0.772757,-0.111286,1.036594,0.000416,0.010937,-0.026556,-0.527618,0.029721
1.495000,-0.771436,-0.105366,1.036611,0.000385,0.010564,-0.026497,-0.527581,0.029721
1.496000,-0.768159,-0.099658,1.036617,0.000348,0.010193,-0.026439,-0.527545,0.029722
1.497000,-0.767174,-0.094782,1.036634,0.000329,0.009823,-0.026381,-0.527508,0.029722
1.498000,-0.764877,-0.087001,1.036649,0.000274,0.009453,-0.026320,-0.527472,0.029722
1.499000,-0.761495,-0.082965,1.036650,0.000252,0.009087,-0.026261,-0.527435,0.029723
1.500000,-0.781900,-0.065113,1.036669,0.000225,0.008699,-0.026190,-0.527398,0.029723
1.501000,-0.780990,-0.060570,1.036690,0.000209,0.008311,-0.026120,-0.527362,0.029723
1.502000,-0.776822,-0.054826,1.036695,0.000165,0.007926,-0.026050,-0.527325,0.029723
1.503000,-0.774074,-0.047825,1.036710,0.000114,0.007542,-0.025979,-0.527288,0.029723
1.504000,-0.771250,-0.044417,1.036716,0.000100,0.007161,-0.025911,-0.527252,0.029724
1.505000,-0.769632,-0.038141,1.036735,0.000062,0.006780,-0.025841,-0.527215,0.029724
1.506000,-0.767486,-0.031653,1.036752,0.000020,0.006400,-0.025771,-0.527178,0.029724
1.507000,-0.765511,-0.028470,1.036761,0.000012,0.006021,-0.025704,-0.527141,0.029724
1.508000,-0.762370,-0.022176,1.036771,-0.000033,0.005644,-0.025636,-0.527105,0.029724
1.509000,-0.758721,-0.016342,1.036776,-0.000076,0.005270,-0.025567,-0.527068,0.029724
1.510000,-0.756356,-0.010959,1.036787,-0.000109,0.004897,-0.025499,-0.527031,0.029724
1.511000,-0.756821,-0.006494,1.036812,-0.000119,0.004523,-0.025432,-0.526994,0.029724
1.512000,-0.753669,-0.002409,1.036815,-0.000142,0.004151,-0.025367,-0.526957,0.029723
1.513000,-0.751247,0.003285,1.036826,-0.000177,0.003780,-0.025301,-0.526921,0.029723
1.514000,-0.748962,0.008602,1.036836,-0.000208,0.003410,-0.025236,-0.526884,0.029723
1.515000,-0.746338,0.013594,1.036844,-0.000238,0.003043,-0.025171,-0.526847,0.029723
1.516000,-0.744133,0.019432,1.036855,-0.000274,0.002676,-0.025106,-0.526810,0.029723
1.517000,-0.741163,0.025592,1.036862,-0.000318,0.002312,-0.025040,-0.526773,0.029722
1.518000,-0.737747,0.030288,1.036863,-0.000349,0.001949,-0.024976,-0.526736,0.029722
1.519000,-0.738091,0.035807,1.036887,-0.000371,0.001586,-0.024910,-0.526699,0.029722
1.520000,-0.734450,0.039430,1.036884,-0.000391,0.001225,-0.024847,-0.526663,0.029721
1.521000,-0.730555,0.044553,1.036882,-0.000429,0.000867,-0.024784,-0.526626,0.029721
1.522000,-0.728955,0.051068,1.036896,-0.000470,0.000510,-0.024720,-0.526589,0.029720
1.523000,-0.727254,0.055996,1.036906,-0.000496,0.000154,-0.024657,-0.526552,0.029720
1.524000,-0.723955,0.059010,1.036902,-0.000509,-0.000200,-0.024595,-0.526515,0.029719
1.525000,-0.721868,0.066224,1.036914,-0.000560,-0.000553,-0.024532,-0.526478,0.029719
1.526000,-0.718331,0.072972,1.036916,-0.000613,-0.000904,-0.024467,-0.526441,0.029718
1.527000,-0.716715,0.075206,1.036918,-0.000612,-0.001253,-0.024406,-0.526404,0.029718
1.528000,-0.713352,0.081178,1.036919,-0.000656,-0.001601,-0.024343,-0.526367,0.029717
1.529000,-0.709366,0.086029,1.036913,-0.000693,-0.001945,-0.024281,-0.526330,0.029716
1.530000,-0.707905,0.089820,1.036919,-0.000706,-0.002289,-0.024221,-0.526293,0.029716
1.531000,-0.705880,0.094828,1.036924,-0.000735,-0.002631,-0.024160,-0.526256,0.029715
1.532000,-0.701898,0.099665,1.036917,-0.000771,-0.002971,-0.024100,-0.526220,0.029714
1.533000,-0.699047,0.104943,1.036916,-0.000807,-0.003308,-0.024040,-0.526183,0.029714
1.534000,-0.696683,0.109029,1.036916,-0.000829,-0.003644,-0.023980,-0.526146,0.029713
1.535000,-0.693830,0.115004,1.036916,-0.000872,-0.003978,-0.023920,-0.526109,0.029712
1.536000,-0.691738,0.120603,1.036920,-0.000909,-0.004311,-0.023859,-0.526072,0.029711
1.537000,-0.689092,0.123320,1.036914,-0.000918,-0.004643,-0.023800,-0.526035,0.029710
1.538000,-0.688072,0.128654,1.036922,-0.000946,-0.004974,-0.023741,-0.525998,0.029709
1.539000,-0.683635,0.134644,1.036913,-0.000998,-0.005301,-0.023681,-0.525961,0.029708
1.540000,-0.682291,0.137438,1.036913,-0.001002,-0.005628,-0.023623,-0.525924,0.029707
1.541000,-0.680018,0.142909,1.036914,-0.001039,-0.005954,-0.023565,-0.525887,0.029706
1.542000,-0.677772,0.147945,1.036913,-0.001070,-0.006278,-0.023506,-0.525850,0.029705
1.543000,-0.674924,0.151361,1.036905,-0.001088,-0.006601,-0.023449,-0.525813,0.029704
1.544000,-0.673326,0.156736,1.036909,-0.001121,-0.006922,-0.023391,-0.525777,0.029703
1.545000,-0.669040,0.162626,1.036898,-0.001171,-0.007240,-0.023332,-0.525740,0.029702
1.546000,-0.669133,0.163707,1.036900,-0.001152,-0.007559,-0.023277,-0.525703,0.029701
1.547000,-0.666491,0.171911,1.036903,-0.001219,-0.007877,-0.023219,-0.525666,0.029700
1.548000,-0.661905,0.176565,1.036887,-0.001258,-0.008190,-0.023160,-0.525629,0.029698
1.549000,-0.659748,0.180338,1.036882,-0.001278,-0.008503,-0.023103,-0.525592,0.029697
1.550000,-0.659723,0.185074,1.036891,-0.001298,-0.008816,-0.023045,-0.525555,0.029696
1.551000,-0.656307,0.187651,1.036875,-0.001311,-0.009127,-0.022990,-0.525518,0.029694
1.552000,-0.655161,0.192783,1.036878,-0.001340,-0.009437,-0.022934,-0.525481,0.029693
1.553000,-0.652470,0.197915,1.036872,-0.001376,-0.009745,-0.022878,-0.525444,0.029692
1.554000,-0.648701,0.203215,1.036860,-0.001419,-0.010051,-0.022821,-0.525408,0.029690
1.555000,-0.647039,0.208939,1.036860,-0.001458,-0.010356,-0.022763,-0.525371,0.029689
1.556000,-0.646161,0.212561,1.036860,-0.001471,-0.010660,-0.022705,-0.525334,0.029688
1.557000,-0.644567,0.217477,1.036859,-0.001501,-0.010964,-0.022648,-0.525297,0.029686
1.558000,-0.644354,0.222083,1.036864,-0.001522,-0.011269,-0.022590,-0.525260,0.029685
1.559000,-0.641669,0.227913,1.036859,-0.001567,-0.011572,-0.022531,-0.525223,0.029683
1.560000,-0.640499,0.232095,1.036858,-0.001588,-0.011874,-0.022473,-0.525186,0.029681
1.561000,-0.637496,0.235413,1.036845,-0.001608,-0.012175,-0.022415,-0.525150,0.029680
1.562000,-0.637555,0.242369,1.036857,-0.001652,-0.012476,-0.022356,-0.525113,0.029678
1.563000,-0.635712,0.246247,1.036851,-0.001674,-0.012776,-0.022297,-0.525076,0.029677
1.564000,-0.633344,0.250494,1.036843,-0.001702,-0.013075,-0.022238,-0.525039,0.029675
1.565000,-0.633002,0.255018,1.036847,-0.001723,-0.013375,-0.022179,-0.525002,0.029673
1.566000,-0.630660,0.260884,1.036843,-0.001768,-0.013673,-0.022119,-0.524965,0.029671
1.567000,-0.629937,0.265900,1.036846,-0.001796,-0.013971,-0.022058,-0.524928,0.029670
1.568000,-0.628839,0.268602,1.036841,-0.001803,-0.014269,-0.021999,-0.524892,0.029668
1.569000,-0.626870,0.272888,1.036835,-0.001829,-0.014566,-0.021940,-0.524855,0.029666
1.570000,-0.625104,0.278922,1.036834,-0.001873,-0.014862,-0.021879,-0.524818,0.029664
1.571000,-0.624182,0.283086,1.036833,-0.001894,-0.015158,-0.021819,-0.524781,0.029662
1.572000,-0.622840,0.287709,1.036831,-0.001922,-0.015453,-0.021759,-0.524744,0.029660
1.573000,-0.621090,0.291524,1.036825,-0.001943,-0.015748,-0.021699,-0.524707,0.029659
1.574000,-0.618949,0.298913,1.036824,-0.002004,-0.016041,-0.021637,-0.524670,0.029657
1.575000,-0.618028,0.301479,1.036820,-0.002009,-0.016335,-0.021576,-0.524634,0.029655
1.576000,-0.617011,0.306203,1.036819,-0.002037,-0.016628,-0.021515,-0.524597,0.029653
1.577000,-0.614644,0.309072,1.036807,-0.002052,-0.016920,-0.021455,-0.524560,0.029651
1.578000,-0.615464,0.314542,1.036818,-0.002079,-0.017214,-0.021394,-0.524523,0.029648
1.579000,-0.610998,0.319274,1.036798,-0.002122,-0.017504,-0.021333,-0.524486,0.029646
1.580000,-0.610016,0.323137,1.036795,-0.002142,-0.017794,-0.021272,-0.524449,0.029644
1.581000,-0.606505,0.326393,1.036776,-0.002166,-0.018081,-0.021213,-0.524413,0.029642
1.582000,-0.604362,0.331337,1.036769,-0.002202,-0.018368,-0.021153,-0.524376,0.029640
1.583000,-0.601961,0.337827,1.036763,-0.002255,-0.018652,-0.021091,-0.524339,0.029638
1.584000,-0.600843,0.339170,1.036753,-0.002250,-0.018937,-0.021031,-0.524302,0.029635
1.585000,-0.597580,0.343664,1.036737,-0.002286,-0.019219,-0.020972,-0.524266,0.029633
1.586000,-0.594955,0.347355,1.036723,-0.002312,-0.019499,-0.020912,-0.524229,0.029631
1.587000,-0.591240,0.351669,1.036703,-0.002349,-0.019777,-0.020853,-0.524192,0.029629
1.588000,-0.589397,0.353893,1.036689,-0.002356,-0.020053,-0.020796,-0.524155,0.029626
1.589000,-0.586777,0.359233,1.036677,-0.002399,-0.020328,-0.020738,-0.524119,0.029624
1.590000,-0.585249,0.362255,1.036666,-0.002413,-0.020602,-0.020680,-0.524082,0.029621
1.591000,-0.581131,0.366109,1.036642,-0.002447,-0.020873,-0.020623,-0.524045,0.029619
1.592000,-0.579939,0.367700,1.036628,-0.002445,-0.021144,-0.020569,-0.524009,0.029617
1.593000,-0.576503,0.373227,1.036611,-0.002493,-0.021412,-0.020513,-0.523972,0.029614
1.594000,-0.575750,0.375183,1.036600,-0.002493,-0.021680,-0.020459,-0.523935,0.029612
1.595000,-0.571845,0.378533,1.036574,-0.002521,-0.021945,-0.020405,-0.523899,0.029609
1.596000,-0.568627,0.382906,1.036555,-0.002556,-0.022207,-0.020351,-0.523862,0.029607
1.597000,-0.564602,0.387693,1.036531,-0.002601,-0.022467,-0.020297,-0.523826,0.029604
1.598000,-0.563349,0.392165,1.036521,-0.002630,-0.022726,-0.020242,-0.523789,0.029601
1.599000,-0.560515,0.395272,1.036499,-0.002652,-0.022983,-0.020187,-0.523753,0.029599
1.600000,-0.558047,0.396838,1.036476,-0.002656,-0.023238,-0.020135,-0.523716,0.029596
1.601000,-0.556255,0.400806,1.036461,-0.002682,-0.023492,-0.020083,-0.523680,0.029594
1.602000,-0.553257,0.408249,1.036448,-0.002750,-0.023744,-0.020027,-0.523643,0.029591
1.603000,-0.551501,0.408616,1.036424,-0.002740,-0.023995,-0.019975,-0.523607,0.029588
1.604000,-0.547355,0.412312,1.036395,-0.002774,-0.024243,-0.019922,-0.523570,0.029585
1.605000,-0.545041,0.416955,1.036377,-0.002811,-0.024489,-0.019869,-0.523534,0.029583
1.606000,-0.544729,0.417847,1.036362,-0.002799,-0.024736,-0.019818,-0.523498,0.029580
1.607000,-0.540977,0.424278,1.036340,-0.002860,-0.024979,-0.019765,-0.523461,0.029577
1.608000,-0.539267,0.426736,1.036320,-0.002872,-0.025222,-0.019713,-0.523425,0.029574
1.609000,-0.538759,0.431298,1.036312,-0.002900,-0.025465,-0.019660,-0.523389,0.029571
1.610000,-0.535666,0.434786,1.036287,-0.002929,-0.025706,-0.019607,-0.523352,0.029568
1.611000,-0.533864,0.438192,1.036268,-0.002951,-0.025946,-0.019555,-0.523316,0.029565
1.612000,-0.531331,0.442372,1.036247,-0.002985,-0.026184,-0.019502,-0.523280,0.029562
1.613000,-0.529168,0.444723,1.036223,-0.002998,-0.026420,-0.019450,-0.523243,0.029559
1.614000,-0.528581,0.449854,1.036215,-0.003033,-0.026657,-0.019396,-0.523207,0.029556
1.615000,-0.526740,0.452284,1.036193,-0.003046,-0.026893,-0.019344,-0.523171,0.029553
1.616000,-0.523009,0.458286,1.036169,-0.003105,-0.027126,-0.019289,-0.523135,0.029550
1.617000,-0.522762,0.461166,1.036156,-0.003116,-0.027359,-0.019235,-0.523099,0.029547
1.618000,-0.519933,0.464638,1.036131,-0.003145,-0.027591,-0.019180,-0.523062,0.029544
1.619000,-0.518332,0.469486,1.036115,-0.003183,-0.027821,-0.019125,-0.523026,0.029541
1.620000,-0.517873,0.471477,1.036099,-0.003187,-0.028052,-0.019071,-0.522990,0.029538
1.621000,-0.515154,0.475626,1.036076,-0.003223,-0.028282,-0.019016,-0.522954,0.029535
1.622000,-0.514321,0.478053,1.036058,-0.003233,-0.028511,-0.018962,-0.522918,0.029531
1.623000,-0.512753,0.481296,1.036039,-0.003254,-0.028739,-0.018908,-0.522882,0.029528
1.624000,-0.510006,0.484476,1.036012,-0.003280,-0.028965,-0.018855,-0.522846,0.029525
1.625000,-0.510754,0.488573,1.036007,-0.003300,-0.029193,-0.018801,-0.522810,0.029522
1.626000,-0.507097,0.490937,1.035973,-0.003322,-0.029418,-0.018748,-0.522774,0.029518
1.627000,-0.505158,0.496762,1.035957,-0.003372,-0.029642,-0.018692,-0.522738,0.029515
1.628000,-0.504894,0.499548,1.035943,-0.003384,-0.029867,-0.018637,-0.522702,0.029512
1.629000,-0.501094,0.500154,1.035904,-0.003389,-0.030088,-0.018585,-0.522666,0.029508
1.630000,-0.500976,0.504889,1.035895,-0.003420,-0.030311,-0.018532,-0.522630,0.029505
1.631000,-0.497139,0.511444,1.035869,-0.003487,-0.030530,-0.018475,-0.522594,0.029501
1.632000,-0.497821,0.512094,1.035854,-0.003473,-0.030750,-0.018421,-0.522558,0.029498
1.633000,-0.494904,0.513820,1.035822,-0.003486,-0.030969,-0.018368,-0.522522,0.029494
1.634000,-0.493291,0.517552,1.035802,-0.003513,-0.031187,-0.018315,-0.522487,0.029491
1.635000,-0.491798,0.520605,1.035780,-0.003534,-0.031404,-0.018262,-0.522451,0.029487
1.636000,-0.489314,0.523988,1.035753,-0.003562,-0.031619,-0.018209,-0.522415,0.029484
1.637000,-0.487688,0.527661,1.035732,-0.003590,-0.031834,-0.018156,-0.522379,0.029480
1.638000,-0.485980,0.528878,1.035704,-0.003592,-0.032047,-0.018105,-0.522343,0.029477
1.639000,-0.485083,0.532889,1.035688,-0.003620,-0.032261,-0.018052,-0.522308,0.029473
1.640000,-0.482614,0.536118,1.035660,-0.003646,-0.032473,-0.018000,-0.522272,0.029469
1.641000,-0.481521,0.540874,1.035644,-0.003683,-0.032684,-0.017946,-0.522236,0.029466
1.642000,-0.477793,0.543116,1.035607,-0.003706,-0.032893,-0.017894,-0.522201,0.029462
1.643000,-0.476780,0.544817,1.035583,-0.003711,-0.033101,-0.017842,-0.522165,0.029458
1.644000,-0.474280,0.548158,1.035555,-0.003740,-0.033308,-0.017790,-0.522129,0.029455
1.645000,-0.473032,0.549525,1.035529,-0.003742,-0.033514,-0.017741,-0.522094,0.029451
1.646000,-0.469585,0.554217,1.035498,-0.003789,-0.033718,-0.017689,-0.522058,0.029447
1.647000,-0.467585,0.556302,1.035468,-0.003803,-0.033920,-0.017639,-0.522023,0.029443
1.648000,-0.465369,0.558458,1.035438,-0.003819,-0.034121,-0.017589,-0.521987,0.029440
1.649000,-0.463369,0.561212,1.035409,-0.003839,-0.034320,-0.017539,-0.521952,0.029436
1.650000,-0.463728,0.563488,1.035393,-0.003844,-0.034521,-0.017491,-0.521917,0.029432
1.651000,-0.458470,0.567614,1.035350,-0.003894,-0.034717,-0.017441,-0.521881,0.029428
1.652000,-0.458223,0.568747,1.035327,-0.003890,-0.034913,-0.017393,-0.521846,0.029424
1.653000,-0.455773,0.570431,1.035292,-0.003901,-0.035108,-0.017346,-0.521810,0.029420
1.654000,-0.454134,0.574545,1.035268,-0.003934,-0.035302,-0.017298,-0.521775,0.029416
1.655000,-0.451704,0.577134,1.035236,-0.003956,-0.035495,-0.017251,-0.521740,0.029412
1.656000,-0.449861,0.579677,1.035206,-0.003974,-0.035686,-0.017203,-0.521705,0.029408
1.657000,-0.449029,0.581466,1.035180,-0.003979,-0.035877,-0.017157,-0.521669,0.029405
1.658000,-0.446328,0.584606,1.035147,-0.004007,-0.036066,-0.017111,-0.521634,0.029401
1.659000,-0.443195,0.585968,1.035107,-0.004019,-0.036252,-0.017066,-0.521599,0.029397
1.660000,-0.439102,0.589137,1.035065,-0.004054,-0.036435,-0.017021,-0.521564,0.029392
1.661000,-0.437794,0.591962,1.035037,-0.004073,-0.036618,-0.016975,-0.521529,0.029388
1.662000,-0.433955,0.593640,1.034993,-0.004092,-0.036797,-0.016931,-0.521494,0.029384
1.663000,-0.431253,0.595817,1.034955,-0.004112,-0.036974,-0.016887,-0.521459,0.029380
1.664000,-0.431510,0.599309,1.034937,-0.004131,-0.037153,-0.016842,-0.521424,0.029376
1.665000,-0.428665,0.599871,1.034894,-0.004134,-0.037329,-0.016800,-0.521389,0.029372
1.666000,-0.425519,0.602695,1.034855,-0.004162,-0.037502,-0.016757,-0.521354,0.029368
1.667000,-0.423109,0.606359,1.034821,-0.004195,-0.037674,-0.016713,-0.521319,0.029364
1.668000,-0.421510,0.605064,1.034780,-0.004174,-0.037845,-0.016673,-0.521284,0.029360
1.669000,-0.420487,0.608174,1.034752,-0.004194,-0.038015,-0.016633,-0.521250,0.029355
1.670000,-0.417046,0.609939,1.034708,-0.004213,-0.038183,-0.016593,-0.521215,0.029351
1.671000,-0.415398,0.610076,1.034669,-0.004206,-0.038349,-0.016555,-0.521180,0.029347
1.672000,-0.413426,0.614139,1.034637,-0.004240,-0.038514,-0.016517,-0.521146,0.029343
1.673000,-0.410828,0.617026,1.034599,-0.004266,-0.038677,-0.016477,-0.521111,0.029339
1.674000,-0.409249,0.618766,1.034563,-0.004276,-0.038839,-0.016439,-0.521076,0.029334
1.675000,-0.407198,0.620890,1.034526,-0.004292,-0.039000,-0.016400,-0.521042,0.029330
1.676000,-0.406191,0.622340,1.034493,-0.004296,-0.039160,-0.016363,-0.521007,0.029326
1.677000,-0.403350,0.625001,1.034452,-0.004322,-0.039318,-0.016325,-0.520973,0.029321
1.678000,-0.401161,0.626441,1.034411,-0.004331,-0.039474,-0.016289,-0.520938,0.029317
1.679000,-0.398766,0.630080,1.034374,-0.004365,-0.039629,-0.016251,-0.520904,0.029313
1.680000,-0.398084,0.628903,1.034335,-0.004341,-0.039783,-0.016216,-0.520869,0.029308
1.681000,-0.395853,0.631168,1.034296,-0.004359,-0.039936,-0.016182,-0.520835,0.029304
1.682000,-0.394678,0.632631,1.034260,-0.004364,-0.040088,-0.016148,-0.520801,0.029300
1.683000,-0.392164,0.636169,1.034221,-0.004396,-0.040238,-0.016113,-0.520767,0.029295
1.684000,-0.390307,0.637949,1.034182,-0.004408,-0.040386,-0.016079,-0.520732,0.029291
1.685000,-0.389792,0.640354,1.034151,-0.004420,-0.040535,-0.016044,-0.520698,0.029287
1.686000,-0.386916,0.642505,1.034107,-0.004441,-0.040681,-0.016010,-0.520664,0.029282
1.687000,-0.383521,0.645779,1.034062,-0.004476,-0.040824,-0.015974,-0.520630,0.029278
1.688000,-0.384217,0.647148,1.034035,-0.004473,-0.040969,-0.015940,-0.520596,0.029273
1.689000,-0.380674,0.646294,1.033979,-0.004466,-0.041111,-0.015908,-0.520562,0.029269
1.690000,-0.378808,0.648862,1.033940,-0.004487,-0.041251,-0.015876,-0.520528,0.029264
1.691000,-0.376693,0.651631,1.033900,-0.004511,-0.041389,-0.015843,-0.520494,0.029260
1.692000,-0.375171,0.652599,1.033858,-0.004513,-0.041527,-0.015811,-0.520460,0.029255
1.693000,-0.371782,0.655146,1.033810,-0.004541,-0.041662,-0.015779,-0.520426,0.029251
1.694000,-0.371472,0.655748,1.033774,-0.004535,-0.041796,-0.015748,-0.520392,0.029246
1.695000,-0.368869,0.657854,1.033729,-0.004555,-0.041929,-0.015717,-0.520359,0.029242
1.696000,-0.365927,0.659492,1.033680,-0.004571,-0.042059,-0.015687,-0.520325,0.029237
1.697000,-0.365407,0.660929,1.033644,-0.004575,-0.042189,-0.015656,-0.520291,0.029233
1.698000,-0.363808,0.662626,1.033602,-0.004586,-0.042318,-0.015627,-0.520257,0.029228
1.699000,-0.361287,0.666021,1.033560,-0.004619,-0.042445,-0.015595,-0.520224,0.029223
1.700000,-0.360624,0.664771,1.033516,-0.004596,-0.042572,-0.015567,-0.520190,0.029219
1.701000,-0.357994,0.666191,1.033467,-0.004609,-0.042696,-0.015540,-0.520157,0.029214
1.702000,-0.356654,0.668495,1.033428,-0.004625,-0.042820,-0.015512,-0.520123,0.029210
1.703000,-0.354990,0.671461,1.033388,-0.004650,-0.042942,-0.015483,-0.520090,0.029205
1.704000,-0.351950,0.672263,1.033335,-0.004659,-0.043062,-0.015454,-0.520057,0.029200
1.705000,-0.353170,0.672666,1.033304,-0.004645,-0.043183,-0.015428,-0.520023,0.029196
1.706000,-0.350022,0.675717,1.033256,-0.004677,-0.043302,-0.015400,-0.519990,0.029191
1.707000,-0.348415,0.675663,1.033208,-0.004671,-0.043419,-0.015374,-0.519957,0.029186
1.708000,-0.346389,0.675540,1.033158,-0.004666,-0.043535,-0.015349,-0.519923,0.029182
1.709000,-0.346147,0.676884,1.033121,-0.004667,-0.043651,-0.015325,-0.519890,0.029177
1.710000,-0.345000,0.680928,1.033085,-0.004700,-0.043766,-0.015299,-0.519857,0.029172
1.711000,-0.340964,0.681294,1.033024,-0.004710,-0.043878,-0.015274,-0.519824,0.029168
1.712000,-0.340941,0.684164,1.032991,-0.004727,-0.043989,-0.015248,-0.519791,0.029163
1.713000,-0.338742,0.684728,1.032941,-0.004730,-0.044099,-0.015224,-0.519758,0.029158
1.714000,-0.337799,0.687749,1.032903,-0.004753,-0.044209,-0.015197,-0.519725,0.029154
1.715000,-0.334476,0.685979,1.032840,-0.004738,-0.044315,-0.015174,-0.519692,0.029149
1.716000,-0.333926,0.688659,1.032803,-0.004755,-0.044422,-0.015151,-0.519659,0.029144
1.717000,-0.332053,0.689297,1.032753,-0.004758,-0.044526,-0.015128,-0.519627,0.029139
1.718000,-0.329724,0.690823,1.032703,-0.004772,-0.044629,-0.015105,-0.519594,0.029135
1.719000,-0.328681,0.692585,1.032661,-0.004783,-0.044731,-0.015081,-0.519561,0.029130
1.720000,-0.325277,0.693399,1.032602,-0.004795,-0.044830,-0.015059,-0.519528,0.029125
1.721000,-0.324278,0.693850,1.032556,-0.004792,-0.044929,-0.015038,-0.519496,0.029120
1.722000,-0.324831,0.696345,1.032523,-0.004803,-0.045028,-0.015015,-0.519463,0.029115
1.723000,-0.323431,0.696311,1.032474,-0.004797,-0.045126,-0.014994,-0.519431,0.029111
1.724000,-0.320730,0.698025,1.032421,-0.004815,-0.045222,-0.014973,-0.519398,0.029106
1.725000,-0.319180,0.699306,1.032373,-0.004824,-0.045317,-0.014952,-0.519366,0.029101
1.726000,-0.319873,0.701880,1.032341,-0.004836,-0.045412,-0.014930,-0.519334,0.029096
1.727000,-0.316844,0.702620,1.032284,-0.004846,-0.045505,-0.014909,-0.519301,0.029091
1.728000,-0.316890,0.702984,1.032243,-0.004838,-0.045598,-0.014888,-0.519269,0.029087
1.729000,-0.313681,0.706029,1.032190,-0.004873,-0.045689,-0.014866,-0.519237,0.029082
1.730000,-0.314538,0.707748,1.032156,-0.004876,-0.045780,-0.014844,-0.519204,0.029077
1.731000,-0.312335,0.709531,1.032106,-0.004893,-0.045870,-0.014821,-0.519172,0.029072
1.732000,-0.309914,0.710191,1.032051,-0.004901,-0.045958,-0.014799,-0.519140,0.029067
1.733000,-0.309363,0.712053,1.032009,-0.004913,-0.046045,-0.014776,-0.519108,0.029062
1.734000,-0.309979,0.712807,1.031972,-0.004907,-0.046133,-0.014754,-0.519076,0.029057
1.735000,-0.308985,0.715798,1.031931,-0.004933,-0.046221,-0.014730,-0.519044,0.029052
1.736000,-0.308123,0.715904,1.031884,-0.004928,-0.046308,-0.014708,-0.519012,0.029048
1.737000,-0.307884,0.717586,1.031844,-0.004936,-0.046395,-0.014685,-0.518980,0.029043
1.738000,-0.305463,0.719816,1.031793,-0.004960,-0.046481,-0.014661,-0.518949,0.029038
1.739000,-0.303657,0.719222,1.031738,-0.004953,-0.046564,-0.014639,-0.518917,0.029033
1.740000,-0.304286,0.720753,1.031703,-0.004956,-0.046649,-0.014616,-0.518885,0.029028
1.741000,-0.300530,0.722322,1.031642,-0.004980,-0.046730,-0.014594,-0.518853,0.029023
1.742000,-0.299635,0.722863,1.031595,-0.004980,-0.046811,-0.014572,-0.518822,0.029018
1.743000,-0.300881,0.723719,1.031561,-0.004974,-0.046893,-0.014550,-0.518790,0.029013
1.744000,-0.297734,0.724886,1.031503,-0.004991,-0.046973,-0.014529,-0.518758,0.029008
1.745000,-0.297644,0.726660,1.031463,-0.005000,-0.047053,-0.014507,-0.518727,0.029003
1.746000,-0.296836,0.725879,1.031413,-0.004987,-0.047132,-0.014487,-0.518696,0.028998
1.747000,-0.295640,0.728113,1.031368,-0.005006,-0.047210,-0.014466,-0.518664,0.028993
1.748000,-0.293275,0.728676,1.031312,-0.005013,-0.047286,-0.014445,-0.518633,0.028988
1.749000,-0.293532,0.730520,1.031274,-0.005022,-0.047363,-0.014424,-0.518601,0.028983
1.750000,-0.292934,0.732212,1.031231,-0.005033,-0.047440,-0.014402,-0.518570,0.028978
1.751000,-0.292033,0.732389,1.031183,-0.005030,-0.047516,-0.014381,-0.518539,0.028973
1.752000,-0.289718,0.736294,1.031135,-0.005072,-0.047590,-0.014358,-0.518508,0.028968
1.753000,-0.290065,0.735355,1.031091,-0.005053,-0.047665,-0.014336,-0.518477,0.028963
1.754000,-0.288057,0.736531,1.031039,-0.005065,-0.047738,-0.014315,-0.518446,0.028958
1.755000,-0.287270,0.737650,1.030993,-0.005072,-0.047810,-0.014293,-0.518414,0.028953
1.756000,-0.286801,0.739051,1.030950,-0.005081,-0.047882,-0.014271,-0.518383,0.028948
1.757000,-0.285333,0.740008,1.030900,-0.005089,-0.047954,-0.014249,-0.518353,0.028943
1.758000,-0.283464,0.741565,1.030849,-0.005106,-0.048023,-0.014227,-0.518322,0.028937
1.759000,-0.283713,0.744972,1.030814,-0.005132,-0.048094,-0.014203,-0.518291,0.028932
1.760000,-0.282220,0.745234,1.030763,-0.005135,-0.048163,-0.014179,-0.518260,0.028927
1.761000,-0.281844,0.745074,1.030716,-0.005128,-0.048232,-0.014156,-0.518229,0.028922
1.762000,-0.279126,0.745715,1.030658,-0.005139,-0.048299,-0.014134,-0.518198,0.028917
1.763000,-0.277777,0.748130,1.030612,-0.005164,-0.048365,-0.014110,-0.518168,0.028912
1.764000,-0.277756,0.749181,1.030570,-0.005168,-0.048431,-0.014087,-0.518137,0.028907
1.765000,-0.273841,0.749186,1.030503,-0.005179,-0.048493,-0.014064,-0.518107,0.028902
1.766000,-0.273188,0.751582,1.030460,-0.005201,-0.048556,-0.014040,-0.518076,0.028896
1.767000,-0.272640,0.752265,1.030414,-0.005204,-0.048618,-0.014016,-0.518046,0.028891
1.768000,-0.271829,0.754244,1.030369,-0.005223,-0.048679,-0.013991,-0.518015,0.028886
1.769000,-0.272488,0.754420,1.030329,-0.005216,-0.048742,-0.013966,-0.517985,0.028881
1.770000,-0.269479,0.756866,1.030273,-0.005249,-0.048802,-0.013941,-0.517955,0.028876
1.771000,-0.269103,0.755878,1.030224,-0.005235,-0.048862,-0.013917,-0.517924,0.028870
1.772000,-0.268658,0.757252,1.030179,-0.005246,-0.048922,-0.013893,-0.517894,0.028865
1.773000,-0.266918,0.757743,1.030126,-0.005254,-0.048980,-0.013869,-0.517864,0.028860
1.774000,-0.266854,0.761325,1.030089,-0.005286,-0.049039,-0.013842,-0.517834,0.028855
1.775000,-0.265781,0.760756,1.030037,-0.005280,-0.049097,-0.013817,-0.517804,0.028849
1.776000,-0.265721,0.759897,1.029990,-0.005266,-0.049156,-0.013793,-0.517774,0.028844
1.777000,-0.263478,0.763964,1.029942,-0.005313,-0.049212,-0.013767,-0.517744,0.028839
1.778000,-0.263078,0.763536,1.029894,-0.005306,-0.049269,-0.013741,-0.517714,0.028833
1.779000,-0.261602,0.763535,1.029841,-0.005308,-0.049324,-0.013717,-0.517684,0.028828
1.780000,-0.260578,0.764363,1.029792,-0.005317,-0.049379,-0.013692,-0.517654,0.028823
1.781000,-0.258757,0.764923,1.029738,-0.005326,-0.049432,-0.013668,-0.517624,0.028818
1.782000,-0.259356,0.766560,1.029700,-0.005336,-0.049487,-0.013643,-0.517594,0.028812
1.783000,-0.256394,0.768715,1.029643,-0.005367,-0.049539,-0.013617,-0.517565,0.028807
1.784000,-0.255687,0.769341,1.029596,-0.005373,-0.049590,-0.013590,-0.517535,0.028801
1.785000,-0.253907,0.770092,1.029542,-0.005386,-0.049640,-0.013564,-0.517505,0.028796
1.786000,-0.253208,0.770603,1.029494,-0.005391,-0.049690,-0.013538,-0.517476,0.028791
1.787000,-0.251019,0.772400,1.029440,-0.005416,-0.049738,-0.013511,-0.517446,0.028785
1.788000,-0.251140,0.772397,1.029396,-0.005412,-0.049786,-0.013485,-0.517417,0.028780
1.789000,-0.248844,0.774066,1.029341,-0.005437,-0.049833,-0.013458,-0.517388,0.028775
1.790000,-0.247190,0.774752,1.029288,-0.005449,-0.049878,-0.013430,-0.517358,0.028769
1.791000,-0.245292,0.777077,1.029237,-0.005480,-0.049922,-0.013401,-0.517329,0.028764
1.792000,-0.243919,0.776435,1.029181,-0.005478,-0.049965,-0.013374,-0.517300,0.028758
1.793000,-0.244169,0.779132,1.029143,-0.005503,-0.050008,-0.013344,-0.517271,0.028753
1.794000,-0.243424,0.778479,1.029092,-0.005498,-0.050052,-0.013316,-0.517241,0.028747
1.795000,-0.242914,0.781136,1.029050,-0.005526,-0.050095,-0.013285,-0.517212,0.028742
1.796000,-0.241472,0.779325,1.028992,-0.005513,-0.050137,-0.013258,-0.517183,0.028736
1.797000,-0.238935,0.780109,1.028933,-0.005531,-0.050177,-0.013229,-0.517154,0.028731
1.798000,-0.238588,0.780832,1.028887,-0.005538,-0.050217,-0.013201,-0.517125,0.028725
1.800000,-0.229122,0.780452,1.028736,-0.005590,-0.050279,-0.013147,-0.517068,0.028714
1.801000,-0.202850,0.761771,1.028743,-0.005581,-0.050285,-0.013139,-0.517039,0.028708
1.802000,-0.200806,0.763241,1.028681,-0.005602,-0.050289,-0.013130,-0.517010,0.028703
1.803000,-0.200334,0.765144,1.028628,-0.005622,-0.050292,-0.013120,-0.516981,0.028697
1.804000,-0.198566,0.766302,1.028566,-0.005640,-0.050294,-0.013108,-0.516953,0.028692
1.805000,-0.198741,0.766614,1.028513,-0.005641,-0.050296,-0.013095,-0.516924,0.028686
1.806000,-0.200973,0.768639,1.028476,-0.005651,-0.050301,-0.013081,-0.516896,0.028680
1.807000,-0.198512,0.769871,1.028411,-0.005674,-0.050303,-0.013066,-0.516867,0.028675
1.808000,-0.198927,0.771280,1.028362,-0.005687,-0.050306,-0.013049,-0.516839,0.028669
1.809000,-0.199414,0.771846,1.028313,-0.005691,-0.050310,-0.013032,-0.516811,0.028663
1.810000,-0.198245,0.772030,1.028253,-0.005698,-0.050312,-0.013014,-0.516782,0.028658
1.811000,-0.197565,0.774437,1.028201,-0.005727,-0.050315,-0.012995,-0.516754,0.028652
1.812000,-0.198267,0.776707,1.028158,-0.005749,-0.050318,-0.012973,-0.516726,0.028646
1.813000,-0.199974,0.778142,1.028118,-0.005758,-0.050323,-0.012949,-0.516698,0.028640
1.814000,-0.197910,0.777371,1.028052,-0.005761,-0.050327,-0.012927,-0.516670,0.028635
1.815000,-0.197245,0.779997,1.028002,-0.005794,-0.050330,-0.012902,-0.516641,0.028629
1.816000,-0.198778,0.779301,1.027957,-0.005783,-0.050336,-0.012877,-0.516613,0.028623
1.817000,-0.198670,0.782901,1.027913,-0.005823,-0.050341,-0.012850,-0.516585,0.028617
1.818000,-0.196513,0.784045,1.027853,-0.005849,-0.050345,-0.012821,-0.516558,0.028611
1.819000,-0.196513,0.784660,1.027803,-0.005860,-0.050349,-0.012791,-0.516530,0.028606
1.820000,-0.197586,0.785385,1.027759,-0.005866,-0.050355,-0.012761,-0.516502,0.028600
1.821000,-0.198306,0.785713,1.027713,-0.005871,-0.050362,-0.012731,-0.516474,0.028594
1.822000,-0.196935,0.788264,1.027661,-0.005908,-0.050368,-0.012698,-0.516446,0.028588
1.823000,-0.195930,0.788247,1.027605,-0.005918,-0.050373,-0.012665,-0.516419,0.028582
1.824000,-0.195411,0.788478,1.027552,-0.005928,-0.050379,-0.012632,-0.516391,0.028576
1.825000,-0.193262,0.790308,1.027494,-0.005962,-0.050382,-0.012598,-0.516364,0.028570
1.826000,-0.194204,0.789967,1.027449,-0.005961,-0.050388,-0.012563,-0.516336,0.028564
1.827000,-0.192827,0.792305,1.027397,-0.005997,-0.050392,-0.012527,-0.516309,0.028558
1.828000,-0.192141,0.790409,1.027338,-0.005987,-0.050396,-0.012492,-0.516281,0.028552
1.829000,-0.191556,0.790422,1.027285,-0.005996,-0.050400,-0.012458,-0.516254,0.028546
1.830000,-0.190777,0.790540,1.027231,-0.006007,-0.050404,-0.012423,-0.516227,0.028540
1.831000,-0.188519,0.793866,1.027177,-0.006058,-0.050407,-0.012385,-0.516199,0.028534
1.832000,-0.189841,0.791828,1.027130,-0.006038,-0.050411,-0.012350,-0.516172,0.028528
1.833000,-0.188424,0.793616,1.027076,-0.006070,-0.050414,-0.012312,-0.516145,0.028522
1.834000,-0.188309,0.795317,1.027031,-0.006096,-0.050417,-0.012273,-0.516118,0.028516
1.835000,-0.187025,0.793696,1.026970,-0.006092,-0.050420,-0.012236,-0.516091,0.028510
1.836000,-0.186750,0.795387,1.026924,-0.006118,-0.050424,-0.012197,-0.516064,0.028504
1.837000,-0.184679,0.794556,1.026861,-0.006127,-0.050425,-0.012158,-0.516037,0.028498
1.838000,-0.182760,0.795599,1.026803,-0.006154,-0.050426,-0.012119,-0.516010,0.028492
1.839000,-0.182830,0.795021,1.026753,-0.006156,-0.050427,-0.012081,-0.515984,0.028486
1.840000,-0.182518,0.796580,1.026706,-0.006182,-0.050428,-0.012040,-0.515957,0.028479
1.841000,-0.181432,0.795411,1.026648,-0.006183,-0.050429,-0.012001,-0.515930,0.028473
1.842000,-0.180446,0.795116,1.026593,-0.006192,-0.050429,-0.011963,-0.515903,0.028467
1.843000,-0.179079,0.796070,1.026539,-0.006216,-0.050429,-0.011923,-0.515877,0.028461
1.844000,-0.178056,0.795206,1.026482,-0.006220,-0.050428,-0.011884,-0.515850,0.028455
1.845000,-0.177940,0.794550,1.026431,-0.006222,-0.050428,-0.011846,-0.515824,0.028448
1.846000,-0.176481,0.793376,1.026371,-0.006224,-0.050427,-0.011809,-0.515797,0.028442
1.847000,-0.176173,0.794039,1.026322,-0.006240,-0.050426,-0.011772,-0.515771,0.028436
1.848000,-0.174534,0.795173,1.026267,-0.006267,-0.050424,-0.011733,-0.515745,0.028430
1.849000,-0.174757,0.797691,1.026226,-0.006301,-0.050422,-0.011691,-0.515718,0.028423
1.850000,-0.174757,0.796256,1.026174,-0.006295,-0.050422,-0.011652,-0.515692,0.028417
1.851000,-0.172998,0.796178,1.026116,-0.006311,-0.050420,-0.011612,-0.515666,0.028411
1.852000,-0.173639,0.796785,1.026072,-0.006322,-0.050419,-0.011571,-0.515640,0.028405
1.853000,-0.170347,0.795366,1.026002,-0.006331,-0.050416,-0.011532,-0.515614,0.028398
1.854000,-0.169983,0.796235,1.025954,-0.006351,-0.050413,-0.011492,-0.515588,0.028392
1.855000,-0.168783,0.796455,1.025900,-0.006367,-0.050410,-0.011452,-0.515562,0.028386
1.856000,-0.168013,0.796201,1.025846,-0.006377,-0.050406,-0.011412,-0.515536,0.028379
1.857000,-0.168527,0.796777,1.025803,-0.006389,-0.050403,-0.011371,-0.515510,0.028373
1.858000,-0.166841,0.796786,1.025745,-0.006406,-0.050399,-0.011330,-0.515484,0.028366
1.859000,-0.167045,0.795661,1.025696,-0.006402,-0.050397,-0.011291,-0.515459,0.028360
1.860000,-0.167113,0.797259,1.025652,-0.006427,-0.050394,-0.011249,-0.515433,0.028354
1.861000,-0.165682,0.799170,1.025602,-0.006463,-0.050391,-0.011206,-0.515407,0.028347
1.862000,-0.165763,0.797757,1.025551,-0.006457,-0.050389,-0.011164,-0.515382,0.028341
1.863000,-0.165896,0.798286,1.025506,-0.006471,-0.050387,-0.011122,-0.515356,0.028334
1.864000,-0.163111,0.797469,1.025442,-0.006485,-0.050384,-0.011080,-0.515331,0.028328
1.865000,-0.161217,0.798301,1.025386,-0.006512,-0.050379,-0.011038,-0.515305,0.028321
1.866000,-0.160452,0.797105,1.025331,-0.006513,-0.050373,-0.010996,-0.515280,0.028315
1.867000,-0.161671,0.797149,1.025291,-0.006517,-0.050370,-0.010955,-0.515254,0.028308
1.868000,-0.159888,0.797969,1.025236,-0.006543,-0.050366,-0.010912,-0.515229,0.028302
1.869000,-0.159643,0.796357,1.025184,-0.006536,-0.050362,-0.010871,-0.515204,0.028295
1.870000,-0.158476,0.799448,1.025138,-0.006583,-0.050357,-0.010827,-0.515179,0.028289
1.871000,-0.157883,0.797808,1.025084,-0.006579,-0.050353,-0.010785,-0.515154,0.028282
1.872000,-0.157582,0.796243,1.025032,-0.006573,-0.050348,-0.010744,-0.515129,0.028275
1.873000,-0.155159,0.799019,1.024979,-0.006623,-0.050342,-0.010700,-0.515103,0.028269
1.874000,-0.154019,0.797722,1.024922,-0.006624,-0.050336,-0.010658,-0.515079,0.028262
1.875000,-0.154644,0.797088,1.024878,-0.006625,-0.050331,-0.010616,-0.515054,0.028256
1.876000,-0.154556,0.796462,1.024829,-0.006628,-0.050326,-0.010574,-0.515029,0.028249
1.877000,-0.152642,0.797196,1.024774,-0.006654,-0.050320,-0.010532,-0.515004,0.028242
1.878000,-0.153524,0.797587,1.024734,-0.006663,-0.050316,-0.010489,-0.514979,0.028236
1.879000,-0.152341,0.795563,1.024676,-0.006657,-0.050311,-0.010448,-0.514954,0.028229
1.880000,-0.150026,0.796699,1.024620,-0.006689,-0.050304,-0.010406,-0.514930,0.028222
1.881000,-0.150468,0.796456,1.024576,-0.006694,-0.050298,-0.010364,-0.514905,0.028216
1.882000,-0.151198,0.797387,1.024536,-0.006709,-0.050294,-0.010321,-0.514880,0.028209
1.883000,-0.147441,0.796324,1.024467,-0.006725,-0.050287,-0.010279,-0.514856,0.028202
1.884000,-0.148154,0.796016,1.024424,-0.006728,-0.050281,-0.010238,-0.514832,0.028196
1.885000,-0.147385,0.796645,1.024376,-0.006748,-0.050274,-0.010195,-0.514807,0.028189
1.886000,-0.147671,0.795668,1.024329,-0.006746,-0.050269,-0.010154,-0.514783,0.028182
1.887000,-0.144899,0.797633,1.024273,-0.006788,-0.050262,-0.010110,-0.514758,0.028175
1.888000,-0.144850,0.794578,1.024220,-0.006767,-0.050255,-0.010069,-0.514734,0.028169
1.889000,-0.143826,0.796387,1.024173,-0.006799,-0.050248,-0.010027,-0.514710,0.028162
1.890000,-0.142200,0.796439,1.024119,-0.006817,-0.050240,-0.009984,-0.514686,0.028155
1.891000,-0.143006,0.796652,1.024078,-0.006826,-0.050233,-0.009941,-0.514662,0.028148
1.892000,-0.140570,0.794938,1.024015,-0.006829,-0.050224,-0.009900,-0.514638,0.028141
1.893000,-0.142405,0.795031,1.023981,-0.006831,-0.050218,-0.009858,-0.514613,0.028135
1.894000,-0.139273,0.794356,1.023916,-0.006847,-0.050210,-0.009817,-0.514590,0.028128
1.895000,-0.138872,0.795121,1.023871,-0.006866,-0.050201,-0.009775,-0.514566,0.028121
1.896000,-0.138598,0.795052,1.023824,-0.006877,-0.050193,-0.009733,-0.514542,0.028114
1.897000,-0.137904,0.794582,1.023774,-0.006884,-0.050185,-0.009691,-0.514518,0.028107
1.898000,-0.138701,0.793631,1.023731,-0.006880,-0.050178,-0.009650,-0.514494,0.028100
1.899000,-0.136128,0.794119,1.023673,-0.006906,-0.050170,-0.009609,-0.514470,0.028093
1.900000,-0.136294,0.793497,1.023628,-0.006908,-0.050162,-0.009568,-0.514447,0.028086
1.901000,-0.135177,0.793752,1.023578,-0.006925,-0.050154,-0.009527,-0.514423,0.028080
1.902000,-0.133897,0.793809,1.023526,-0.006941,-0.050145,-0.009485,-0.514400,0.028073
1.903000,-0.131990,0.791832,1.023466,-0.006939,-0.050134,-0.009445,-0.514376,0.028066
1.904000,-0.132076,0.793880,1.023427,-0.006969,-0.050125,-0.009404,-0.514353,0.028059
1.905000,-0.130577,0.791068,1.023367,-0.006956,-0.050114,-0.009364,-0.514329,0.028052
1.906000,-0.128734,0.791325,1.023312,-0.006976,-0.050103,-0.009325,-0.514306,0.028045
1.907000,-0.127694,0.792124,1.023264,-0.006998,-0.050090,-0.009284,-0.514282,0.028038
1.908000,-0.127365,0.789696,1.023211,-0.006984,-0.050078,-0.009246,-0.514259,0.028031
1.909000,-0.127327,0.787615,1.023161,-0.006971,-0.050067,-0.009209,-0.514236,0.028024
1.910000,-0.125367,0.788959,1.023108,-0.007002,-0.050054,-0.009171,-0.514213,0.028017
1.911000,-0.125535,0.788257,1.023063,-0.007003,-0.050042,-0.009134,-0.514190,0.028010
1.912000,-0.124103,0.787799,1.023009,-0.007013,-0.050029,-0.009097,-0.514167,0.028003
1.913000,-0.122248,0.788978,1.022957,-0.007042,-0.050015,-0.009058,-0.514144,0.027996
1.914000,-0.121213,0.786733,1.022901,-0.007033,-0.050001,-0.009022,-0.514121,0.027989
1.915000,-0.121693,0.787393,1.022860,-0.007046,-0.049987,-0.008984,-0.514098,0.027982
1.916000,-0.121181,0.785823,1.022809,-0.007040,-0.049973,-0.008948,-0.514075,0.027975
1.917000,-0.120253,0.783791,1.022754,-0.007031,-0.049959,-0.008914,-0.514052,0.027968
1.918000,-0.119615,0.785115,1.022709,-0.007055,-0.049945,-0.008878,-0.514029,0.027961
1.919000,-0.118279,0.785422,1.022658,-0.007073,-0.049930,-0.008842,-0.514007,0.027954
1.920000,-0.114544,0.783657,1.022588,-0.007080,-0.049912,-0.008808,-0.513984,0.027947
1.921000,-0.115781,0.783318,1.022549,-0.007079,-0.049896,-0.008773,-0.513961,0.027939
1.922000,-0.114889,0.783520,1.022499,-0.007093,-0.049879,-0.008738,-0.513939,0.027932
1.923000,-0.113043,0.784008,1.022445,-0.007115,-0.049861,-0.008702,-0.513916,0.027925
1.924000,-0.111279,0.780640,1.022382,-0.007097,-0.049842,-0.008669,-0.513894,0.027918
1.925000,-0.109888,0.780953,1.022330,-0.007114,-0.049822,-0.008636,-0.513872,0.027911
1.926000,-0.109341,0.779074,1.022277,-0.007105,-0.049802,-0.008604,-0.513849,0.027904
1.927000,-0.108092,0.779345,1.022226,-0.007121,-0.049781,-0.008572,-0.513827,0.027897
1.928000,-0.105547,0.778515,1.022164,-0.007132,-0.049758,-0.008540,-0.513805,0.027890
1.929000,-0.105487,0.777465,1.022115,-0.007129,-0.049735,-0.008509,-0.513783,0.027883
1.930000,-0.104510,0.777314,1.022064,-0.007140,-0.049712,-0.008478,-0.513760,0.027876
1.931000,-0.104002,0.777473,1.022016,-0.007151,-0.049689,-0.008446,-0.513738,0.027868
1.932000,-0.104576,0.776973,1.021973,-0.007151,-0.049667,-0.008414,-0.513716,0.027861
1.933000,-0.101451,0.775683,1.021907,-0.007160,-0.049642,-0.008384,-0.513694,0.027854
1.934000,-0.101863,0.774503,1.021861,-0.007154,-0.049618,-0.008354,-0.513672,0.027847
1.935000,-0.101958,0.775457,1.021818,-0.007170,-0.049595,-0.008322,-0.513651,0.027840
1.936000,-0.099345,0.776038,1.021760,-0.007196,-0.049569,-0.008290,-0.513629,0.027833
1.937000,-0.098436,0.774044,1.021704,-0.007188,-0.049543,-0.008260,-0.513607,0.027825
1.938000,-0.098251,0.772700,1.021655,-0.007183,-0.049518,-0.008230,-0.513585,0.027818
1.939000,-0.098468,0.773679,1.021613,-0.007199,-0.049493,-0.008199,-0.513564,0.027811
1.940000,-0.097009,0.772297,1.021556,-0.007199,-0.049467,-0.008169,-0.513542,0.027804
1.941000,-0.096526,0.773364,1.021511,-0.007220,-0.049441,-0.008138,-0.513521,0.027797
1.942000,-0.097298,0.770223,1.021463,-0.007192,-0.049416,-0.008109,-0.513499,0.027789
1.943000,-0.095601,0.770329,1.021408,-0.007208,-0.049390,-0.008080,-0.513478,0.027782
1.944000,-0.095527,0.769240,1.021360,-0.007204,-0.049364,-0.008052,-0.513456,0.027775
1.945000,-0.094422,0.767050,1.021304,-0.007193,-0.049338,-0.008025,-0.513435,0.027768
1.946000,-0.092990,0.767448,1.021252,-0.007211,-0.049310,-0.007998,-0.513413,0.027761
1.947000,-0.093257,0.768270,1.021210,-0.007225,-0.049284,-0.007969,-0.513392,0.027753
1.948000,-0.091742,0.767187,1.021154,-0.007228,-0.049256,-0.007941,-0.513371,0.027746
1.949000,-0.090632,0.764395,1.021096,-0.007211,-0.049227,-0.007916,-0.513350,0.027739
1.950000,-0.090978,0.764948,1.021054,-0.007221,-0.049200,-0.007889,-0.513329,0.027732
1.951000,-0.088621,0.767647,1.021002,-0.007267,-0.049170,-0.007860,-0.513308,0.027725
1.952000,-0.089280,0.764292,1.020953,-0.007237,-0.049141,-0.007833,-0.513287,0.027717
1.953000,-0.088507,0.764280,1.020904,-0.007247,-0.049112,-0.007806,-0.513266,0.027710
1.954000,-0.086552,0.761917,1.020842,-0.007239,-0.049082,-0.007781,-0.513245,0.027703
1.955000,-0.086244,0.763656,1.020799,-0.007265,-0.049051,-0.007753,-0.513224,0.027696
1.956000,-0.086165,0.762809,1.020752,-0.007264,-0.049021,-0.007726,-0.513203,0.027688
1.957000,-0.085471,0.762826,1.020703,-0.007274,-0.048991,-0.007699,-0.513182,0.027681
1.958000,-0.085375,0.761865,1.020656,-0.007272,-0.048961,-0.007672,-0.513162,0.027674
1.959000,-0.083597,0.761715,1.020601,-0.007286,-0.048929,-0.007644,-0.513141,0.027667
1.960000,-0.085154,0.761449,1.020564,-0.007283,-0.048900,-0.007617,-0.513121,0.027659
1.961000,-0.084770,0.760051,1.020515,-0.007277,-0.048870,-0.007590,-0.513100,0.027652
1.962000,-0.083628,0.757963,1.020459,-0.007268,-0.048840,-0.007565,-0.513079,0.027645
1.963000,-0.084391,0.758487,1.020420,-0.007276,-0.048811,-0.007539,-0.513059,0.027637
1.964000,-0.083276,0.759244,1.020372,-0.007296,-0.048781,-0.007512,-0.513039,0.027630
1.965000,-0.084090,0.758115,1.020330,-0.007287,-0.048752,-0.007486,-0.513018,0.027623
1.966000,-0.082425,0.759077,1.020279,-0.007311,-0.048722,-0.007458,-0.512998,0.027616
1.967000,-0.083237,0.757431,1.020236,-0.007298,-0.048694,-0.007432,-0.512978,0.027608
1.968000,-0.080450,0.757032,1.020176,-0.007313,-0.048663,-0.007405,-0.512957,0.027601
1.969000,-0.079108,0.755797,1.020121,-0.007313,-0.048631,-0.007379,-0.512937,0.027594
1.970000,-0.079914,0.755942,1.020082,-0.007318,-0.048600,-0.007353,-0.512917,0.027586
1.971000,-0.078391,0.755707,1.020029,-0.007330,-0.048568,-0.007326,-0.512897,0.027579
1.972000,-0.078542,0.753145,1.019980,-0.007309,-0.048537,-0.007301,-0.512877,0.027572
1.973000,-0.078598,0.754075,1.019939,-0.007325,-0.048506,-0.007275,-0.512857,0.027564
1.974000,-0.077369,0.753726,1.019888,-0.007334,-0.048474,-0.007249,-0.512837,0.027557
1.975000,-0.077419,0.754246,1.019846,-0.007346,-0.048443,-0.007222,-0.512817,0.027550
1.976000,-0.078474,0.751508,1.019802,-0.007320,-0.048413,-0.007197,-0.512797,0.027542
1.977000,-0.075414,0.751930,1.019743,-0.007345,-0.048380,-0.007171,-0.512777,0.027535
1.978000,-0.076244,0.752358,1.019705,-0.007352,-0.048349,-0.007145,-0.512758,0.027528
1.979000,-0.076008,0.752513,1.019661,-0.007362,-0.048318,-0.007117,-0.512738,0.027520
1.980000,-0.075998,0.751162,1.019615,-0.007355,-0.048287,-0.007091,-0.512718,0.027513
1.981000,-0.075002,0.751401,1.019567,-0.007369,-0.048256,-0.007064,-0.512699,0.027506
1.982000,-0.075080,0.750244,1.019522,-0.007364,-0.048225,-0.007038,-0.512679,0.027498
1.983000,-0.074381,0.749264,1.019474,-0.007363,-0.048194,-0.007012,-0.512660,0.027491
1.984000,-0.075068,0.749003,1.019434,-0.007364,-0.048164,-0.006986,-0.512640,0.027484
1.985000,-0.073385,0.748930,1.019382,-0.007378,-0.048132,-0.006959,-0.512621,0.027476
1.986000,-0.073555,0.748534,1.019340,-0.007380,-0.048101,-0.006933,-0.512601,0.027469
1.987000,-0.074029,0.747984,1.019299,-0.007379,-0.048071,-0.006906,-0.512582,0.027462
1.988000,-0.072420,0.747617,1.019247,-0.007389,-0.048040,-0.006880,-0.512563,0.027454
1.989000,-0.071880,0.745979,1.019198,-0.007381,-0.048009,-0.006854,-0.512543,0.027447
1.990000,-0.071393,0.745846,1.019153,-0.007389,-0.047978,-0.006828,-0.512524,0.027439
1.991000,-0.071299,0.745308,1.019109,-0.007390,-0.047946,-0.006803,-0.512505,0.027432
1.992000,-0.071459,0.744712,1.019067,-0.007390,-0.047916,-0.006777,-0.512486,0.027425
1.993000,-0.070041,0.742868,1.019013,-0.007383,-0.047884,-0.006753,-0.512467,0.027417
1.994000,-0.069666,0.742277,1.018967,-0.007385,-0.047853,-0.006729,-0.512448,0.027410
1.995000,-0.069136,0.742789,1.018924,-0.007399,-0.047821,-0.006704,-0.512429,0.027402
1.996000,-0.069476,0.742509,1.018883,-0.007401,-0.047790,-0.006679,-0.512410,0.027395
1.997000,-0.068061,0.741157,1.018831,-0.007400,-0.047758,-0.006655,-0.512391,0.027388
1.998000,-0.067410,0.742000,1.018787,-0.007418,-0.047725,-0.006629,-0.512372,0.027380
1.999000,-0.066966,0.741827,1.018743,-0.007425,-0.047693,-0.006603,-0.512353,0.027373
2.000000,-0.067541,0.740934,1.018703,-0.007419,-0.047661,-0.006578,-0.512335,0.027365
2.001000,-0.066921,0.740717,1.018658,-0.007427,-0.047629,-0.006552,-0.512316,0.027358
2.002000,-0.067639,0.740608,1.018620,-0.007429,-0.047599,-0.006526,-0.512297,0.027351
2.003000,-0.064550,0.738467,1.018557,-0.007427,-0.047565,-0.006501,-0.512279,0.027343
2.004000,-0.064075,0.739265,1.018515,-0.007444,-0.047532,-0.006475,-0.512260,0.027336
2.005000,-0.063682,0.739416,1.018472,-0.007455,-0.047499,-0.006449,-0.512242,0.027328
2.006000,-0.063981,0.737434,1.018428,-0.007440,-0.047466,-0.006424,-0.512223,0.027321
2.007000,-0.061332,0.737775,1.018373,-0.007462,-0.047431,-0.006398,-0.512205,0.027313
2.008000,-0.062251,0.736999,1.018335,-0.007457,-0.047397,-0.006373,-0.512186,0.027306
2.009000,-0.059508,0.735778,1.018275,-0.007464,-0.047361,-0.006348,-0.512168,0.027298
2.010000,-0.059243,0.735193,1.018231,-0.007466,-0.047325,-0.006323,-0.512150,0.027291
2.011000,-0.058418,0.735633,1.018186,-0.007481,-0.047289,-0.006297,-0.512132,0.027284
2.012000,-0.057734,0.732661,1.018134,-0.007460,-0.047252,-0.006274,-0.512113,0.027276
2.013000,-0.058041,0.733257,1.018096,-0.007472,-0.047216,-0.006249,-0.512095,0.027269
2.014000,-0.055654,0.734016,1.018043,-0.007497,-0.047178,-0.006224,-0.512077,0.027261
2.015000,-0.053676,0.732718,1.017988,-0.007501,-0.047138,-0.006199,-0.512059,0.027254
2.016000,-0.053812,0.730729,1.017942,-0.007487,-0.047099,-0.006175,-0.512041,0.027246
2.017000,-0.054550,0.733937,1.017913,-0.007524,-0.047061,-0.006147,-0.512023,0.027239
2.018000,-0.052270,0.731463,1.017853,-0.007517,-0.047021,-0.006122,-0.512005,0.027231
2.019000,-0.053293,0.730722,1.017816,-0.007512,-0.046982,-0.006096,-0.511987,0.027224
2.020000,-0.049428,0.729142,1.017749,-0.007521,-0.046940,-0.006072,-0.511970,0.027216
2.021000,-0.051426,0.729934,1.017721,-0.007527,-0.046901,-0.006046,-0.511952,0.027209
2.022000,-0.051998,0.728872,1.017681,-0.007521,-0.046862,-0.006021,-0.511934,0.027201
2.023000,-0.048440,0.727224,1.017616,-0.007528,-0.046820,-0.005997,-0.511916,0.027194
2.024000,-0.049635,0.725922,1.017579,-0.007517,-0.046780,-0.005973,-0.511899,0.027186
2.025000,-0.050757,0.726145,1.017545,-0.007521,-0.046741,-0.005949,-0.511881,0.027179
2.026000,-0.048554,0.725422,1.017490,-0.007531,-0.046700,-0.005924,-0.511864,0.027171
2.027000,-0.048260,0.728135,1.017454,-0.007568,-0.046660,-0.005897,-0.511846,0.027163
2.028000,-0.047067,0.725811,1.017401,-0.007557,-0.046618,-0.005871,-0.511829,0.027156
2.029000,-0.047799,0.726500,1.017366,-0.007569,-0.046578,-0.005843,-0.511811,0.027148
2.030000,-0.046832,0.725638,1.017319,-0.007573,-0.046537,-0.005816,-0.511794,0.027141
2.031000,-0.044227,0.725107,1.017262,-0.007588,-0.046494,-0.005789,-0.511777,0.027133
2.032000,-0.046477,0.724209,1.017232,-0.007577,-0.046454,-0.005763,-0.511759,0.027126
2.033000,-0.043407,0.722530,1.017171,-0.007582,-0.046411,-0.005737,-0.511742,0.027118
2.034000,-0.041305,0.721390,1.017116,-0.007588,-0.046366,-0.005712,-0.511725,0.027110
2.035000,-0.041713,0.721395,1.017077,-0.007594,-0.046322,-0.005686,-0.511708,0.027103
2.036000,-0.041319,0.720168,1.017032,-0.007592,-0.046278,-0.005660,-0.511691,0.027095
2.037000,-0.040567,0.718340,1.016983,-0.007584,-0.046234,-0.005636,-0.511674,0.027088
2.038000,-0.038293,0.719739,1.016932,-0.007617,-0.046188,-0.005610,-0.511657,0.027080
2.039000,-0.037333,0.719165,1.016885,-0.007624,-0.046141,-0.005584,-0.511640,0.027072
2.040000,-0.039328,0.718368,1.016854,-0.007616,-0.046096,-0.005557,-0.511623,0.027065
2.041000,-0.036692,0.716936,1.016795,-0.007622,-0.046050,-0.005532,-0.511606,0.027057
2.042000,-0.034821,0.717561,1.016746,-0.007646,-0.046001,-0.005505,-0.511589,0.027050
2.043000,-0.035476,0.717037,1.016707,-0.007646,-0.045954,-0.005478,-0.511573,0.027042
2.044000,-0.033367,0.715969,1.016652,-0.007654,-0.045906,-0.005451,-0.511556,0.027034
2.045000,-0.033929,0.717217,1.016618,-0.007674,-0.045858,-0.005423,-0.511539,0.027027
2.046000,-0.033342,0.714801,1.016569,-0.007661,-0.045810,-0.005396,-0.511523,0.027019
2.047000,-0.031665,0.714573,1.016519,-0.007676,-0.045760,-0.005368,-0.511506,0.027011
2.048000,-0.031725,0.712710,1.016474,-0.007666,-0.045712,-0.005342,-0.511490,0.027004
2.049000,-0.030748,0.715637,1.016435,-0.007710,-0.045662,-0.005312,-0.511473,0.026996
2.050000,-0.028719,0.712897,1.016377,-0.007702,-0.045611,-0.005284,-0.511457,0.026988
2.051000,-0.027162,0.713183,1.016329,-0.007722,-0.045559,-0.005255,-0.511440,0.026981
2.052000,-0.027445,0.711665,1.016286,-0.007716,-0.045508,-0.005227,-0.511424,0.026973
2.053000,-0.024650,0.710746,1.016228,-0.007729,-0.045454,-0.005199,-0.511408,0.026965
2.054000,-0.025651,0.709108,1.016189,-0.007718,-0.045402,-0.005172,-0.511391,0.026957
2.055000,-0.021906,0.708797,1.016126,-0.007742,-0.045346,-0.005144,-0.511375,0.026950
2.056000,-0.023308,0.709040,1.016094,-0.007749,-0.045292,-0.005115,-0.511359,0.026942
2.057000,-0.021876,0.707410,1.016042,-0.007749,-0.045237,-0.005087,-0.511343,0.026934
2.058000,-0.021441,0.707115,1.015998,-0.007759,-0.045182,-0.005058,-0.511327,0.026926
2.059000,-0.020442,0.706518,1.015951,-0.007768,-0.045127,-0.005030,-0.511311,0.026919
2.060000,-0.019061,0.705248,1.015899,-0.007772,-0.045071,-0.005001,-0.511295,0.026911
2.061000,-0.019538,0.704995,1.015861,-0.007779,-0.045015,-0.004972,-0.511279,0.026903
2.062000,-0.017534,0.704292,1.015807,-0.007792,-0.044958,-0.004943,-0.511263,0.026895
2.063000,-0.018180,0.701762,1.015765,-0.007774,-0.044902,-0.004916,-0.511247,0.026888
2.064000,-0.019194,0.702323,1.015732,-0.007785,-0.044848,-0.004887,-0.511232,0.026880
2.065000,-0.017152,0.701562,1.015678,-0.007798,-0.044791,-0.004858,-0.511216,0.026872
2.066000,-0.016279,0.701600,1.015633,-0.007813,-0.044735,-0.004828,-0.511200,0.026864
2.067000,-0.016854,0.700355,1.015594,-0.007809,-0.044679,-0.004799,-0.511185,0.026856
2.068000,-0.015285,0.698860,1.015542,-0.007812,-0.044623,-0.004770,-0.511169,0.026849
2.069000,-0.014536,0.699279,1.015498,-0.007831,-0.044566,-0.004740,-0.511153,0.026841
2.070000,-0.013858,0.699289,1.015455,-0.007846,-0.044508,-0.004710,-0.511138,0.026833
2.071000,-0.014629,0.697815,1.015416,-0.007839,-0.044452,-0.004680,-0.511123,0.026825
2.072000,-0.014911,0.696403,1.015375,-0.007834,-0.044397,-0.004650,-0.511107,0.026817
2.073000,-0.013969,0.695586,1.015329,-0.007841,-0.044341,-0.004620,-0.511092,0.026809
2.074000,-0.012788,0.695548,1.015283,-0.007858,-0.044285,-0.004590,-0.511076,0.026802
2.075000,-0.013291,0.695509,1.015246,-0.007867,-0.044229,-0.004559,-0.511061,0.026794
2.076000,-0.013648,0.694910,1.015208,-0.007870,-0.044174,-0.004527,-0.511046,0.026786
2.077000,-0.012432,0.693847,1.015160,-0.007877,-0.044119,-0.004496,-0.511031,0.026778
2.078000,-0.010523,0.691996,1.015106,-0.007878,-0.044062,-0.004466,-0.511016,0.026770
2.079000,-0.009433,0.692067,1.015061,-0.007895,-0.044005,-0.004435,-0.511000,0.026762
2.080000,-0.009694,0.689733,1.015018,-0.007882,-0.043948,-0.004405,-0.510985,0.026754
2.081000,-0.009973,0.688755,1.014979,-0.007882,-0.043892,-0.004375,-0.510970,0.026746
2.082000,-0.008166,0.689902,1.014932,-0.007913,-0.043834,-0.004344,-0.510955,0.026739
2.083000,-0.008422,0.687698,1.014890,-0.007901,-0.043777,-0.004314,-0.510940,0.026731
2.084000,-0.006084,0.688455,1.014840,-0.007932,-0.043719,-0.004282,-0.510926,0.026723
2.085000,-0.006533,0.687691,1.014802,-0.007934,-0.043661,-0.004250,-0.510911,0.026715
2.086000,-0.007252,0.685995,1.014764,-0.007925,-0.043605,-0.004219,-0.510896,0.026707
2.087000,-0.007762,0.686024,1.014729,-0.007935,-0.043549,-0.004187,-0.510881,0.026699
2.088000,-0.005668,0.684708,1.014676,-0.007943,-0.043492,-0.004155,-0.510866,0.026691
2.089000,-0.005940,0.682381,1.014634,-0.007929,-0.043436,-0.004125,-0.510852,0.026683
2.090000,-0.005601,0.682519,1.014594,-0.007944,-0.043379,-0.004094,-0.510837,0.026675
2.091000,-0.005665,0.682356,1.014557,-0.007953,-0.043324,-0.004063,-0.510822,0.026667
2.092000,-0.005680,0.680590,1.014515,-0.007947,-0.043268,-0.004032,-0.510808,0.026659
2.093000,-0.006066,0.680285,1.014479,-0.007953,-0.043214,-0.004001,-0.510793,0.026651
2.094000,-0.005298,0.679043,1.014435,-0.007955,-0.043159,-0.003970,-0.510779,0.026643
2.095000,-0.003616,0.677083,1.014383,-0.007954,-0.043103,-0.003940,-0.510764,0.026635
2.096000,-0.004249,0.677490,1.014351,-0.007966,-0.043048,-0.003909,-0.510750,0.026627
2.097000,-0.003896,0.675915,1.014308,-0.007963,-0.042994,-0.003879,-0.510736,0.026619
2.098000,-0.004940,0.676851,1.014279,-0.007979,-0.042940,-0.003847,-0.510721,0.026611
2.099000,-0.003912,0.675535,1.014234,-0.007982,-0.042887,-0.003816,-0.510707,0.026603
2.100000,-0.003948,0.673565,1.014193,-0.007972,-0.042833,-0.003785,-0.510693,0.026596
2.101000,-0.029893,0.692433,1.014147,-0.007998,-0.042806,-0.003736,-0.510679,0.026588
2.102000,-0.027432,0.691482,1.014102,-0.008014,-0.042778,-0.003686,-0.510665,0.026580
2.103000,-0.027137,0.688759,1.014065,-0.008000,-0.042750,-0.003639,-0.510650,0.026572
2.104000,-0.025038,0.688859,1.014023,-0.008024,-0.042720,-0.003591,-0.510636,0.026564
2.105000,-0.023270,0.687418,1.013980,-0.008030,-0.042689,-0.003545,-0.510622,0.026555
2.106000,-0.022638,0.685284,1.013942,-0.008024,-0.042659,-0.003500,-0.510608,0.026547
2.107000,-0.020640,0.682545,1.013894,-0.008017,-0.042627,-0.003457,-0.510594,0.026539
2.108000,-0.020830,0.682094,1.013864,-0.008024,-0.042596,-0.003415,-0.510581,0.026531
2.109000,-0.016854,0.681511,1.013810,-0.008048,-0.042562,-0.003372,-0.510567,0.026523
2.110000,-0.017936,0.678875,1.013779,-0.008028,-0.042529,-0.003331,-0.510553,0.026515
2.111000,-0.017640,0.679943,1.013750,-0.008051,-0.042497,-0.003289,-0.510539,0.026507
2.112000,-0.015497,0.679296,1.013706,-0.008066,-0.042463,-0.003248,-0.510525,0.026499
2.113000,-0.015444,0.675339,1.013666,-0.008037,-0.042430,-0.003209,-0.510512,0.026491
2.114000,-0.012770,0.675998,1.013622,-0.008067,-0.042394,-0.003170,-0.510498,0.026483
2.115000,-0.012326,0.674139,1.013584,-0.008061,-0.042359,-0.003131,-0.510484,0.026475
2.116000,-0.010251,0.672870,1.013539,-0.008068,-0.042322,-0.003094,-0.510471,0.026467
2.117000,-0.011224,0.674677,1.013517,-0.008093,-0.042287,-0.003054,-0.510457,0.026459
2.118000,-0.007328,0.670520,1.013455,-0.008079,-0.042249,-0.003018,-0.510444,0.026451
2.119000,-0.008363,0.670149,1.013429,-0.008081,-0.042212,-0.002982,-0.510430,0.026443
2.120000,-0.006723,0.668984,1.013386,-0.008087,-0.042174,-0.002946,-0.510417,0.026435
2.121000,-0.004366,0.668723,1.013340,-0.008105,-0.042134,-0.002910,-0.510403,0.026427
2.122000,-0.004064,0.666115,1.013301,-0.008090,-0.042094,-0.002875,-0.510390,0.026419
2.123000,-0.003811,0.662775,1.013260,-0.008066,-0.042055,-0.002844,-0.510377,0.026410
2.124000,-0.002324,0.663958,1.013223,-0.008094,-0.042015,-0.002811,-0.510364,0.026402
2.125000,0.000297,0.663034,1.013174,-0.008107,-0.041972,-0.002778,-0.510350,0.026394
2.126000,0.001715,0.662293,1.013133,-0.008115,-0.041929,-0.002745,-0.510337,0.026386
2.127000,0.003064,0.658572,1.013084,-0.008093,-0.041885,-0.002716,-0.510324,0.026378
2.128000,0.004002,0.657810,1.013045,-0.008098,-0.041840,-0.002686,-0.510311,0.026370
2.129000,0.004199,0.657042,1.013009,-0.008100,-0.041795,-0.002657,-0.510298,0.026362
2.130000,0.006305,0.656089,1.012963,-0.008109,-0.041749,-0.002628,-0.510285,0.026354
2.131000,0.008451,0.656373,1.012919,-0.008131,-0.041701,-0.002598,-0.510272,0.026346
2.132000,0.009496,0.653665,1.012874,-0.008118,-0.041653,-0.002569,-0.510259,0.026338
2.133000,0.010721,0.652710,1.012831,-0.008122,-0.041604,-0.002541,-0.510246,0.026329
2.134000,0.011954,0.651878,1.012789,-0.008129,-0.041554,-0.002514,-0.510233,0.026321
2.135000,0.012674,0.649117,1.012745,-0.008113,-0.041503,-0.002488,-0.510220,0.026313
2.136000,0.014234,0.649043,1.012703,-0.008128,-0.041452,-0.002461,-0.510208,0.026305
2.137000,0.015764,0.648196,1.012659,-0.008135,-0.041399,-0.002435,-0.510195,0.026297
2.138000,0.016086,0.645736,1.012618,-0.008120,-0.041346,-0.002410,-0.510182,0.026289
2.139000,0.017292,0.643565,1.012572,-0.008112,-0.041293,-0.002387,-0.510170,0.026281
2.140000,0.018554,0.645091,1.012535,-0.008142,-0.041238,-0.002361,-0.510157,0.026273
2.141000,0.019963,0.644303,1.012491,-0.008149,-0.041183,-0.002335,-0.510145,0.026264
2.142000,0.022089,0.641383,1.012438,-0.008138,-0.041126,-0.002312,-0.510132,0.026256
2.143000,0.022368,0.641612,1.012403,-0.008150,-0.041069,-0.002287,-0.510120,0.026248
2.144000,0.023433,0.639077,1.012357,-0.008138,-0.041011,-0.002264,-0.510107,0.026240
2.145000,0.025091,0.638130,1.012311,-0.008145,-0.040952,-0.002241,-0.510095,0.026232
2.146000,0.025492,0.635960,1.012269,-0.008133,-0.040893,-0.002219,-0.510083,0.026224
2.147000,0.026231,0.636100,1.012230,-0.008146,-0.040834,-0.002197,-0.510070,0.026216
2.148000,0.027712,0.635867,1.012187,-0.008160,-0.040773,-0.002173,-0.510058,0.026207
2.149000,0.027698,0.633763,1.012147,-0.008147,-0.040713,-0.002151,-0.510046,0.026199
2.150000,0.029929,0.633268,1.012099,-0.008161,-0.040650,-0.002128,-0.510034,0.026191
2.151000,0.029511,0.631003,1.012061,-0.008145,-0.040589,-0.002107,-0.510022,0.026183
2.152000,0.030324,0.630474,1.012020,-0.008152,-0.040527,-0.002086,-0.510010,0.026175
2.153000,0.030940,0.627836,1.011976,-0.008136,-0.040465,-0.002066,-0.509998,0.026167
2.154000,0.033599,0.627952,1.011926,-0.008158,-0.040400,-0.002045,-0.509986,0.026159
2.155000,0.033002,0.625507,1.011889,-0.008139,-0.040337,-0.002025,-0.509974,0.026150
2.156000,0.034565,0.624373,1.011842,-0.008143,-0.040272,-0.002006,-0.509962,0.026142
2.157000,0.035879,0.624625,1.011800,-0.008160,-0.040206,-0.001985,-0.509950,0.026134
2.158000,0.036839,0.622641,1.011755,-0.008153,-0.040139,-0.001966,-0.509938,0.026126
2.159000,0.037671,0.619923,1.011708,-0.008137,-0.040072,-0.001948,-0.509927,0.026118
2.160000,0.037119,0.619361,1.011675,-0.008137,-0.040005,-0.001930,-0.509915,0.026110
2.161000,0.038279,0.618828,1.011632,-0.008145,-0.039938,-0.001911,-0.509903,0.026102
2.162000,0.040806,0.618336,1.011581,-0.008161,-0.039869,-0.001892,-0.509891,0.026093
2.163000,0.037290,0.617521,1.011563,-0.008145,-0.039803,-0.001872,-0.509880,0.026085
2.164000,0.040047,0.615444,1.011508,-0.008145,-0.039735,-0.001854,-0.509868,0.026077
2.165000,0.039716,0.615450,1.011475,-0.008152,-0.039667,-0.001834,-0.509857,0.026069
2.166000,0.038835,0.615686,1.011445,-0.008159,-0.039601,-0.001814,-0.509845,0.026061
2.167000,0.040659,0.612362,1.011393,-0.008142,-0.039533,-0.001795,-0.509834,0.026053
2.168000,0.039221,0.609555,1.011359,-0.008115,-0.039467,-0.001779,-0.509823,0.026044
2.169000,0.041144,0.609835,1.011314,-0.008135,-0.039399,-0.001761,-0.509811,0.026036
2.170000,0.042316,0.610937,1.011275,-0.008160,-0.039331,-0.001741,-0.509800,0.026028
2.171000,0.042417,0.608535,1.011234,-0.008145,-0.039262,-0.001722,-0.509789,0.026020
2.172000,0.044244,0.608366,1.011189,-0.008161,-0.039192,-0.001703,-0.509777,0.026012
2.173000,0.043218,0.606411,1.011155,-0.008145,-0.039123,-0.001684,-0.509766,0.026004
2.174000,0.044814,0.605556,1.011109,-0.008152,-0.039053,-0.001666,-0.509755,0.025996
2.175000,0.046479,0.603217,1.011059,-0.008145,-0.038982,-0.001648,-0.509744,0.025987
2.176000,0.046871,0.602195,1.011020,-0.008145,-0.038910,-0.001631,-0.509733,0.025979
2.177000,0.046685,0.602193,1.010986,-0.008153,-0.038839,-0.001612,-0.509722,0.025971
2.178000,0.048529,0.598982,1.010933,-0.008137,-0.038766,-0.001596,-0.509711,0.025963
2.179000,0.048484,0.598843,1.010897,-0.008144,-0.038694,-0.001579,-0.509700,0.025955
2.180000,0.050781,0.596944,1.010845,-0.008144,-0.038619,-0.001562,-0.509689,0.025947
2.181000,0.050557,0.596869,1.010810,-0.008151,-0.038545,-0.001544,-0.509678,0.025939
2.182000,0.052016,0.594602,1.010762,-0.008144,-0.038470,-0.001528,-0.509667,0.025930
2.183000,0.054098,0.594103,1.010713,-0.008157,-0.038393,-0.001511,-0.509657,0.025922
2.184000,0.054653,0.592616,1.010671,-0.008154,-0.038316,-0.001494,-0.509646,0.025914
2.185000,0.054490,0.591427,1.010633,-0.008150,-0.038239,-0.001478,-0.509635,0.025906
2.186000,0.055960,0.591508,1.010590,-0.008167,-0.038161,-0.001460,-0.509625,0.025898
2.187000,0.055974,0.589869,1.010550,-0.008160,-0.038083,-0.001442,-0.509614,0.025890
2.188000,0.056536,0.587101,1.010505,-0.008144,-0.038005,-0.001426,-0.509603,0.025882
2.189000,0.057106,0.586719,1.010465,-0.008152,-0.037926,-0.001410,-0.509593,0.025873
2.190000,0.058677,0.585077,1.010417,-0.008152,-0.037846,-0.001393,-0.509583,0.025865
2.191000,0.056702,0.584231,1.010390,-0.008144,-0.037769,-0.001377,-0.509572,0.025857
2.192000,0.058714,0.582404,1.010339,-0.008144,-0.037689,-0.001361,-0.509562,0.025849
2.193000,0.058933,0.580777,1.010299,-0.008137,-0.037610,-0.001346,-0.509551,0.025841
2.194000,0.060096,0.579734,1.010254,-0.008141,-0.037530,-0.001330,-0.509541,0.025833
2.195000,0.058848,0.580989,1.010229,-0.008158,-0.037451,-0.001312,-0.509531,0.025825
2.196000,0.060397,0.577950,1.010178,-0.008144,-0.037371,-0.001296,-0.509521,0.025816
2.197000,0.061860,0.575735,1.010129,-0.008137,-0.037290,-0.001281,-0.509510,0.025808
2.198000,0.063416,0.574443,1.010081,-0.008141,-0.037207,-0.001266,-0.509500,0.025800
2.199000,0.061152,0.573328,1.010056,-0.008128,-0.037127,-0.001250,-0.509490,0.025792
2.200000,0.062067,0.572449,1.010014,-0.008133,-0.037046,-0.001235,-0.509480,0.025784
2.201000,0.062621,0.571401,1.009973,-0.008134,-0.036965,-0.001219,-0.509470,0.025776
2.202000,0.062393,0.570613,1.009937,-0.008135,-0.036884,-0.001203,-0.509460,0.025768
2.203000,0.064343,0.568778,1.009887,-0.008135,-0.036802,-0.001187,-0.509450,0.025759
2.204000,0.065302,0.570210,1.009849,-0.008164,-0.036719,-0.001169,-0.509440,0.025751
2.205000,0.063301,0.565939,1.009815,-0.008121,-0.036638,-0.001154,-0.509431,0.025743
2.206000,0.063477,0.567198,1.009783,-0.008144,-0.036557,-0.001136,-0.509421,0.025735
2.207000,0.067031,0.563573,1.009719,-0.008134,-0.036473,-0.001121,-0.509411,0.025727
2.208000,0.065879,0.564603,1.009693,-0.008149,-0.036390,-0.001104,-0.509401,0.025719
2.209000,0.066202,0.563213,1.009653,-0.008147,-0.036308,-0.001086,-0.509392,0.025711
2.210000,0.065275,0.560495,1.009617,-0.008125,-0.036226,-0.001070,-0.509382,0.025702
2.211000,0.066821,0.561210,1.009576,-0.008149,-0.036143,-0.001053,-0.509372,0.025694
2.212000,0.065967,0.559043,1.009541,-0.008134,-0.036061,-0.001036,-0.509363,0.025686
2.213000,0.065504,0.560646,1.009513,-0.008158,-0.035980,-0.001016,-0.509353,0.025678
2.214000,0.065608,0.557656,1.009471,-0.008139,-0.035899,-0.000998,-0.509344,0.025670
2.215000,0.064203,0.557393,1.009445,-0.008140,-0.035820,-0.000979,-0.509334,0.025662
2.216000,0.064753,0.556238,1.009406,-0.008141,-0.035741,-0.000960,-0.509325,0.025654
2.217000,0.065984,0.554660,1.009361,-0.008141,-0.035660,-0.000942,-0.509315,0.025645
2.218000,0.065617,0.554707,1.009330,-0.008151,-0.035581,-0.000922,-0.509306,0.025637
2.219000,0.064601,0.551601,1.009295,-0.008124,-0.035502,-0.000904,-0.509297,0.025629
2.220000,0.065749,0.552027,1.009257,-0.008144,-0.035423,-0.000885,-0.509287,0.025621
2.221000,0.066390,0.549488,1.009214,-0.008132,-0.035343,-0.000866,-0.509278,0.025613
2.222000,0.066870,0.550105,1.009180,-0.008151,-0.035263,-0.000846,-0.509269,0.025605
2.223000,0.066355,0.549995,1.009149,-0.008158,-0.035184,-0.000825,-0.509260,0.025597
2.224000,0.066610,0.546847,1.009108,-0.008138,-0.035105,-0.000806,-0.509251,0.025588
2.225000,0.066909,0.543773,1.009066,-0.008118,-0.035026,-0.000789,-0.509241,0.025580
2.226000,0.064811,0.546398,1.009052,-0.008145,-0.034950,-0.000768,-0.509232,0.025572
2.227000,0.066429,0.545554,1.009008,-0.008155,-0.034872,-0.000747,-0.509223,0.025564
2.228000,0.065780,0.544009,1.008976,-0.008147,-0.034795,-0.000726,-0.509214,0.025556
2.229000,0.066178,0.541287,1.008936,-0.008132,-0.034718,-0.000707,-0.509205,0.025548
2.230000,0.067260,0.542800,1.008901,-0.008163,-0.034640,-0.000684,-0.509196,0.025540
2.231000,0.065554,0.539561,1.008871,-0.008133,-0.034564,-0.000665,-0.509187,0.025531
2.232000,0.066143,0.537276,1.008831,-0.008122,-0.034488,-0.000646,-0.509179,0.025523
2.233000,0.068198,0.535598,1.008784,-0.008124,-0.034410,-0.000627,-0.509170,0.025515
2.234000,0.069519,0.535266,1.008744,-0.008137,-0.034331,-0.000608,-0.509161,0.025507
2.235000,0.068890,0.536171,1.008718,-0.008154,-0.034253,-0.000587,-0.509152,0.025499
2.236000,0.068189,0.532371,1.008681,-0.008122,-0.034176,-0.000569,-0.509144,0.025491
2.237000,0.070478,0.532691,1.008637,-0.008146,-0.034097,-0.000548,-0.509135,0.025483
2.238000,0.071113,0.531336,1.008599,-0.008146,-0.034018,-0.000529,-0.509126,0.025475
2.239000,0.070884,0.531165,1.008568,-0.008154,-0.033939,-0.000508,-0.509118,0.025466
2.240000,0.070380,0.529522,1.008535,-0.008146,-0.033861,-0.000487,-0.509109,0.025458
2.241000,0.071334,0.528831,1.008497,-0.008154,-0.033782,-0.000466,-0.509101,0.025450
2.242000,0.070206,0.527474,1.008469,-0.008146,-0.033705,-0.000446,-0.509092,0.025442
2.243000,0.069120,0.526179,1.008441,-0.008138,-0.033629,-0.000425,-0.509084,0.025434
2.244000,0.070841,0.525093,1.008398,-0.008146,-0.033552,-0.000404,-0.509075,0.025426
2.245000,0.071776,0.523620,1.008359,-0.008145,-0.033474,-0.000384,-0.509067,0.025418
2.246000,0.071472,0.522702,1.008327,-0.008145,-0.033397,-0.000363,-0.509058,0.025409
2.247000,0.073179,0.521688,1.008285,-0.008153,-0.033318,-0.000343,-0.509050,0.025401
2.248000,0.071601,0.519827,1.008258,-0.008138,-0.033242,-0.000323,-0.509042,0.025393
2.249000,0.072280,0.519897,1.008224,-0.008152,-0.033165,-0.000301,-0.509034,0.025385
2.250000,0.072260,0.518142,1.008190,-0.008145,-0.033088,-0.000281,-0.509025,0.025377
2.251000,0.074628,0.516729,1.008143,-0.008152,-0.033009,-0.000260,-0.509017,0.025369
2.252000,0.073881,0.515997,1.008114,-0.008152,-0.032931,-0.000239,-0.509009,0.025360
2.253000,0.074085,0.514928,1.008080,-0.008153,-0.032853,-0.000218,-0.509001,0.025352
2.254000,0.073771,0.511697,1.008044,-0.008129,-0.032776,-0.000200,-0.508993,0.025344
2.255000,0.073701,0.512955,1.008017,-0.008152,-0.032700,-0.000178,-0.508985,0.025336
2.256000,0.072564,0.512490,1.007993,-0.008152,-0.032625,-0.000156,-0.508977,0.025328
2.257000,0.074987,0.510247,1.007944,-0.008151,-0.032547,-0.000135,-0.508969,0.025320
2.258000,0.073144,0.508529,1.007921,-0.008136,-0.032472,-0.000115,-0.508961,0.025312
2.259000,0.073797,0.507899,1.007886,-0.008143,-0.032396,-0.000094,-0.508953,0.025303
2.260000,0.073903,0.507739,1.007856,-0.008152,-0.032321,-0.000072,-0.508945,0.025295
2.261000,0.075435,0.507563,1.007817,-0.008168,-0.032245,-0.000050,-0.508937,0.025287
2.262000,0.075923,0.505465,1.007780,-0.008160,-0.032168,-0.000028,-0.508929,0.025279
2.263000,0.078834,0.503894,1.007731,-0.008168,-0.032089,-0.000007,-0.508922,0.025271
2.264000,0.079081,0.503262,1.007698,-0.008174,-0.032010,0.000015,-0.508914,0.025263
2.265000,0.078935,0.501708,1.007665,-0.008169,-0.031931,0.000037,-0.508906,0.025254
2.266000,0.079258,0.500631,1.007631,-0.008171,-0.031852,0.000059,-0.508898,0.025246
2.267000,0.078774,0.498769,1.007600,-0.008160,-0.031774,0.000080,-0.508891,0.025238
2.268000,0.078613,0.496998,1.007568,-0.008152,-0.031697,0.000100,-0.508883,0.025230
2.269000,0.078670,0.496723,1.007537,-0.008160,-0.031620,0.000121,-0.508876,0.025222
2.270000,0.080040,0.494236,1.007495,-0.008152,-0.031541,0.000141,-0.508868,0.025214
2.271000,0.080364,0.494557,1.007464,-0.008167,-0.031463,0.000163,-0.508861,0.025206
2.272000,0.079889,0.493474,1.007435,-0.008165,-0.031386,0.000184,-0.508853,0.025197
2.273000,0.081169,0.491430,1.007394,-0.008161,-0.031307,0.000205,-0.508846,0.025189
2.274000,0.079125,0.491750,1.007378,-0.008166,-0.031231,0.000227,-0.508838,0.025181
2.275000,0.080402,0.490447,1.007339,-0.008169,-0.031154,0.000249,-0.508831,0.025173
2.276000,0.080938,0.489598,1.007305,-0.008174,-0.031077,0.000271,-0.508824,0.025165
2.277000,0.082595,0.487687,1.007263,-0.008173,-0.030999,0.000293,-0.508816,0.025157
2.278000,0.080649,0.488633,1.007248,-0.008185,-0.030922,0.000316,-0.508809,0.025148
2.279000,0.079411,0.485728,1.007220,-0.008161,-0.030848,0.000338,-0.508802,0.025140
2.280000,0.080988,0.485444,1.007182,-0.008176,-0.030772,0.000361,-0.508795,0.025132
2.281000,0.081555,0.482573,1.007144,-0.008160,-0.030696,0.000382,-0.508787,0.025124
2.282000,0.080934,0.482507,1.007119,-0.008167,-0.030620,0.000404,-0.508780,0.025116
2.283000,0.081919,0.481811,1.007084,-0.008176,-0.030545,0.000427,-0.508773,0.025107
2.284000,0.081057,0.480312,1.007058,-0.008167,-0.030470,0.000449,-0.508766,0.025099
2.285000,0.082836,0.477037,1.007013,-0.008152,-0.030394,0.000469,-0.508759,0.025091
2.286000,0.083415,0.476482,1.006980,-0.008160,-0.030317,0.000489,-0.508752,0.025083
2.287000,0.083422,0.475464,1.006950,-0.008160,-0.030241,0.000510,-0.508745,0.025075
2.288000,0.082558,0.475398,1.006927,-0.008166,-0.030166,0.000532,-0.508738,0.025067
2.289000,0.084440,0.473819,1.006885,-0.008169,-0.030090,0.000553,-0.508731,0.025058
2.290000,0.083462,0.473158,1.006862,-0.008168,-0.030015,0.000575,-0.508724,0.025050
2.291000,0.083946,0.471050,1.006827,-0.008159,-0.029939,0.000596,-0.508717,0.025042
2.292000,0.085393,0.471579,1.006792,-0.008182,-0.029863,0.000618,-0.508711,0.025034
2.293000,0.085578,0.470294,1.006761,-0.008181,-0.029787,0.000641,-0.508704,0.025026
2.294000,0.085514,0.467332,1.006727,-0.008161,-0.029711,0.000661,-0.508697,0.025018
2.295000,0.085642,0.467644,1.006700,-0.008175,-0.029635,0.000683,-0.508690,0.025009
2.296000,0.086573,0.465991,1.006664,-0.008173,-0.029559,0.000705,-0.508684,0.025001
2.297000,0.084706,0.464578,1.006644,-0.008161,-0.029485,0.000726,-0.508677,0.024993
2.298000,0.086993,0.464613,1.006604,-0.008182,-0.029408,0.000748,-0.508670,0.024985
2.299000,0.085532,0.463416,1.006583,-0.008174,-0.029334,0.000770,-0.508664,0.024977
2.300000,0.086288,0.459730,1.006543,-0.008150,-0.029259,0.000790,-0.508657,0.024969
2.301000,0.088147,0.460199,1.006507,-0.008174,-0.029183,0.000811,-0.508651,0.024960
2.302000,0.086594,0.459135,1.006486,-0.008166,-0.029109,0.000833,-0.508644,0.024952
2.303000,0.086301,0.457873,1.006459,-0.008162,-0.029035,0.000854,-0.508638,0.024944
2.304000,0.086496,0.457474,1.006431,-0.008169,-0.028961,0.000876,-0.508631,0.024936
2.305000,0.086832,0.456797,1.006401,-0.008174,-0.028888,0.000898,-0.508625,0.024928
2.306000,0.086564,0.452799,1.006367,-0.008142,-0.028814,0.000918,-0.508618,0.024920
2.307000,0.087280,0.451499,1.006334,-0.008142,-0.028741,0.000937,-0.508612,0.024911
2.308000,0.087779,0.451043,1.006304,-0.008149,-0.028667,0.000957,-0.508606,0.024903
2.309000,0.089392,0.450928,1.006268,-0.008165,-0.028592,0.000978,-0.508599,0.024895
2.310000,0.087970,0.449757,1.006248,-0.008157,-0.028519,0.000999,-0.508593,0.024887
2.311000,0.087975,0.448764,1.006219,-0.008157,-0.028446,0.001020,-0.508587,0.024879
2.312000,0.087999,0.447769,1.006191,-0.008157,-0.028373,0.001041,-0.508581,0.024871
2.313000,0.088855,0.448507,1.006163,-0.008179,-0.028300,0.001064,-0.508574,0.024863
2.314000,0.086954,0.445688,1.006142,-0.008151,-0.028229,0.001085,-0.508568,0.024854
2.315000,0.089692,0.446178,1.006102,-0.008179,-0.028156,0.001108,-0.508562,0.024846
2.316000,0.089430,0.443912,1.006073,-0.008165,-0.028083,0.001129,-0.508556,0.024838
2.317000,0.088115,0.443648,1.006055,-0.008167,-0.028012,0.001152,-0.508550,0.024830
2.318000,0.089626,0.442569,1.006019,-0.008173,-0.027939,0.001174,-0.508544,0.024822
2.319000,0.090119,0.439587,1.005984,-0.008154,-0.027867,0.001195,-0.508538,0.024814
2.320000,0.089020,0.439499,1.005965,-0.008158,-0.027796,0.001216,-0.508532,0.024805
2.321000,0.086722,0.439396,1.005953,-0.008157,-0.027727,0.001239,-0.508526,0.024797
2.322000,0.087659,0.437958,1.005920,-0.008156,-0.027658,0.001261,-0.508520,0.024789
2.323000,0.088408,0.436641,1.005889,-0.008156,-0.027589,0.001282,-0.508514,0.024781
2.324000,0.088604,0.435596,1.005861,-0.008156,-0.027519,0.001304,-0.508508,0.024773
2.325000,0.089029,0.433741,1.005830,-0.008148,-0.027450,0.001325,-0.508502,0.024765
2.326000,0.090622,0.433508,1.005796,-0.008163,-0.027379,0.001347,-0.508496,0.024756
2.327000,0.087893,0.433773,1.005788,-0.008163,-0.027311,0.001370,-0.508491,0.024748
2.328000,0.089503,0.431362,1.005750,-0.008155,-0.027242,0.001392,-0.508485,0.024740
2.329000,0.088837,0.431405,1.005730,-0.008162,-0.027174,0.001414,-0.508479,0.024732
2.330000,0.089486,0.428671,1.005697,-0.008147,-0.027106,0.001436,-0.508473,0.024724
2.331000,0.089009,0.428040,1.005674,-0.008148,-0.027039,0.001457,-0.508468,0.024716
2.332000,0.089965,0.428902,1.005648,-0.008170,-0.026970,0.001480,-0.508462,0.024707
2.333000,0.090504,0.426188,1.005615,-0.008155,-0.026902,0.001502,-0.508456,0.024699
2.334000,0.089560,0.425677,1.005596,-0.008155,-0.026835,0.001524,-0.508451,0.024691
2.335000,0.091419,0.423111,1.005556,-0.008146,-0.026767,0.001545,-0.508445,0.024683
2.336000,0.090311,0.423499,1.005540,-0.008154,-0.026699,0.001567,-0.508440,0.024675
2.337000,0.089849,0.422788,1.005518,-0.008154,-0.026633,0.001589,-0.508434,0.024667
2.338000,0.090896,0.420595,1.005484,-0.008146,-0.026566,0.001610,-0.508429,0.024659
2.339000,0.091424,0.421036,1.005459,-0.008162,-0.026499,0.001633,-0.508423,0.024650
2.340000,0.092308,0.419602,1.005428,-0.008161,-0.026431,0.001655,-0.508418,0.024642
2.341000,0.091175,0.418472,1.005409,-0.008154,-0.026365,0.001677,-0.508412,0.024634
2.342000,0.090012,0.417378,1.005390,-0.008147,-0.026300,0.001699,-0.508407,0.024626
2.343000,0.091717,0.417194,1.005358,-0.008162,-0.026233,0.001721,-0.508401,0.024618
2.344000,0.091920,0.415410,1.005330,-0.008154,-0.026167,0.001743,-0.508396,0.024610
2.345000,0.092211,0.415144,1.005306,-0.008162,-0.026101,0.001766,-0.508391,0.024601
2.346000,0.091615,0.414489,1.005285,-0.008162,-0.026036,0.001789,-0.508385,0.024593
2.347000,0.090997,0.413048,1.005263,-0.008153,-0.025972,0.001811,-0.508380,0.024585
2.348000,0.093026,0.412030,1.005228,-0.008162,-0.025906,0.001834,-0.508375,0.024577
2.349000,0.092739,0.411919,1.005207,-0.008169,-0.025841,0.001857,-0.508370,0.024569
2.350000,0.091743,0.409948,1.005186,-0.008153,-0.025777,0.001879,-0.508364,0.024561
2.351000,0.091264,0.408575,1.005164,-0.008146,-0.025714,0.001901,-0.508359,0.024552
2.352000,0.093296,0.408229,1.005131,-0.008160,-0.025649,0.001924,-0.508354,0.024544
2.353000,0.093719,0.407193,1.005104,-0.008161,-0.025584,0.001946,-0.508349,0.024536
2.354000,0.092767,0.406725,1.005087,-0.008161,-0.025521,0.001969,-0.508344,0.024528
2.355000,0.092083,0.406031,1.005068,-0.008160,-0.025458,0.001993,-0.508339,0.024520
2.356000,0.093216,0.404725,1.005037,-0.008161,-0.025395,0.002015,-0.508334,0.024512
2.357000,0.091563,0.404472,1.005025,-0.008160,-0.025334,0.002039,-0.508329,0.024504
2.358000,0.093247,0.403032,1.004991,-0.008162,-0.025271,0.002062,-0.508324,0.024495
2.359000,0.092769,0.402152,1.004971,-0.008160,-0.025209,0.002085,-0.508319,0.024487
2.360000,0.092254,0.399944,1.004948,-0.008143,-0.025148,0.002107,-0.508314,0.024479
2.361000,0.093113,0.400097,1.004923,-0.008157,-0.025087,0.002130,-0.508309,0.024471
2.362000,0.092631,0.397350,1.004899,-0.008135,-0.025026,0.002151,-0.508304,0.024463
2.363000,0.091829,0.397694,1.004884,-0.008143,-0.024966,0.002173,-0.508299,0.024455
2.364000,0.091580,0.397797,1.004866,-0.008152,-0.024907,0.002196,-0.508294,0.024446
2.365000,0.093026,0.397027,1.004836,-0.008159,-0.024847,0.002220,-0.508289,0.024438
2.366000,0.092620,0.394316,1.004812,-0.008138,-0.024788,0.002241,-0.508284,0.024430
2.367000,0.092321,0.393462,1.004791,-0.008136,-0.024729,0.002263,-0.508279,0.024422
2.368000,0.093204,0.392737,1.004765,-0.008140,-0.024670,0.002285,-0.508275,0.024414
2.369000,0.094360,0.394056,1.004742,-0.008168,-0.024610,0.002309,-0.508270,0.024406
2.370000,0.093341,0.391203,1.004721,-0.008142,-0.024551,0.002331,-0.508265,0.024398
2.371000,0.095717,0.390813,1.004687,-0.008158,-0.024490,0.002353,-0.508260,0.024389
2.372000,0.094786,0.388855,1.004668,-0.008142,-0.024431,0.002375,-0.508256,0.024381
2.373000,0.095323,0.386226,1.004639,-0.008125,-0.024371,0.002395,-0.508251,0.024373
2.374000,0.096777,0.386749,1.004612,-0.008145,-0.024310,0.002416,-0.508246,0.024365
2.375000,0.097754,0.387366,1.004588,-0.008164,-0.024249,0.002439,-0.508242,0.024357
2.376000,0.095148,0.385474,1.004578,-0.008141,-0.024190,0.002460,-0.508237,0.024349
2.377000,0.095563,0.383738,1.004553,-0.008133,-0.024132,0.002481,-0.508233,0.024341
2.378000,0.096469,0.384170,1.004529,-0.008149,-0.024072,0.002503,-0.508228,0.024332
2.379000,0.097739,0.382005,1.004498,-0.008141,-0.024012,0.002524,-0.508224,0.024324
2.380000,0.099529,0.380433,1.004464,-0.008141,-0.023951,0.002545,-0.508219,0.024316
2.381000,0.098347,0.381784,1.004454,-0.008158,-0.023890,0.002567,-0.508215,0.024308
2.382000,0.098575,0.379836,1.004429,-0.008147,-0.023830,0.002589,-0.508210,0.024300
2.383000,0.098821,0.379885,1.004408,-0.008157,-0.023770,0.002611,-0.508206,0.024292
2.384000,0.098564,0.379613,1.004390,-0.008161,-0.023711,0.002634,-0.508201,0.024283
2.385000,0.099043,0.379496,1.004368,-0.008171,-0.023651,0.002658,-0.508197,0.024275
2.386000,0.098597,0.375886,1.004343,-0.008140,-0.023593,0.002679,-0.508192,0.024267
2.387000,0.097620,0.376298,1.004331,-0.008148,-0.023535,0.002701,-0.508188,0.024259
2.388000,0.099991,0.375937,1.004298,-0.008163,-0.023476,0.002724,-0.508184,0.024251
2.389000,0.099738,0.374513,1.004277,-0.008156,-0.023417,0.002747,-0.508180,0.024243
2.390000,0.099245,0.372616,1.004257,-0.008142,-0.023359,0.002768,-0.508175,0.024235
2.391000,0.098856,0.372543,1.004240,-0.008147,-0.023302,0.002790,-0.508171,0.024226
2.392000,0.099629,0.371943,1.004216,-0.008153,-0.023244,0.002813,-0.508167,0.024218
2.393000,0.100269,0.369736,1.004189,-0.008141,-0.023186,0.002834,-0.508163,0.024210
2.394000,0.099138,0.370659,1.004179,-0.008153,-0.023129,0.002857,-0.508158,0.024202
2.395000,0.099306,0.370060,1.004159,-0.008156,-0.023073,0.002880,-0.508154,0.024194
2.396000,0.100376,0.368643,1.004131,-0.008154,-0.023015,0.002902,-0.508150,0.024186
2.397000,0.101204,0.368815,1.004109,-0.008168,-0.022958,0.002926,-0.508146,0.024177
2.398000,0.100851,0.366843,1.004088,-0.008154,-0.022901,0.002948,-0.508142,0.024169
2.399000,0.099308,0.366109,1.004077,-0.008147,-0.022846,0.002971,-0.508138,0.024161
2.400000,0.100501,0.364328,1.004049,-0.008142,-0.022790,0.002993,-0.508134,0.024153
2.401000,0.238291,0.279209,1.004029,-0.008151,-0.022596,0.002930,-0.508129,0.024145
2.402000,0.232466,0.282309,1.004016,-0.008155,-0.022408,0.002873,-0.508125,0.024137
2.403000,0.228203,0.283457,1.003991,-0.008148,-0.022223,0.002821,-0.508121,0.024129
2.404000,0.223710,0.285590,1.003970,-0.008151,-0.022041,0.002773,-0.508117,0.024120
2.405000,0.219852,0.287172,1.003946,-0.008152,-0.021863,0.002729,-0.508113,0.024112
2.406000,0.214271,0.287921,1.003931,-0.008138,-0.021690,0.002689,-0.508110,0.024104
2.407000,0.210386,0.289211,1.003909,-0.008137,-0.021520,0.002653,-0.508106,0.024096
2.408000,0.207072,0.290810,1.003886,-0.008143,-0.021352,0.002621,-0.508102,0.024088
2.409000,0.202322,0.293421,1.003874,-0.008155,-0.021189,0.002594,-0.508098,0.024080
2.410000,0.196829,0.294153,1.003863,-0.008144,-0.021032,0.002571,-0.508094,0.024071
2.411000,0.195663,0.294993,1.003829,-0.008155,-0.020874,0.002550,-0.508090,0.024063
2.412000,0.190717,0.294011,1.003813,-0.008130,-0.020722,0.002531,-0.508086,0.024055
2.413000,0.187643,0.294538,1.003790,-0.008130,-0.020572,0.002515,-0.508082,0.024047
2.414000,0.184282,0.295943,1.003773,-0.008138,-0.020426,0.002502,-0.508079,0.024039
2.415000,0.181728,0.295970,1.003748,-0.008136,-0.020282,0.002492,-0.508075,0.024031
2.416000,0.179784,0.296935,1.003724,-0.008147,-0.020139,0.002485,-0.508071,0.024023
2.417000,0.176301,0.296589,1.003705,-0.008138,-0.020000,0.002479,-0.508067,0.024014
2.418000,0.172284,0.296477,1.003691,-0.008129,-0.019865,0.002476,-0.508064,0.024006
2.419000,0.169484,0.297421,1.003673,-0.008138,-0.019733,0.002475,-0.508060,0.023998
2.420000,0.165827,0.296329,1.003657,-0.008121,-0.019604,0.002475,-0.508056,0.023990
2.421000,0.164369,0.296677,1.003632,-0.008129,-0.019477,0.002478,-0.508053,0.023982
2.422000,0.162017,0.297262,1.003613,-0.008137,-0.019352,0.002483,-0.508049,0.023974
2.423000,0.158029,0.298000,1.003605,-0.008138,-0.019231,0.002491,-0.508045,0.023966
2.424000,0.156625,0.296976,1.003579,-0.008134,-0.019112,0.002499,-0.508042,0.023958
2.425000,0.155344,0.298735,1.003560,-0.008159,-0.018994,0.002511,-0.508038,0.023949
2.426000,0.152782,0.296356,1.003538,-0.008137,-0.018879,0.002523,-0.508035,0.023941
2.427000,0.149071,0.295943,1.003528,-0.008129,-0.018768,0.002536,-0.508031,0.023933
2.428000,0.147272,0.296266,1.003510,-0.008137,-0.018658,0.002550,-0.508028,0.023925
2.429000,0.146104,0.296208,1.003488,-0.008144,-0.018551,0.002567,-0.508024,0.023917
2.430000,0.144648,0.296309,1.003469,-0.008152,-0.018444,0.002585,-0.508021,0.023909
2.431000,0.140882,0.294311,1.003458,-0.008128,-0.018342,0.002602,-0.508017,0.023901
2.432000,0.141078,0.295222,1.003433,-0.008152,-0.018240,0.002622,-0.508014,0.023892
2.433000,0.138848,0.294839,1.003419,-0.008152,-0.018141,0.002644,-0.508010,0.023884
2.434000,0.135986,0.292447,1.003404,-0.008128,-0.018044,0.002664,-0.508007,0.023876
2.435000,0.134406,0.291823,1.003386,-0.008128,-0.017950,0.002685,-0.508003,0.023868
2.436000,0.131570,0.291963,1.003378,-0.008130,-0.017859,0.002708,-0.508000,0.023860
2.437000,0.133009,0.292747,1.003348,-0.008158,-0.017766,0.002733,-0.507997,0.023852
2.438000,0.130112,0.291857,1.003339,-0.008150,-0.017677,0.002758,-0.507993,0.023844
2.439000,0.129220,0.290086,1.003317,-0.008142,-0.017589,0.002783,-0.507990,0.023835
2.440000,0.126171,0.287899,1.003306,-0.008118,-0.017505,0.002807,-0.507987,0.023827
2.441000,0.126689,0.287215,1.003280,-0.008127,-0.017420,0.002832,-0.507983,0.023819
2.442000,0.123892,0.287280,1.003274,-0.008128,-0.017339,0.002858,-0.507980,0.023811
2.443000,0.122706,0.286167,1.003257,-0.008124,-0.017259,0.002884,-0.507977,0.023803
2.444000,0.121566,0.287126,1.003245,-0.008141,-0.017181,0.002912,-0.507974,0.023795
2.445000,0.119740,0.285113,1.003230,-0.008125,-0.017105,0.002939,-0.507970,0.023787
2.446000,0.118924,0.284427,1.003214,-0.008127,-0.017030,0.002967,-0.507967,0.023778
2.447000,0.118006,0.284019,1.003198,-0.008131,-0.016956,0.002996,-0.507964,0.023770
2.448000,0.117904,0.282261,1.003176,-0.008125,-0.016883,0.003024,-0.507961,0.023762
2.449000,0.117521,0.282770,1.003160,-0.008141,-0.016811,0.003053,-0.507957,0.023754
2.450000,0.116027,0.282210,1.003149,-0.008142,-0.016741,0.003083,-0.507954,0.023746
2.451000,0.114904,0.280080,1.003132,-0.008127,-0.016672,0.003112,-0.507951,0.023738
2.452000,0.113964,0.279028,1.003117,-0.008124,-0.016605,0.003141,-0.507948,0.023730
2.453000,0.112480,0.279563,1.003109,-0.008134,-0.016540,0.003172,-0.507945,0.023722
2.454000,0.111465,0.277168,1.003092,-0.008117,-0.016476,0.003201,-0.507942,0.023713
2.455000,0.111020,0.277722,1.003079,-0.008132,-0.016413,0.003231,-0.507939,0.023705
2.456000,0.110000,0.274733,1.003061,-0.008108,-0.016351,0.003260,-0.507936,0.023697
2.457000,0.110470,0.275750,1.003045,-0.008132,-0.016290,0.003290,-0.507933,0.023689
2.458000,0.108862,0.274545,1.003035,-0.008123,-0.016230,0.003321,-0.507929,0.023681
2.459000,0.108738,0.272149,1.003014,-0.008109,-0.016171,0.003349,-0.507926,0.023673
2.460000,0.108243,0.273319,1.003004,-0.008129,-0.016113,0.003380,-0.507923,0.023665
2.461000,0.107181,0.270676,1.002988,-0.008108,-0.016057,0.003409,-0.507920,0.023657
2.462000,0.107042,0.271852,1.002977,-0.008130,-0.016001,0.003440,-0.507917,0.023648
2.463000,0.105626,0.267711,1.002960,-0.008091,-0.015947,0.003468,-0.507914,0.023640
2.464000,0.105965,0.268827,1.002946,-0.008113,-0.015893,0.003497,-0.507911,0.023632
2.465000,0.103964,0.269436,1.002945,-0.008121,-0.015841,0.003528,-0.507909,0.023624
2.466000,0.105347,0.266442,1.002916,-0.008106,-0.015789,0.003557,-0.507906,0.023616
2.467000,0.104298,0.265883,1.002906,-0.008105,-0.015738,0.003586,-0.507903,0.023608
2.468000,0.104720,0.266398,1.002892,-0.008121,-0.015687,0.003617,-0.507900,0.023600
2.469000,0.103865,0.265028,1.002880,-0.008113,-0.015637,0.003646,-0.507897,0.023592
2.470000,0.102924,0.264704,1.002871,-0.008115,-0.015589,0.003676,-0.507894,0.023583
2.471000,0.105229,0.261113,1.002836,-0.008097,-0.015539,0.003704,-0.507891,0.023575
2.472000,0.104089,0.262209,1.002831,-0.008112,-0.015491,0.003733,-0.507888,0.023567
2.473000,0.101797,0.258561,1.002823,-0.008072,-0.015445,0.003759,-0.507885,0.023559
2.474000,0.100992,0.259793,1.002817,-0.008089,-0.015400,0.003787,-0.507883,0.023551
2.475000,0.104308,0.258124,1.002782,-0.008095,-0.015353,0.003814,-0.507880,0.023543
2.476000,0.102332,0.258024,1.002780,-0.008093,-0.015308,0.003842,-0.507877,0.023535
2.477000,0.103488,0.257045,1.002759,-0.008096,-0.015262,0.003869,-0.507874,0.023527
2.478000,0.103314,0.257706,1.002749,-0.008110,-0.015216,0.003898,-0.507871,0.023519
2.479000,0.103570,0.255063,1.002729,-0.008092,-0.015171,0.003925,-0.507869,0.023511
2.480000,0.103939,0.253802,1.002711,-0.008088,-0.015126,0.003951,-0.507866,0.023502
2.481000,0.104075,0.252117,1.002694,-0.008078,-0.015081,0.003977,-0.507863,0.023494
2.482000,0.103562,0.254589,1.002690,-0.008109,-0.015038,0.004005,-0.507861,0.023486
2.483000,0.103813,0.252393,1.002672,-0.008095,-0.014994,0.004032,-0.507858,0.023478
2.484000,0.103951,0.251218,1.002656,-0.008091,-0.014950,0.004058,-0.507855,0.023470
2.485000,0.102329,0.249280,1.002649,-0.008070,-0.014909,0.004083,-0.507853,0.023462
2.486000,0.105248,0.250192,1.002623,-0.008100,-0.014865,0.004110,-0.507850,0.023454
2.487000,0.103461,0.248019,1.002616,-0.008076,-0.014823,0.004135,-0.507847,0.023446
2.488000,0.103712,0.247260,1.002601,-0.008076,-0.014781,0.004160,-0.507845,0.023438
2.489000,0.105718,0.247247,1.002578,-0.008091,-0.014738,0.004185,-0.507842,0.023430
2.490000,0.104565,0.247194,1.002572,-0.008092,-0.014696,0.004211,-0.507840,0.023422
2.491000,0.104323,0.244761,1.002556,-0.008073,-0.014655,0.004236,-0.507837,0.023414
2.492000,0.106114,0.245205,1.002536,-0.008092,-0.014613,0.004261,-0.507834,0.023405
2.493000,0.104949,0.244108,1.002528,-0.008082,-0.014572,0.004286,-0.507832,0.023397
2.494000,0.103826,0.243242,1.002521,-0.008074,-0.014532,0.004311,-0.507829,0.023389
2.495000,0.104436,0.242373,1.002505,-0.008073,-0.014492,0.004335,-0.507827,0.023381
2.496000,0.106605,0.240237,1.002476,-0.008067,-0.014451,0.004358,-0.507824,0.023373
2.497000,0.104901,0.238557,1.002470,-0.008047,-0.014411,0.004380,-0.507822,0.023365
2.498000,0.105587,0.239576,1.002458,-0.008066,-0.014371,0.004403,-0.507819,0.023357
2.499000,0.105846,0.239366,1.002445,-0.008071,-0.014331,0.004427,-0.507817,0.023349
2.500000,0.106234,0.239078,1.002431,-0.008075,-0.014292,0.004451,-0.507814,0.023341
2.501000,0.105938,0.237399,1.002417,-0.008062,-0.014252,0.004474,-0.507812,0.023333
2.502000,0.107591,0.236442,1.002395,-0.008065,-0.014212,0.004497,-0.507810,0.023325
2.503000,0.106028,0.236431,1.002392,-0.008063,-0.014173,0.004520,-0.507807,0.023317
2.504000,0.105561,0.235375,1.002382,-0.008055,-0.014136,0.004543,-0.507805,0.023309
2.505000,0.106367,0.234992,1.002366,-0.008060,-0.014097,0.004566,-0.507802,0.023300
2.506000,0.107482,0.232625,1.002343,-0.008045,-0.014058,0.004587,-0.507800,0.023292
2.507000,0.107876,0.232760,1.002330,-0.008053,-0.014019,0.004609,-0.507798,0.023284
2.508000,0.106621,0.232338,1.002326,-0.008048,-0.013982,0.004631,-0.507795,0.023276
2.509000,0.108522,0.229949,1.002299,-0.008037,-0.013943,0.004651,-0.507793,0.023268
2.510000,0.110165,0.230172,1.002279,-0.008051,-0.013902,0.004672,-0.507791,0.023260
2.511000,0.108941,0.229396,1.002273,-0.008042,-0.013863,0.004693,-0.507788,0.023252
2.512000,0.108037,0.229436,1.002268,-0.008043,-0.013826,0.004714,-0.507786,0.023244
2.513000,0.108216,0.227934,1.002253,-0.008032,-0.013788,0.004735,-0.507784,0.023236
2.514000,0.107689,0.228919,1.002248,-0.008045,-0.013752,0.004757,-0.507782,0.023228
2.515000,0.110710,0.228479,1.002219,-0.008058,-0.013712,0.004779,-0.507779,0.023220
2.516000,0.109645,0.225560,1.002208,-0.008028,-0.013674,0.004799,-0.507777,0.023212
2.517000,0.109562,0.226457,1.002200,-0.008041,-0.013637,0.004820,-0.507775,0.023204
2.518000,0.109077,0.224682,1.002188,-0.008025,-0.013600,0.004840,-0.507773,0.023196
2.519000,0.110909,0.224256,1.002166,-0.008033,-0.013562,0.004861,-0.507771,0.023188
2.520000,0.112018,0.224952,1.002151,-0.008049,-0.013523,0.004882,-0.507768,0.023180
2.521000,0.112150,0.221327,1.002131,-0.008017,-0.013484,0.004901,-0.507766,0.023172
2.522000,0.112495,0.219662,1.002115,-0.008005,-0.013445,0.004918,-0.507764,0.023164
2.523000,0.112646,0.220356,1.002105,-0.008016,-0.013406,0.004937,-0.507762,0.023156
2.524000,0.112184,0.218457,1.002092,-0.007998,-0.013368,0.004954,-0.507760,0.023148
2.525000,0.113828,0.220251,1.002077,-0.008027,-0.013328,0.004974,-0.507758,0.023140
2.526000,0.113009,0.217563,1.002064,-0.008000,-0.013290,0.004992,-0.507756,0.023132
2.527000,0.115124,0.217076,1.002041,-0.008008,-0.013249,0.005009,-0.507754,0.023124
2.528000,0.113719,0.215513,1.002034,-0.007988,-0.013211,0.005026,-0.507752,0.023116
2.529000,0.114625,0.217781,1.002024,-0.008019,-0.013172,0.005046,-0.507750,0.023108
2.530000,0.114205,0.215362,1.002010,-0.007996,-0.013133,0.005063,-0.507748,0.023100
2.531000,0.115469,0.213572,1.001988,-0.007987,-0.013094,0.005080,-0.507746,0.023092
2.532000,0.115557,0.213935,1.001978,-0.007994,-0.013054,0.005098,-0.507744,0.023084
2.533000,0.115155,0.212467,1.001966,-0.007980,-0.013016,0.005114,-0.507742,0.023076
2.534000,0.117651,0.212234,1.001941,-0.007993,-0.012975,0.005131,-0.507740,0.023068
2.535000,0.115478,0.211947,1.001942,-0.007983,-0.012936,0.005149,-0.507738,0.023060
2.536000,0.116434,0.210439,1.001922,-0.007975,-0.012897,0.005165,-0.507736,0.023052
2.537000,0.117274,0.211171,1.001909,-0.007989,-0.012857,0.005183,-0.507734,0.023044
2.538000,0.117618,0.209339,1.001892,-0.007975,-0.012817,0.005199,-0.507732,0.023036
2.539000,0.115527,0.210473,1.001896,-0.007981,-0.012780,0.005217,-0.507730,0.023028
2.540000,0.116376,0.207590,1.001874,-0.007958,-0.012742,0.005233,-0.507728,0.023020
2.541000,0.116177,0.207987,1.001866,-0.007964,-0.012704,0.005250,-0.507726,0.023012
2.542000,0.116567,0.206145,1.001849,-0.007949,-0.012666,0.005266,-0.507724,0.023004
2.543000,0.115784,0.206020,1.001843,-0.007947,-0.012629,0.005282,-0.507723,0.022996
2.544000,0.116611,0.205437,1.001827,-0.007947,-0.012592,0.005298,-0.507721,0.022988
2.545000,0.118671,0.205522,1.001806,-0.007960,-0.012553,0.005314,-0.507719,0.022980
2.546000,0.117451,0.203481,1.001798,-0.007936,-0.012515,0.005330,-0.507717,0.022972
2.547000,0.117416,0.202044,1.001784,-0.007924,-0.012477,0.005344,-0.507715,0.022964
2.548000,0.117286,0.202795,1.001777,-0.007933,-0.012440,0.005360,-0.507714,0.022956
2.549000,0.117355,0.200487,1.001761,-0.007912,-0.012403,0.005373,-0.507712,0.022948
2.550000,0.119121,0.201550,1.001744,-0.007933,-0.012365,0.005389,-0.507710,0.022940
2.551000,0.118218,0.200425,1.001736,-0.007919,-0.012327,0.005404,-0.507708,0.022932
2.552000,0.118631,0.199498,1.001722,-0.007914,-0.012290,0.005418,-0.507707,0.022924
2.553000,0.119378,0.197707,1.001703,-0.007901,-0.012252,0.005432,-0.507705,0.022917
2.554000,0.120008,0.197164,1.001688,-0.007900,-0.012213,0.005445,-0.507703,0.022909
2.555000,0.119863,0.198256,1.001681,-0.007913,-0.012175,0.005460,-0.507701,0.022901
2.556000,0.120797,0.196020,1.001661,-0.007896,-0.012136,0.005474,-0.507700,0.022893
2.557000,0.119157,0.195838,1.001659,-0.007888,-0.012099,0.005487,-0.507698,0.022885
2.558000,0.120338,0.194432,1.001640,-0.007881,-0.012061,0.005500,-0.507696,0.022877
2.559000,0.121129,0.194009,1.001624,-0.007882,-0.012023,0.005513,-0.507695,0.022869
2.560000,0.119380,0.193336,1.001622,-0.007869,-0.011986,0.005526,-0.507693,0.022861
2.561000,0.120261,0.192927,1.001607,-0.007870,-0.011948,0.005540,-0.507692,0.022853
2.562000,0.121397,0.193570,1.001592,-0.007884,-0.011910,0.005554,-0.507690,0.022846
2.563000,0.121051,0.191173,1.001578,-0.007859,-0.011872,0.005566,-0.507688,0.022838
2.564000,0.121325,0.191821,1.001568,-0.007869,-0.011835,0.005580,-0.507687,0.022830
2.565000,0.121369,0.190637,1.001556,-0.007858,-0.011797,0.005593,-0.507685,0.022822
2.566000,0.121593,0.188210,1.001539,-0.007836,-0.011759,0.005605,-0.507684,0.022814
2.567000,0.123482,0.188529,1.001519,-0.007849,-0.011720,0.005617,-0.507682,0.022806
2.568000,0.122911,0.187936,1.001511,-0.007842,-0.011681,0.005629,-0.507681,0.022798
2.569000,0.123832,0.186373,1.001492,-0.007831,-0.011642,0.005640,-0.507679,0.022791
2.570000,0.123724,0.187877,1.001486,-0.007848,-0.011603,0.005653,-0.507678,0.022783
2.571000,0.124021,0.185834,1.001469,-0.007830,-0.011563,0.005665,-0.507676,0.022775
2.572000,0.124443,0.184040,1.001453,-0.007814,-0.011524,0.005676,-0.507675,0.022767
2.573000,0.125429,0.184757,1.001439,-0.007828,-0.011484,0.005688,-0.507673,0.022759
2.574000,0.124594,0.182070,1.001427,-0.007797,-0.011444,0.005697,-0.507672,0.022751
2.575000,0.122938,0.181714,1.001425,-0.007787,-0.011407,0.005707,-0.507670,0.022744
2.576000,0.127662,0.181770,1.001389,-0.007810,-0.011365,0.005718,-0.507669,0.022736
2.577000,0.128035,0.181417,1.001375,-0.007809,-0.011323,0.005729,-0.507668,0.022728
2.578000,0.127320,0.179465,1.001364,-0.007787,-0.011281,0.005739,-0.507666,0.022720
2.579000,0.127449,0.179865,1.001354,-0.007793,-0.011240,0.005749,-0.507665,0.022712
2.580000,0.128822,0.180041,1.001336,-0.007803,-0.011197,0.005761,-0.507663,0.022705
2.581000,0.126200,0.178388,1.001337,-0.007776,-0.011157,0.005771,-0.507662,0.022697
2.582000,0.128364,0.175781,1.001308,-0.007759,-0.011116,0.005780,-0.507661,0.022689
2.583000,0.128050,0.177790,1.001304,-0.007780,-0.011074,0.005791,-0.507659,0.022681
2.584000,0.129233,0.177206,1.001286,-0.007781,-0.011032,0.005802,-0.507658,0.022673
2.585000,0.129061,0.174671,1.001270,-0.007755,-0.010990,0.005811,-0.507657,0.022666
2.586000,0.128949,0.174745,1.001261,-0.007757,-0.010948,0.005821,-0.507656,0.022658
2.587000,0.128134,0.173739,1.001253,-0.007744,-0.010907,0.005830,-0.507654,0.022650
2.588000,0.130925,0.174045,1.001227,-0.007761,-0.010864,0.005841,-0.507653,0.022642
2.589000,0.130455,0.172410,1.001215,-0.007743,-0.010821,0.005850,-0.507652,0.022635
2.590000,0.130375,0.172353,1.001205,-0.007744,-0.010778,0.005860,-0.507651,0.022627
2.591000,0.130769,0.169016,1.001185,-0.007712,-0.010735,0.005868,-0.507649,0.022619
2.592000,0.130538,0.168769,1.001175,-0.007709,-0.010693,0.005875,-0.507648,0.022612
2.593000,0.132220,0.169365,1.001156,-0.007724,-0.010649,0.005884,-0.507647,0.022604
2.594000,0.131177,0.169654,1.001152,-0.007723,-0.010606,0.005894,-0.507646,0.022596
2.595000,0.132874,0.168145,1.001128,-0.007717,-0.010562,0.005903,-0.507645,0.022588
2.596000,0.130900,0.166558,1.001125,-0.007693,-0.010519,0.005911,-0.507644,0.022581
2.597000,0.132174,0.165056,1.001104,-0.007684,-0.010476,0.005919,-0.507643,0.022573
2.598000,0.130917,0.166018,1.001103,-0.007689,-0.010434,0.005928,-0.507641,0.022565
2.599000,0.131495,0.165560,1.001088,-0.007688,-0.010391,0.005937,-0.507640,0.022558
2.600000,0.132551,0.165821,1.001073,-0.007696,-0.010347,0.005947,-0.507639,0.022550
2.601000,0.134017,0.164735,1.001052,-0.007693,-0.010303,0.005956,-0.507638,0.022542
2.602000,0.133974,0.161108,1.001033,-0.007657,-0.010258,0.005963,-0.507637,0.022534
2.603000,0.133421,0.162953,1.001029,-0.007674,-0.010214,0.005972,-0.507636,0.022527
2.604000,0.133768,0.160022,1.001010,-0.007647,-0.010170,0.005979,-0.507635,0.022519
2.605000,0.133960,0.159664,1.000998,-0.007645,-0.010126,0.005986,-0.507634,0.022512
2.606000,0.133508,0.159258,1.000989,-0.007639,-0.010082,0.005993,-0.507633,0.022504
2.607000,0.133976,0.159246,1.000975,-0.007642,-0.010038,0.006001,-0.507632,0.022496
2.608000,0.133197,0.158101,1.000967,-0.007628,-0.009995,0.006009,-0.507631,0.022489
2.609000,0.135653,0.156983,1.000940,-0.007628,-0.009949,0.006016,-0.507630,0.022481
2.610000,0.134911,0.158946,1.000938,-0.007646,-0.009904,0.006025,-0.507629,0.022473
2.611000,0.134277,0.155986,1.000924,-0.007614,-0.009860,0.006033,-0.507628,0.022466
2.612000,0.134988,0.154605,1.000907,-0.007604,-0.009816,0.006040,-0.507627,0.022458
2.613000,0.132043,0.153834,1.000911,-0.007583,-0.009775,0.006046,-0.507626,0.022450
2.614000,0.133702,0.154228,1.000893,-0.007595,-0.009731,0.006054,-0.507626,0.022443
2.615000,0.134710,0.153360,1.000875,-0.007591,-0.009688,0.006061,-0.507625,0.022435
2.616000,0.133022,0.153191,1.000874,-0.007583,-0.009645,0.006069,-0.507624,0.022428
2.617000,0.134736,0.151707,1.000851,-0.007576,-0.009602,0.006076,-0.507623,0.022420
2.618000,0.133030,0.149421,1.000845,-0.007545,-0.009560,0.006081,-0.507622,0.022413
2.619000,0.134211,0.147887,1.000825,-0.007534,-0.009517,0.006086,-0.507621,0.022405
2.620000,0.132995,0.149563,1.000825,-0.007546,-0.009475,0.006093,-0.507620,0.022397
2.621000,0.134614,0.147291,1.000801,-0.007530,-0.009432,0.006098,-0.507620,0.022390
2.622000,0.135308,0.148221,1.000789,-0.007543,-0.009388,0.006105,-0.507619,0.022382
2.623000,0.135451,0.146802,1.000775,-0.007530,-0.009344,0.006111,-0.507618,0.022375
2.624000,0.135400,0.144061,1.000759,-0.007501,-0.009301,0.006114,-0.507617,0.022367
2.625000,0.135895,0.145599,1.000749,-0.007519,-0.009256,0.006121,-0.507617,0.022360
2.626000,0.135347,0.143762,1.000738,-0.007498,-0.009213,0.006125,-0.507616,0.022352
2.627000,0.136862,0.143102,1.000717,-0.007498,-0.009168,0.006130,-0.507615,0.022345
2.628000,0.135594,0.144860,1.000719,-0.007511,-0.009124,0.006138,-0.507614,0.022337
2.629000,0.136862,0.143513,1.000698,-0.007504,-0.009079,0.006144,-0.507614,0.022330
2.630000,0.135792,0.141473,1.000689,-0.007478,-0.009036,0.006150,-0.507613,0.022322
2.631000,0.133509,0.141177,1.000692,-0.007465,-0.008994,0.006155,-0.507612,0.022315
2.632000,0.135945,0.140981,1.000668,-0.007474,-0.008951,0.006161,-0.507612,0.022307
2.633000,0.136197,0.139664,1.000653,-0.007462,-0.008907,0.006167,-0.507611,0.022300
2.634000,0.134088,0.139571,1.000655,-0.007452,-0.008866,0.006173,-0.507610,0.022292
2.635000,0.135132,0.137871,1.000636,-0.007439,-0.008823,0.006178,-0.507610,0.022285
2.636000,0.134964,0.137427,1.000626,-0.007433,-0.008781,0.006183,-0.507609,0.022278
2.637000,0.136467,0.137376,1.000608,-0.007440,-0.008737,0.006188,-0.507608,0.022270
2.638000,0.135572,0.136307,1.000601,-0.007425,-0.008694,0.006194,-0.507608,0.022263
2.639000,0.137907,0.136616,1.000578,-0.007439,-0.008649,0.006200,-0.507607,0.022255
2.640000,0.137720,0.134928,1.000565,-0.007421,-0.008604,0.006205,-0.507607,0.022248
2.641000,0.137221,0.133632,1.000555,-0.007406,-0.008560,0.006210,-0.507606,0.022240
2.642000,0.138903,0.134115,1.000537,-0.007419,-0.008515,0.006215,-0.507605,0.022233
2.643000,0.138341,0.132125,1.000525,-0.007396,-0.008469,0.006220,-0.507605,0.022226
2.644000,0.138696,0.131886,1.000513,-0.007396,-0.008424,0.006225,-0.507604,0.022218
2.645000,0.138619,0.131603,1.000502,-0.007393,-0.008379,0.006230,-0.507604,0.022211
2.646000,0.138488,0.129933,1.000489,-0.007375,-0.008334,0.006234,-0.507603,0.022203
2.647000,0.138578,0.127830,1.000474,-0.007354,-0.008289,0.006237,-0.507603,0.022196
2.648000,0.138774,0.129844,1.000467,-0.007376,-0.008243,0.006242,-0.507602,0.022189
2.649000,0.139996,0.128386,1.000447,-0.007367,-0.008197,0.006247,-0.507602,0.022181
2.650000,0.138779,0.128740,1.000445,-0.007365,-0.008152,0.006253,-0.507601,0.022174
2.651000,0.142750,0.128101,1.000411,-0.007378,-0.008103,0.006259,-0.507601,0.022166
2.652000,0.140999,0.125838,1.000405,-0.007347,-0.008056,0.006263,-0.507601,0.022159
2.653000,0.140181,0.125832,1.000399,-0.007344,-0.008010,0.006268,-0.507600,0.022152
2.654000,0.141328,0.126057,1.000383,-0.007352,-0.007962,0.006274,-0.507600,0.022144
2.655000,0.141746,0.124051,1.000366,-0.007335,-0.007915,0.006279,-0.507599,0.022137
2.656000,0.142246,0.125342,1.000356,-0.007351,-0.007867,0.006285,-0.507599,0.022130
2.657000,0.140444,0.122878,1.000350,-0.007319,-0.007821,0.006290,-0.507599,0.022122
2.658000,0.140919,0.120832,1.000333,-0.007300,-0.007774,0.006294,-0.507598,0.022115
2.659000,0.141733,0.121847,1.000321,-0.007315,-0.007727,0.006299,-0.507598,0.022108
2.660000,0.141618,0.121044,1.000309,-0.007307,-0.007680,0.006304,-0.507598,0.022100
2.661000,0.142609,0.119121,1.000289,-0.007292,-0.007631,0.006308,-0.507597,0.022093
2.662000,0.142832,0.119721,1.000279,-0.007300,-0.007583,0.006313,-0.507597,0.022086
2.663000,0.141929,0.118257,1.000271,-0.007282,-0.007536,0.006318,-0.507597,0.022079
2.664000,0.143474,0.119002,1.000254,-0.007297,-0.007487,0.006324,-0.507597,0.022071
2.665000,0.141044,0.117415,1.000254,-0.007271,-0.007441,0.006329,-0.507596,0.022064
2.666000,0.143059,0.118052,1.000234,-0.007288,-0.007393,0.006335,-0.507596,0.022057
2.667000,0.142544,0.116388,1.000223,-0.007270,-0.007345,0.006341,-0.507596,0.022049
2.668000,0.143484,0.116679,1.000209,-0.007278,-0.007297,0.006347,-0.507596,0.022042
2.669000,0.142623,0.114395,1.000198,-0.007252,-0.007250,0.006352,-0.507595,0.022035
2.670000,0.143146,0.115494,1.000188,-0.007267,-0.007202,0.006359,-0.507595,0.022028
2.671000,0.141758,0.113107,1.000180,-0.007237,-0.007155,0.006364,-0.507595,0.022020
2.672000,0.143180,0.113684,1.000164,-0.007251,-0.007108,0.006370,-0.507595,0.022013
2.673000,0.142987,0.113548,1.000155,-0.007250,-0.007060,0.006377,-0.507595,0.022006
2.674000,0.145213,0.112551,1.000130,-0.007251,-0.007011,0.006384,-0.507595,0.021999
2.675000,0.143144,0.113181,1.000134,-0.007250,-0.006963,0.006392,-0.507594,0.021991
2.676000,0.144250,0.109938,1.000110,-0.007223,-0.006915,0.006397,-0.507594,0.021984
2.677000,0.142833,0.110525,1.000110,-0.007224,-0.006868,0.006404,-0.507594,0.021977
2.678000,0.143135,0.109222,1.000096,-0.007214,-0.006821,0.006410,-0.507594,0.021970
2.679000,0.143120,0.109186,1.000086,-0.007215,-0.006774,0.006417,-0.507594,0.021962
2.680000,0.142970,0.109763,1.000079,-0.007222,-0.006727,0.006425,-0.507594,0.021955
2.681000,0.143669,0.106181,1.000058,-0.007189,-0.006680,0.006431,-0.507594,0.021948
2.682000,0.144231,0.108606,1.000051,-0.007219,-0.006632,0.006439,-0.507594,0.021941
2.683000,0.143169,0.107071,1.000044,-0.007200,-0.006586,0.006447,-0.507594,0.021934
2.684000,0.142952,0.106382,1.000034,-0.007194,-0.006539,0.006454,-0.507594,0.021926
2.685000,0.142848,0.105829,1.000025,-0.007189,-0.006493,0.006462,-0.507594,0.021919
2.686000,0.142441,0.105152,1.000016,-0.007182,-0.006448,0.006470,-0.507594,0.021912
2.687000,0.141833,0.103600,1.000007,-0.007165,-0.006403,0.006477,-0.507594,0.021905
2.688000,0.141711,0.102637,0.999997,-0.007155,-0.006359,0.006483,-0.507594,0.021898
2.689000,0.143377,0.103156,0.999980,-0.007170,-0.006312,0.006491,-0.507594,0.021890
2.690000,0.141960,0.101928,0.999976,-0.007152,-0.006268,0.006498,-0.507594,0.021883
2.691000,0.141117,0.101247,0.999971,-0.007143,-0.006224,0.006505,-0.507594,0.021876
2.692000,0.140460,0.100397,0.999964,-0.007132,-0.006181,0.006512,-0.507594,0.021869
2.693000,0.139649,0.100634,0.999961,-0.007132,-0.006139,0.006520,-0.507594,0.021862
2.694000,0.139651,0.098959,0.999949,-0.007116,-0.006098,0.006527,-0.507594,0.021855
2.695000,0.139986,0.099172,0.999940,-0.007120,-0.006055,0.006535,-0.507594,0.021848
2.696000,0.138851,0.096636,0.999932,-0.007090,-0.006015,0.006541,-0.507594,0.021841
2.697000,0.138093,0.097411,0.999931,-0.007095,-0.005975,0.006548,-0.507594,0.021833
2.698000,0.139219,0.098428,0.999919,-0.007111,-0.005934,0.006557,-0.507594,0.021826
2.699000,0.138680,0.096722,0.999910,-0.007093,-0.005893,0.006564,-0.507594,0.021819
2.700000,0.138016,0.094759,0.999902,-0.007070,-0.005854,0.006571,-0.507594,0.021812
2.701000,0.006502,0.175331,0.999898,-0.007091,-0.005946,0.006658,-0.507594,0.021805
2.702000,0.010223,0.171294,0.999894,-0.007075,-0.006035,0.006740,-0.507594,0.021798
2.703000,0.015060,0.167114,0.999883,-0.007061,-0.006122,0.006817,-0.507595,0.021791
2.704000,0.020880,0.165174,0.999870,-0.007073,-0.006203,0.006890,-0.507595,0.021784
2.705000,0.024734,0.162898,0.999866,-0.007072,-0.006282,0.006960,-0.507595,0.021777
2.706000,0.027693,0.160602,0.999867,-0.007067,-0.006358,0.007027,-0.507595,0.021770
2.707000,0.032164,0.155779,0.999852,-0.007040,-0.006431,0.007087,-0.507595,0.021763
2.708000,0.035394,0.155773,0.999854,-0.007057,-0.006502,0.007146,-0.507595,0.021756
2.709000,0.038681,0.154017,0.999852,-0.007056,-0.006571,0.007203,-0.507595,0.021749
2.710000,0.042223,0.150530,0.999843,-0.007037,-0.006637,0.007255,-0.507596,0.021741
2.711000,0.047441,0.146903,0.999823,-0.007024,-0.006698,0.007302,-0.507596,0.021734
2.712000,0.049467,0.147149,0.999829,-0.007035,-0.006758,0.007349,-0.507596,0.021727
2.713000,0.053067,0.144771,0.999820,-0.007026,-0.006815,0.007392,-0.507596,0.021720
2.714000,0.055769,0.140788,0.999811,-0.006995,-0.006870,0.007431,-0.507596,0.021713
2.715000,0.059827,0.141432,0.999805,-0.007017,-0.006922,0.007469,-0.507596,0.021706
2.716000,0.061466,0.137796,0.999801,-0.006985,-0.006973,0.007503,-0.507597,0.021699
2.717000,0.064584,0.137558,0.999797,-0.006993,-0.007021,0.007536,-0.507597,0.021692
2.718000,0.066351,0.136525,0.999797,-0.006986,-0.007067,0.007567,-0.507597,0.021685
2.719000,0.068920,0.134639,0.999791,-0.006974,-0.007112,0.007596,-0.507597,0.021678
2.720000,0.070721,0.135507,0.999795,-0.006986,-0.007155,0.007625,-0.507597,0.021671
2.721000,0.074248,0.131752,0.999778,-0.006959,-0.007195,0.007649,-0.507598,0.021664
2.722000,0.076921,0.127602,0.999764,-0.006922,-0.007233,0.007669,-0.507598,0.021657
2.723000,0.079442,0.131177,0.999768,-0.006964,-0.007269,0.007692,-0.507598,0.021650
2.724000,0.080934,0.128634,0.999763,-0.006939,-0.007303,0.007711,-0.507598,0.021644
2.725000,0.084363,0.128747,0.999754,-0.006950,-0.007334,0.007730,-0.507599,0.021637
2.726000,0.085594,0.126865,0.999751,-0.006930,-0.007365,0.007747,-0.507599,0.021630
2.727000,0.089052,0.125238,0.999735,-0.006922,-0.007392,0.007762,-0.507599,0.021623
2.728000,0.092785,0.125483,0.999722,-0.006935,-0.007416,0.007777,-0.507599,0.021616
2.729000,0.092615,0.124713,0.999728,-0.006919,-0.007440,0.007790,-0.507600,0.021609
2.730000,0.095305,0.122449,0.999714,-0.006901,-0.007461,0.007801,-0.507600,0.021602
2.731000,0.097046,0.123221,0.999712,-0.006910,-0.007481,0.007812,-0.507600,0.021595
2.732000,0.098730,0.122216,0.999706,-0.006900,-0.007500,0.007822,-0.507600,0.021588
2.733000,0.100765,0.120622,0.999696,-0.006885,-0.007516,0.007830,-0.507601,0.021581
2.734000,0.102122,0.121133,0.999694,-0.006889,-0.007531,0.007839,-0.507601,0.021574
2.735000,0.103233,0.120200,0.999690,-0.006877,-0.007546,0.007846,-0.507601,0.021567
2.736000,0.105778,0.119411,0.999678,-0.006873,-0.007558,0.007852,-0.507602,0.021561
2.737000,0.105460,0.119479,0.999683,-0.006865,-0.007570,0.007858,-0.507602,0.021554
2.738000,0.108486,0.119720,0.999670,-0.006874,-0.007579,0.007864,-0.507602,0.021547
2.739000,0.108468,0.117917,0.999669,-0.006848,-0.007589,0.007869,-0.507603,0.021540
2.740000,0.110059,0.118072,0.999664,-0.006849,-0.007597,0.007873,-0.507603,0.021533
2.741000,0.111075,0.118149,0.999661,-0.006846,-0.007604,0.007877,-0.507603,0.021526
2.742000,0.114345,0.118219,0.999645,-0.006855,-0.007608,0.007881,-0.507604,0.021519
2.743000,0.114031,0.116697,0.999645,-0.006830,-0.007612,0.007884,-0.507604,0.021513
2.744000,0.116758,0.115328,0.999628,-0.006821,-0.007613,0.007885,-0.507604,0.021506
2.745000,0.116112,0.113982,0.999629,-0.006796,-0.007616,0.007885,-0.507605,0.021499
2.746000,0.118698,0.114994,0.999618,-0.006811,-0.007615,0.007886,-0.507605,0.021492
2.747000,0.119543,0.115649,0.999616,-0.006814,-0.007614,0.007887,-0.507605,0.021485
2.748000,0.121393,0.116418,0.999608,-0.006823,-0.007611,0.007889,-0.507606,0.021478
2.749000,0.121115,0.114196,0.999604,-0.006792,-0.007608,0.007889,-0.507606,0.021472
2.750000,0.124044,0.114227,0.999588,-0.006799,-0.007602,0.007889,-0.507607,0.021465
2.751000,0.123822,0.112431,0.999585,-0.006772,-0.007597,0.007888,-0.507607,0.021458
2.752000,0.125483,0.113981,0.999578,-0.006788,-0.007590,0.007888,-0.507607,0.021451
2.753000,0.126839,0.113183,0.999568,-0.006780,-0.007581,0.007887,-0.507608,0.021444
2.754000,0.127095,0.110543,0.999559,-0.006746,-0.007572,0.007884,-0.507608,0.021438
2.755000,0.127858,0.112297,0.999558,-0.006761,-0.007563,0.007883,-0.507609,0.021431
2.756000,0.128453,0.112381,0.999554,-0.006758,-0.007553,0.007882,-0.507609,0.021424
2.757000,0.128875,0.111417,0.999547,-0.006743,-0.007542,0.007880,-0.507610,0.021417
2.758000,0.130081,0.111387,0.999539,-0.006741,-0.007530,0.007878,-0.507610,0.021411
2.759000,0.130015,0.109674,0.999534,-0.006717,-0.007518,0.007875,-0.507611,0.021404
2.760000,0.129724,0.109578,0.999533,-0.006707,-0.007507,0.007871,-0.507611,0.021397
2.761000,0.130697,0.110406,0.999528,-0.006713,-0.007494,0.007869,-0.507611,0.021391
2.762000,0.132001,0.110924,0.999520,-0.006718,-0.007480,0.007868,-0.507612,0.021384
2.763000,0.132356,0.109067,0.999511,-0.006695,-0.007466,0.007865,-0.507612,0.021377
2.764000,0.130666,0.108927,0.999518,-0.006679,-0.007453,0.007862,-0.507613,0.021370
2.765000,0.133318,0.108285,0.999500,-0.006677,-0.007438,0.007858,-0.507613,0.021364
2.766000,0.133615,0.109185,0.999498,-0.006682,-0.007422,0.007856,-0.507614,0.021357
2.767000,0.135177,0.107591,0.999482,-0.006666,-0.007404,0.007852,-0.507614,0.021350
2.768000,0.135002,0.107478,0.999480,-0.006658,-0.007387,0.007848,-0.507615,0.021344
2.769000,0.135457,0.109207,0.999479,-0.006672,-0.007369,0.007847,-0.507615,0.021337
2.770000,0.137686,0.106347,0.999457,-0.006647,-0.007349,0.007843,-0.507616,0.021330
2.771000,0.137208,0.106940,0.999457,-0.006645,-0.007330,0.007839,-0.507616,0.021324
2.772000,0.137699,0.106446,0.999450,-0.006636,-0.007310,0.007836,-0.507617,0.021317
2.773000,0.135815,0.105427,0.999455,-0.006611,-0.007292,0.007832,-0.507618,0.021310
2.774000,0.137031,0.105286,0.999445,-0.006609,-0.007272,0.007828,-0.507618,0.021304
2.775000,0.137842,0.104394,0.999434,-0.006598,-0.007252,0.007823,-0.507619,0.021297
2.776000,0.137647,0.104369,0.999432,-0.006590,-0.007231,0.007818,-0.507619,0.021291
2.777000,0.139030,0.104969,0.999422,-0.006597,-0.007209,0.007815,-0.507620,0.021284
2.778000,0.138954,0.103935,0.999416,-0.006580,-0.007188,0.007811,-0.507620,0.021277
2.779000,0.137471,0.103529,0.999420,-0.006564,-0.007167,0.007806,-0.507621,0.021271
2.780000,0.139686,0.102900,0.999402,-0.006561,-0.007145,0.007802,-0.507622,0.021264
2.781000,0.138932,0.103586,0.999404,-0.006559,-0.007123,0.007798,-0.507622,0.021258
2.782000,0.139395,0.103677,0.999398,-0.006557,-0.007101,0.007795,-0.507623,0.021251
2.783000,0.138662,0.103698,0.999399,-0.006549,-0.007079,0.007792,-0.507623,0.021245
2.784000,0.138288,0.102097,0.999394,-0.006525,-0.007057,0.007788,-0.507624,0.021238
2.785000,0.136901,0.102972,0.999400,-0.006522,-0.007037,0.007785,-0.507624,0.021232
2.786000,0.139002,0.101074,0.999380,-0.006507,-0.007015,0.007781,-0.507625,0.021225
2.787000,0.139858,0.103362,0.999377,-0.006529,-0.006992,0.007779,-0.507626,0.021218
2.788000,0.138496,0.101864,0.999377,-0.006503,-0.006970,0.007776,-0.507626,0.021212
2.789000,0.138789,0.101517,0.999371,-0.006495,-0.006948,0.007773,-0.507627,0.021205
2.790000,0.140011,0.100691,0.999359,-0.006487,-0.006925,0.007769,-0.507628,0.021199
2.791000,0.138476,0.100975,0.999364,-0.006478,-0.006903,0.007766,-0.507628,0.021192
2.792000,0.137632,0.101560,0.999367,-0.006475,-0.006881,0.007764,-0.507629,0.021186
2.793000,0.140524,0.100720,0.999345,-0.006475,-0.006857,0.007762,-0.507629,0.021180
2.794000,0.139055,0.100976,0.999350,-0.006466,-0.006835,0.007760,-0.507630,0.021173
2.795000,0.138461,0.100674,0.999349,-0.006456,-0.006813,0.007758,-0.507631,0.021167
2.796000,0.138752,0.100997,0.999345,-0.006456,-0.006790,0.007757,-0.507631,0.021160
2.797000,0.138029,0.100009,0.999343,-0.006438,-0.006769,0.007755,-0.507632,0.021154
2.798000,0.138119,0.100449,0.999340,-0.006438,-0.006747,0.007754,-0.507633,0.021147
2.799000,0.136300,0.099945,0.999346,-0.006420,-0.006727,0.007753,-0.507633,0.021141
2.800000,0.138377,0.101075,0.999334,-0.006437,-0.006705,0.007753,-0.507634,0.021134
2.801000,0.139318,0.100185,0.999323,-0.006428,-0.006682,0.007753,-0.507635,0.021128
2.802000,0.137932,0.098022,0.999323,-0.006395,-0.006660,0.007750,-0.507635,0.021122
2.803000,0.137816,0.098403,0.999321,-0.006394,-0.006639,0.007749,-0.507636,0.021115
2.804000,0.138229,0.099129,0.999317,-0.006399,-0.006617,0.007748,-0.507637,0.021109
2.805000,0.136239,0.099635,0.999326,-0.006391,-0.006597,0.007749,-0.507637,0.021102
2.806000,0.136309,0.098438,0.999320,-0.006375,-0.006577,0.007748,-0.507638,0.021096
2.807000,0.135263,0.098439,0.999323,-0.006366,-0.006557,0.007748,-0.507639,0.021090
2.808000,0.135496,0.097060,0.999316,-0.006348,-0.006538,0.007747,-0.507639,0.021083
2.809000,0.135532,0.097383,0.999314,-0.006347,-0.006519,0.007746,-0.507640,0.021077
2.810000,0.133542,0.098413,0.999325,-0.006344,-0.006502,0.007747,-0.507641,0.021070
2.811000,0.134019,0.098073,0.999319,-0.006338,-0.006484,0.007747,-0.507641,0.021064
2.812000,0.134293,0.098139,0.999316,-0.006336,-0.006466,0.007748,-0.507642,0.021058
2.813000,0.134223,0.096707,0.999310,-0.006316,-0.006448,0.007748,-0.507643,0.021051
2.814000,0.135904,0.096701,0.999298,-0.006319,-0.006428,0.007748,-0.507643,0.021045
2.815000,0.133639,0.098167,0.999312,-0.006320,-0.006411,0.007750,-0.507644,0.021039
2.816000,0.135540,0.097450,0.999297,-0.006318,-0.006391,0.007751,-0.507645,0.021032
2.817000,0.133968,0.095615,0.999299,-0.006287,-0.006374,0.007751,-0.507646,0.021026
2.818000,0.132835,0.098720,0.999311,-0.006310,-0.006357,0.007754,-0.507646,0.021020
2.819000,0.133848,0.095435,0.999295,-0.006277,-0.006339,0.007754,-0.507647,0.021014
2.820000,0.132249,0.095873,0.999303,-0.006269,-0.006323,0.007755,-0.507648,0.021007
2.821000,0.131837,0.095007,0.999302,-0.006254,-0.006308,0.007755,-0.507648,0.021001
2.822000,0.131673,0.096533,0.999305,-0.006264,-0.006293,0.007757,-0.507649,0.020995
2.823000,0.131269,0.095509,0.999303,-0.006248,-0.006278,0.007758,-0.507650,0.020989
2.824000,0.130659,0.093855,0.999301,-0.006223,-0.006263,0.007758,-0.507650,0.020982
2.825000,0.130421,0.094864,0.999303,-0.006228,-0.006249,0.007758,-0.507651,0.020976
2.826000,0.129161,0.095170,0.999309,-0.006220,-0.006237,0.007760,-0.507652,0.020970
2.827000,0.128743,0.095635,0.999312,-0.006219,-0.006224,0.007762,-0.507652,0.020964
2.828000,0.128960,0.096002,0.999310,-0.006219,-0.006212,0.007765,-0.507653,0.020957
2.829000,0.127437,0.095542,0.999317,-0.006203,-0.006201,0.007767,-0.507654,0.020951
2.830000,0.128366,0.094682,0.999309,-0.006194,-0.006189,0.007769,-0.507655,0.020945
2.831000,0.128803,0.095517,0.999307,-0.006200,-0.006177,0.007771,-0.507655,0.020939
2.832000,0.126118,0.094562,0.999319,-0.006173,-0.006167,0.007773,-0.507656,0.020933
2.833000,0.127508,0.094421,0.999311,-0.006173,-0.006156,0.007775,-0.507657,0.020926
2.834000,0.125470,0.095116,0.999323,-0.006166,-0.006147,0.007778,-0.507657,0.020920
2.835000,0.125363,0.094433,0.999322,-0.006154,-0.006139,0.007780,-0.507658,0.020914
2.836000,0.125002,0.093508,0.999321,-0.006137,-0.006130,0.007782,-0.507659,0.020908
2.837000,0.125141,0.095381,0.999325,-0.006152,-0.006122,0.007785,-0.507659,0.020902
2.838000,0.124677,0.094236,0.999325,-0.006134,-0.006114,0.007787,-0.507660,0.020896
2.839000,0.125146,0.093907,0.999321,-0.006127,-0.006106,0.007790,-0.507661,0.020889
2.840000,0.123411,0.092442,0.999327,-0.006099,-0.006099,0.007791,-0.507661,0.020883
2.841000,0.123715,0.092384,0.999325,-0.006094,-0.006092,0.007791,-0.507662,0.020877
2.842000,0.121250,0.092581,0.999340,-0.006079,-0.006088,0.007793,-0.507663,0.020871
2.843000,0.121708,0.091827,0.999336,-0.006067,-0.006083,0.007793,-0.507663,0.020865
2.844000,0.122849,0.092174,0.999331,-0.006070,-0.006077,0.007794,-0.507664,0.020859
2.845000,0.122360,0.091934,0.999333,-0.006060,-0.006072,0.007795,-0.507665,0.020853
2.846000,0.124346,0.091265,0.999320,-0.006056,-0.006064,0.007795,-0.507665,0.020847
2.847000,0.122891,0.091036,0.999328,-0.006041,-0.006058,0.007795,-0.507666,0.020841
2.848000,0.122166,0.093113,0.999337,-0.006053,-0.006053,0.007797,-0.507667,0.020835
2.849000,0.121544,0.092628,0.999340,-0.006040,-0.006048,0.007799,-0.507667,0.020829
2.850000,0.120688,0.091023,0.999342,-0.006014,-0.006045,0.007799,-0.507668,0.020823
2.851000,0.121478,0.090900,0.999337,-0.006010,-0.006040,0.007800,-0.507669,0.020817
2.852000,0.121160,0.092505,0.999343,-0.006019,-0.006036,0.007802,-0.507669,0.020811
2.853000,0.121290,0.091946,0.999342,-0.006008,-0.006032,0.007803,-0.507670,0.020805
2.854000,0.121365,0.091793,0.999342,-0.006001,-0.006027,0.007804,-0.507670,0.020799
2.855000,0.122043,0.089904,0.999334,-0.005978,-0.006022,0.007804,-0.507671,0.020793
2.856000,0.121681,0.087908,0.999331,-0.005950,-0.006018,0.007801,-0.507672,0.020787
2.857000,0.123158,0.089444,0.999327,-0.005965,-0.006012,0.007801,-0.507672,0.020781
2.858000,0.122170,0.089551,0.999333,-0.005956,-0.006007,0.007800,-0.507673,0.020775
2.859000,0.123458,0.089478,0.999325,-0.005955,-0.006000,0.007799,-0.507674,0.020769
2.860000,0.123575,0.088218,0.999322,-0.005936,-0.005994,0.007798,-0.507674,0.020763
2.861000,0.124058,0.087215,0.999316,-0.005921,-0.005986,0.007795,-0.507675,0.020757
2.862000,0.124351,0.087594,0.999315,-0.005920,-0.005979,0.007793,-0.507676,0.020751
2.863000,0.124856,0.088605,0.999314,-0.005926,-0.005971,0.007792,-0.507676,0.020745
2.864000,0.126155,0.087682,0.999304,-0.005917,-0.005962,0.007790,-0.507677,0.020739
2.865000,0.126470,0.086323,0.999298,-0.005898,-0.005952,0.007787,-0.507678,0.020733
2.866000,0.129302,0.087269,0.999284,-0.005914,-0.005940,0.007785,-0.507679,0.020727
2.867000,0.127644,0.085411,0.999287,-0.005882,-0.005929,0.007781,-0.507679,0.020721
2.868000,0.126640,0.085595,0.999292,-0.005873,-0.005919,0.007778,-0.507680,0.020716
2.869000,0.129292,0.084718,0.999274,-0.005869,-0.005906,0.007773,-0.507681,0.020710
2.870000,0.130751,0.086164,0.999268,-0.005885,-0.005892,0.007771,-0.507681,0.020704
2.871000,0.130376,0.083807,0.999263,-0.005853,-0.005878,0.007766,-0.507682,0.020698
2.872000,0.131270,0.084621,0.999258,-0.005860,-0.005863,0.007763,-0.507683,0.020692
2.873000,0.133450,0.082408,0.999238,-0.005841,-0.005846,0.007757,-0.507684,0.020686
2.874000,0.133832,0.083421,0.999236,-0.005847,-0.005829,0.007753,-0.507684,0.020680
2.875000,0.132780,0.082195,0.999236,-0.005824,-0.005812,0.007748,-0.507685,0.020675
2.876000,0.133185,0.085140,0.999239,-0.005851,-0.005796,0.007746,-0.507686,0.020669
2.877000,0.134519,0.082425,0.999222,-0.005824,-0.005777,0.007741,-0.507687,0.020663
2.878000,0.135773,0.081515,0.999210,-0.005815,-0.005758,0.007736,-0.507687,0.020657
2.879000,0.136706,0.082007,0.999203,-0.005819,-0.005737,0.007732,-0.507688,0.020651
2.880000,0.137461,0.081448,0.999194,-0.005811,-0.005715,0.007727,-0.507689,0.020645
2.881000,0.138709,0.080428,0.999182,-0.005801,-0.005693,0.007722,-0.507690,0.020640
2.882000,0.137097,0.080123,0.999186,-0.005786,-0.005671,0.007717,-0.507691,0.020634
2.883000,0.140128,0.079162,0.999164,-0.005785,-0.005647,0.007711,-0.507692,0.020628
2.884000,0.141650,0.078144,0.999149,-0.005776,-0.005621,0.007704,-0.507692,0.020622
2.885000,0.142401,0.078091,0.999140,-0.005774,-0.005594,0.007698,-0.507693,0.020616
2.886000,0.141689,0.079349,0.999143,-0.005779,-0.005568,0.007693,-0.507694,0.020611
2.887000,0.142986,0.079158,0.999131,-0.005779,-0.005540,0.007689,-0.507695,0.020605
2.888000,0.144754,0.077014,0.999111,-0.005761,-0.005511,0.007683,-0.507696,0.020599
2.889000,0.145856,0.078441,0.999103,-0.005777,-0.005480,0.007679,-0.507697,0.020593
2.890000,0.145487,0.077373,0.999098,-0.005761,-0.005450,0.007674,-0.507698,0.020588
2.891000,0.146647,0.076312,0.999084,-0.005752,-0.005418,0.007668,-0.507699,0.020582
2.892000,0.148176,0.074361,0.999065,-0.005735,-0.005385,0.007662,-0.507699,0.020576
2.893000,0.147479,0.073171,0.999060,-0.005715,-0.005353,0.007654,-0.507700,0.020570
2.894000,0.147975,0.071916,0.999049,-0.005701,-0.005320,0.007646,-0.507701,0.020565
2.895000,0.150801,0.073129,0.999030,-0.005722,-0.005283,0.007639,-0.507702,0.020559
2.896000,0.149785,0.071634,0.999026,-0.005698,-0.005248,0.007631,-0.507703,0.020553
2.897000,0.151371,0.071055,0.999010,-0.005696,-0.005211,0.007624,-0.507704,0.020547
2.898000,0.150650,0.072599,0.999011,-0.005705,-0.005175,0.007618,-0.507705,0.020542
2.899000,0.151729,0.071366,0.998996,-0.005695,-0.005138,0.007612,-0.507706,0.020536
2.900000,0.152468,0.069842,0.998982,-0.005679,-0.005099,0.007605,-0.507707,0.020530
2.901000,0.151960,0.071104,0.998981,-0.005687,-0.005061,0.007599,-0.507708,0.020525
2.902000,0.152821,0.069878,0.998967,-0.005676,-0.005023,0.007593,-0.507709,0.020519
2.903000,0.152886,0.068684,0.998957,-0.005661,-0.004984,0.007586,-0.507710,0.020513
2.904000,0.155373,0.067606,0.998934,-0.005659,-0.004942,0.007579,-0.507711,0.020508
2.905000,0.154242,0.069870,0.998938,-0.005675,-0.004901,0.007575,-0.507712,0.020502
2.906000,0.152960,0.067481,0.998933,-0.005642,-0.004862,0.007569,-0.507714,0.020496
2.907000,0.153379,0.068021,0.998925,-0.005647,-0.004822,0.007564,-0.507715,0.020491
2.908000,0.153512,0.067451,0.998917,-0.005640,-0.004782,0.007559,-0.507716,0.020485
2.909000,0.155023,0.066141,0.998898,-0.005632,-0.004741,0.007554,-0.507717,0.020479
2.910000,0.154051,0.062863,0.998889,-0.005591,-0.004700,0.007545,-0.507718,0.020474
2.911000,0.155348,0.064639,0.998879,-0.005613,-0.004658,0.007539,-0.507719,0.020468
2.912000,0.155487,0.062968,0.998867,-0.005594,-0.004615,0.007533,-0.507720,0.020463
2.913000,0.154918,0.063506,0.998864,-0.005595,-0.004573,0.007527,-0.507721,0.020457
2.914000,0.154491,0.063027,0.998859,-0.005586,-0.004532,0.007521,-0.507722,0.020451
2.915000,0.154996,0.061322,0.998845,-0.005569,-0.004490,0.007515,-0.507724,0.020446
2.916000,0.154566,0.061514,0.998841,-0.005567,-0.004448,0.007509,-0.507725,0.020440
2.917000,0.153721,0.061228,0.998838,-0.005558,-0.004407,0.007503,-0.507726,0.020435
2.918000,0.154177,0.059519,0.998824,-0.005540,-0.004365,0.007497,-0.507727,0.020429
2.919000,0.153481,0.061402,0.998826,-0.005555,-0.004324,0.007493,-0.507728,0.020424
2.920000,0.155415,0.058790,0.998802,-0.005535,-0.004281,0.007487,-0.507729,0.020418
2.921000,0.156027,0.059549,0.998793,-0.005544,-0.004237,0.007482,-0.507731,0.020412
2.922000,0.154243,0.059538,0.998796,-0.005535,-0.004195,0.007478,-0.507732,0.020407
2.923000,0.154643,0.059362,0.998787,-0.005534,-0.004153,0.007474,-0.507733,0.020401
2.924000,0.153826,0.058810,0.998784,-0.005523,-0.004111,0.007471,-0.507734,0.020396
2.925000,0.155529,0.057433,0.998764,-0.005516,-0.004068,0.007467,-0.507735,0.020390
2.926000,0.153948,0.057207,0.998765,-0.005505,-0.004026,0.007463,-0.507737,0.020385
2.927000,0.152488,0.056570,0.998766,-0.005490,-0.003985,0.007459,-0.507738,0.020379
2.928000,0.154164,0.055803,0.998748,-0.005489,-0.003943,0.007455,-0.507739,0.020374
2.929000,0.153133,0.056878,0.998750,-0.005494,-0.003901,0.007453,-0.507740,0.020368
2.930000,0.154345,0.056395,0.998735,-0.005494,-0.003859,0.007451,-0.507742,0.020363
2.931000,0.152537,0.055512,0.998737,-0.005477,-0.003818,0.007448,-0.507743,0.020357
2.932000,0.151750,0.055234,0.998735,-0.005469,-0.003778,0.007446,-0.507744,0.020352
2.933000,0.152317,0.055624,0.998726,-0.005475,-0.003738,0.007445,-0.507745,0.020346
2.934000,0.151846,0.052870,0.998716,-0.005444,-0.003697,0.007442,-0.507747,0.020341
2.935000,0.151376,0.054454,0.998717,-0.005458,-0.003658,0.007441,-0.507748,0.020335
2.936000,0.151817,0.054208,0.998708,-0.005457,-0.003617,0.007440,-0.507749,0.020330
2.937000,0.150918,0.053996,0.998707,-0.005450,-0.003578,0.007440,-0.507751,0.020324
2.938000,0.150882,0.052485,0.998698,-0.005434,-0.003539,0.007439,-0.507752,0.020319
2.939000,0.151773,0.053269,0.998689,-0.005446,-0.003499,0.007439,-0.507753,0.020314
2.940000,0.151559,0.052736,0.998683,-0.005440,-0.003459,0.007439,-0.507754,0.020308
2.941000,0.151597,0.051073,0.998673,-0.005423,-0.003419,0.007439,-0.507756,0.020303
2.942000,0.150750,0.051185,0.998672,-0.005420,-0.003379,0.007438,-0.507757,0.020297
2.943000,0.149596,0.052510,0.998677,-0.005428,-0.003341,0.007440,-0.507758,0.020292
2.944000,0.148873,0.051068,0.998672,-0.005410,-0.003304,0.007441,-0.507760,0.020286
2.945000,0.148889,0.051694,0.998668,-0.005417,-0.003267,0.007443,-0.507761,0.020281
2.946000,0.149503,0.050806,0.998658,-0.005411,-0.003229,0.007445,-0.507762,0.020276
2.947000,0.149080,0.048648,0.998650,-0.005387,-0.003192,0.007445,-0.507764,0.020270
2.948000,0.148351,0.048633,0.998649,-0.005383,-0.003155,0.007446,-0.507765,0.020265
2.949000,0.146194,0.048907,0.998657,-0.005376,-0.003120,0.007448,-0.507766,0.020259
2.950000,0.148202,0.048666,0.998641,-0.005382,-0.003084,0.007450,-0.507768,0.020254
2.951000,0.146535,0.047623,0.998643,-0.005364,-0.003049,0.007451,-0.507769,0.020249
2.952000,0.148688,0.046758,0.998624,-0.005365,-0.003012,0.007452,-0.507771,0.020243
2.953000,0.146862,0.048221,0.998633,-0.005372,-0.002977,0.007455,-0.507772,0.020238
2.954000,0.146027,0.045294,0.998627,-0.005338,-0.002943,0.007456,-0.507773,0.020233
2.955000,0.145134,0.047326,0.998632,-0.005354,-0.002910,0.007459,-0.507775,0.020227
2.956000,0.145670,0.046906,0.998624,-0.005353,-0.002876,0.007462,-0.507776,0.020222
2.957000,0.145444,0.045909,0.998619,-0.005342,-0.002842,0.007465,-0.507777,0.020216
2.958000,0.143143,0.045516,0.998627,-0.005327,-0.002811,0.007468,-0.507779,0.020211
2.959000,0.143037,0.045442,0.998624,-0.005326,-0.002780,0.007471,-0.507780,0.020206
2.960000,0.143449,0.044978,0.998617,-0.005323,-0.002749,0.007474,-0.507782,0.020200
2.961000,0.143535,0.044331,0.998612,-0.005316,-0.002717,0.007477,-0.507783,0.020195
2.962000,0.142161,0.045522,0.998619,-0.005322,-0.002687,0.007482,-0.507784,0.020190
2.963000,0.141481,0.043491,0.998615,-0.005298,-0.002658,0.007485,-0.507786,0.020185
2.964000,0.141370,0.042673,0.998610,-0.005289,-0.002629,0.007488,-0.507787,0.020179
2.965000,0.140783,0.042609,0.998611,-0.005285,-0.002601,0.007491,-0.507788,0.020174
2.966000,0.142076,0.043645,0.998603,-0.005301,-0.002571,0.007496,-0.507790,0.020169
2.967000,0.140107,0.044258,0.998613,-0.005299,-0.002543,0.007502,-0.507791,0.020163
2.968000,0.139541,0.043094,0.998611,-0.005284,-0.002516,0.007507,-0.507793,0.020158
2.969000,0.137664,0.041598,0.998615,-0.005260,-0.002491,0.007510,-0.507794,0.020153
2.970000,0.138136,0.042773,0.998613,-0.005274,-0.002466,0.007516,-0.507795,0.020147
2.971000,0.137126,0.041335,0.998613,-0.005254,-0.002441,0.007520,-0.507797,0.020142
2.972000,0.137739,0.039950,0.998605,-0.005242,-0.002416,0.007523,-0.507798,0.020137
2.973000,0.137539,0.043521,0.998612,-0.005277,-0.002392,0.007531,-0.507800,0.020132
2.974000,0.135131,0.040838,0.998618,-0.005238,-0.002369,0.007536,-0.507801,0.020126
2.975000,0.134895,0.039463,0.998614,-0.005222,-0.002348,0.007540,-0.507802,0.020121
2.976000,0.136266,0.040161,0.998607,-0.005235,-0.002324,0.007545,-0.507804,0.020116
2.977000,0.135108,0.038553,0.998608,-0.005212,-0.002302,0.007548,-0.507805,0.020111
2.978000,0.134725,0.039325,0.998610,-0.005217,-0.002281,0.007553,-0.507806,0.020106
2.979000,0.134719,0.037941,0.998606,-0.005202,-0.002260,0.007557,-0.507808,0.020100
2.980000,0.133789,0.036144,0.998605,-0.005177,-0.002239,0.007559,-0.507809,0.020095
2.981000,0.131667,0.037900,0.998620,-0.005184,-0.002221,0.007563,-0.507811,0.020090
2.982000,0.133326,0.038497,0.998612,-0.005196,-0.002201,0.007569,-0.507812,0.020085
2.983000,0.132534,0.037527,0.998613,-0.005181,-0.002182,0.007573,-0.507813,0.020080
2.984000,0.131410,0.035834,0.998615,-0.005157,-0.002164,0.007576,-0.507815,0.020074
2.985000,0.132127,0.037626,0.998614,-0.005177,-0.002146,0.007581,-0.507816,0.020069
2.986000,0.133444,0.037051,0.998605,-0.005176,-0.002126,0.007586,-0.507818,0.020064
2.987000,0.131795,0.035153,0.998608,-0.005147,-0.002108,0.007589,-0.507819,0.020059
2.988000,0.131094,0.036930,0.998616,-0.005161,-0.002091,0.007595,-0.507820,0.020054
2.989000,0.129730,0.033539,0.998615,-0.005118,-0.002075,0.007597,-0.507822,0.020049
2.990000,0.128297,0.034684,0.998626,-0.005120,-0.002061,0.007600,-0.507823,0.020043
2.991000,0.129360,0.033395,0.998617,-0.005109,-0.002045,0.007603,-0.507824,0.020038
2.992000,0.130644,0.033422,0.998609,-0.005113,-0.002029,0.007606,-0.507826,0.020033
2.993000,0.130241,0.033107,0.998610,-0.005106,-0.002012,0.007608,-0.507827,0.020028
2.994000,0.128511,0.033261,0.998620,-0.005097,-0.001998,0.007611,-0.507829,0.020023
2.995000,0.128939,0.035122,0.998622,-0.005116,-0.001983,0.007617,-0.507830,0.020018
2.996000,0.127743,0.032456,0.998623,-0.005081,-0.001970,0.007619,-0.507831,0.020013
2.997000,0.128935,0.032003,0.998615,-0.005079,-0.001955,0.007622,-0.507833,0.020008
2.998000,0.128266,0.031523,0.998618,-0.005068,-0.001941,0.007624,-0.507834,0.020003
2.999000,0.128786,0.030075,0.998611,-0.005052,-0.001927,0.007625,-0.507836,0.019998
3.000000,0.128241,0.031871,0.998618,-0.005065,-0.001913,0.007628,-0.507837,0.019992
3.001000,0.260050,-0.045450,0.998620,-0.005058,-0.001767,0.007554,-0.507838,0.019987
3.002000,0.254195,-0.044288,0.998622,-0.005034,-0.001626,0.007483,-0.507840,0.019982
3.003000,0.249239,-0.041504,0.998624,-0.005031,-0.001489,0.007417,-0.507841,0.019977
3.004000,0.247380,-0.039128,0.998609,-0.005039,-0.001353,0.007356,-0.507842,0.019972
3.005000,0.241619,-0.036990,0.998616,-0.005029,-0.001222,0.007298,-0.507844,0.019967
3.006000,0.237723,-0.033933,0.998616,-0.005037,-0.001094,0.007246,-0.507845,0.019962
3.007000,0.233485,-0.031876,0.998616,-0.005035,-0.000969,0.007198,-0.507847,0.019957
3.008000,0.228255,-0.031416,0.998620,-0.005012,-0.000849,0.007152,-0.507848,0.019952
3.009000,0.225449,-0.029304,0.998614,-0.005018,-0.000730,0.007110,-0.507849,0.019947
3.010000,0.221115,-0.029532,0.998613,-0.004994,-0.000616,0.007069,-0.507851,0.019942
3.011000,0.217051,-0.028057,0.998615,-0.004988,-0.000505,0.007032,-0.507852,0.019937
3.012000,0.214899,-0.024991,0.998611,-0.005009,-0.000396,0.006999,-0.507854,0.019932
3.013000,0.211662,-0.024211,0.998609,-0.005002,-0.000289,0.006969,-0.507855,0.019927
3.014000,0.207999,-0.022850,0.998611,-0.004999,-0.000185,0.006942,-0.507856,0.019922
3.015000,0.203760,-0.021742,0.998616,-0.004992,-0.000086,0.006918,-0.507858,0.019917
3.016000,0.199915,-0.021878,0.998618,-0.004974,0.000010,0.006894,-0.507859,0.019912
3.017000,0.197892,-0.020985,0.998612,-0.004975,0.000105,0.006874,-0.507860,0.019907
3.018000,0.195088,-0.020038,0.998612,-0.004974,0.000197,0.006855,-0.507862,0.019902
3.019000,0.189664,-0.018308,0.998629,-0.004970,0.000284,0.006840,-0.507863,0.019897
3.020000,0.187629,-0.018675,0.998623,-0.004959,0.000369,0.006825,-0.507865,0.019892
3.021000,0.185713,-0.018333,0.998618,-0.004956,0.000452,0.006813,-0.507866,0.019887
3.022000,0.182623,-0.018883,0.998619,-0.004939,0.000532,0.006800,-0.507867,0.019882
3.023000,0.179886,-0.018934,0.998619,-0.004929,0.000610,0.006789,-0.507869,0.019877
3.024000,0.178206,-0.019447,0.998613,-0.004918,0.000687,0.006779,-0.507870,0.019872
3.025000,0.174066,-0.017897,0.998626,-0.004918,0.000759,0.006772,-0.507871,0.019868
3.026000,0.172218,-0.018917,0.998621,-0.004902,0.000830,0.006764,-0.507873,0.019863
3.027000,0.169730,-0.016771,0.998628,-0.004916,0.000898,0.006760,-0.507874,0.019858
3.028000,0.168009,-0.017369,0.998625,-0.004905,0.000965,0.006756,-0.507876,0.019853
3.029000,0.166230,-0.017007,0.998624,-0.004904,0.001029,0.006753,-0.507877,0.019848
3.030000,0.163214,-0.016673,0.998631,-0.004897,0.001091,0.006752,-0.507878,0.019843
3.031000,0.161940,-0.017090,0.998627,-0.004891,0.001152,0.006751,-0.507880,0.019838
3.032000,0.159882,-0.016320,0.998631,-0.004893,0.001211,0.006752,-0.507881,0.019833
3.033000,0.156565,-0.017308,0.998638,-0.004872,0.001266,0.006753,-0.507882,0.019828
3.034000,0.155999,-0.017226,0.998633,-0.004873,0.001321,0.006755,-0.507884,0.019823
3.035000,0.154372,-0.017940,0.998632,-0.004862,0.001374,0.006757,-0.507885,0.019819
3.036000,0.152009,-0.019298,0.998634,-0.004840,0.001424,0.006758,-0.507887,0.019814
3.037000,0.149448,-0.017849,0.998644,-0.004847,0.001472,0.006762,-0.507888,0.019809
3.038000,0.148775,-0.019923,0.998636,-0.004825,0.001520,0.006764,-0.507889,0.019804
3.039000,0.147642,-0.020005,0.998635,-0.004822,0.001566,0.006767,-0.507891,0.019799
3.040000,0.146387,-0.019455,0.998637,-0.004824,0.001611,0.006771,-0.507892,0.019794
3.041000,0.144993,-0.019560,0.998638,-0.004820,0.001654,0.006775,-0.507893,0.019790
3.042000,0.144014,-0.020282,0.998636,-0.004811,0.001697,0.006780,-0.507895,0.019785
3.043000,0.140712,-0.020672,0.998649,-0.004794,0.001736,0.006785,-0.507896,0.019780
3.044000,0.139857,-0.021382,0.998647,-0.004785,0.001774,0.006789,-0.507897,0.019775
3.045000,0.139275,-0.021640,0.998645,-0.004782,0.001811,0.006794,-0.507899,0.019770
3.046000,0.138544,-0.023609,0.998639,-0.004760,0.001848,0.006798,-0.507900,0.019766
3.047000,0.137293,-0.022974,0.998643,-0.004763,0.001883,0.006802,-0.507902,0.019761
3.048000,0.136180,-0.023983,0.998643,-0.004749,0.001917,0.006807,-0.507903,0.019756
3.049000,0.136118,-0.023290,0.998641,-0.004757,0.001951,0.006812,-0.507904,0.019751
3.050000,0.134705,-0.025491,0.998640,-0.004729,0.001984,0.006816,-0.507906,0.019747
3.051000,0.134551,-0.024090,0.998640,-0.004744,0.002016,0.006822,-0.507907,0.019742
3.052000,0.133662,-0.027604,0.998634,-0.004705,0.002047,0.006824,-0.507908,0.019737
3.053000,0.131819,-0.025723,0.998645,-0.004717,0.002077,0.006829,-0.507910,0.019732
3.054000,0.131210,-0.025458,0.998646,-0.004718,0.002106,0.006835,-0.507911,0.019728
3.055000,0.130178,-0.026748,0.998646,-0.004701,0.002133,0.006840,-0.507912,0.019723
3.056000,0.130842,-0.027899,0.998637,-0.004692,0.002162,0.006844,-0.507914,0.019718
3.057000,0.129348,-0.029065,0.998640,-0.004674,0.002188,0.006847,-0.507915,0.019714
3.058000,0.130140,-0.026434,0.998639,-0.004705,0.002216,0.006854,-0.507917,0.019709
3.059000,0.127531,-0.028436,0.998647,-0.004673,0.002240,0.006858,-0.507918,0.019704
3.060000,0.126028,-0.028746,0.998653,-0.004663,0.002264,0.006863,-0.507919,0.019699
3.061000,0.127692,-0.030493,0.998637,-0.004653,0.002288,0.006867,-0.507921,0.019695
3.062000,0.125658,-0.028777,0.998651,-0.004661,0.002311,0.006872,-0.507922,0.019690
3.063000,0.125023,-0.030845,0.998648,-0.004636,0.002333,0.006876,-0.507923,0.019685
3.064000,0.124404,-0.030619,0.998650,-0.004635,0.002354,0.006881,-0.507925,0.019681
3.065000,0.124840,-0.031733,0.998644,-0.004625,0.002376,0.006884,-0.507926,0.019676
3.066000,0.124152,-0.032378,0.998645,-0.004615,0.002397,0.006887,-0.507927,0.019672
3.067000,0.125137,-0.031942,0.998639,-0.004623,0.002419,0.006891,-0.507929,0.019667
3.068000,0.122592,-0.033097,0.998649,-0.004599,0.002438,0.006895,-0.507930,0.019662
3.069000,0.123213,-0.031955,0.998647,-0.004612,0.002458,0.006899,-0.507931,0.019658
3.070000,0.121787,-0.033775,0.998650,-0.004586,0.002476,0.006902,-0.507933,0.019653
3.071000,0.122097,-0.033763,0.998647,-0.004586,0.002494,0.006906,-0.507934,0.019649
3.072000,0.120981,-0.036198,0.998647,-0.004555,0.002512,0.006907,-0.507936,0.019644
3.073000,0.121818,-0.035762,0.998642,-0.004561,0.002530,0.006909,-0.507937,0.019639
3.074000,0.123875,-0.034405,0.998633,-0.004583,0.002550,0.006912,-0.507938,0.019635
3.075000,0.121226,-0.035659,0.998644,-0.004557,0.002568,0.006915,-0.507940,0.019630
3.076000,0.121081,-0.036216,0.998643,-0.004548,0.002585,0.006917,-0.507941,0.019626
3.077000,0.121522,-0.035517,0.998641,-0.004556,0.002603,0.006920,-0.507942,0.019621
3.078000,0.120841,-0.036958,0.998641,-0.004537,0.002620,0.006923,-0.507944,0.019617
3.079000,0.120683,-0.036625,0.998642,-0.004537,0.002637,0.006925,-0.507945,0.019612
3.080000,0.119460,-0.037459,0.998646,-0.004521,0.002652,0.006927,-0.507946,0.019608
3.081000,0.121057,-0.036031,0.998640,-0.004542,0.002670,0.006931,-0.507948,0.019603
3.082000,0.119783,-0.039053,0.998640,-0.004503,0.002685,0.006932,-0.507949,0.019598
3.083000,0.118148,-0.038222,0.998651,-0.004502,0.002700,0.006934,-0.507950,0.019594
3.084000,0.120622,-0.037894,0.998637,-0.004514,0.002716,0.006937,-0.507952,0.019589
3.085000,0.119606,-0.037975,0.998642,-0.004507,0.002732,0.006939,-0.507953,0.019585
3.086000,0.120071,-0.041031,0.998632,-0.004475,0.002748,0.006939,-0.507955,0.019580
3.087000,0.118816,-0.039018,0.998643,-0.004488,0.002762,0.006942,-0.507956,0.019576
3.088000,0.118582,-0.040115,0.998642,-0.004473,0.002777,0.006943,-0.507957,0.019571
3.089000,0.117748,-0.039641,0.998648,-0.004472,0.002790,0.006945,-0.507959,0.019567
3.090000,0.118413,-0.038510,0.998646,-0.004485,0.002805,0.006948,-0.507960,0.019563
3.091000,0.118297,-0.041239,0.998641,-0.004454,0.002819,0.006949,-0.507961,0.019558
3.092000,0.118096,-0.041127,0.998642,-0.004451,0.002833,0.006950,-0.507963,0.019554
3.093000,0.117405,-0.041187,0.998646,-0.004445,0.002846,0.006952,-0.507964,0.019549
3.094000,0.119946,-0.041581,0.998630,-0.004450,0.002861,0.006953,-0.507965,0.019545
3.095000,0.119428,-0.041103,0.998634,-0.004450,0.002877,0.006955,-0.507967,0.019540
3.096000,0.119840,-0.039913,0.998634,-0.004462,0.002892,0.006958,-0.507968,0.019536
3.097000,0.118413,-0.043197,0.998634,-0.004420,0.002906,0.006958,-0.507970,0.019531
3.098000,0.117603,-0.042911,0.998639,-0.004416,0.002919,0.006959,-0.507971,0.019527
3.099000,0.119481,-0.043492,0.998627,-0.004416,0.002935,0.006959,-0.507972,0.019522
3.100000,0.118635,-0.043041,0.998633,-0.004414,0.002949,0.006960,-0.507974,0.019518
3.101000,0.116947,-0.043504,0.998641,-0.004399,0.002961,0.006961,-0.507975,0.019514
3.102000,0.116574,-0.042411,0.998646,-0.004406,0.002973,0.006963,-0.507976,0.019509
3.103000,0.118210,-0.043190,0.998635,-0.004403,0.002987,0.006964,-0.507978,0.019505
3.104000,0.118360,-0.043717,0.998633,-0.004395,0.003001,0.006965,-0.507979,0.019500
3.105000,0.117833,-0.044776,0.998633,-0.004379,0.003015,0.006965,-0.507980,0.019496
3.106000,0.117406,-0.045367,0.998634,-0.004368,0.003027,0.006965,-0.507982,0.019492
3.107000,0.116790,-0.044809,0.998639,-0.004368,0.003040,0.006966,-0.507983,0.019487
3.108000,0.115911,-0.042693,0.998649,-0.004383,0.003051,0.006969,-0.507985,0.019483
3.109000,0.116907,-0.046168,0.998636,-0.004349,0.003064,0.006968,-0.507986,0.019479
3.110000,0.116335,-0.044014,0.998644,-0.004366,0.003075,0.006970,-0.507987,0.019474
3.111000,0.115518,-0.045755,0.998645,-0.004341,0.003086,0.006971,-0.507989,0.019470
3.112000,0.115249,-0.045600,0.998648,-0.004338,0.003097,0.006971,-0.507990,0.019465
3.113000,0.116646,-0.045901,0.998639,-0.004339,0.003109,0.006972,-0.507991,0.019461
3.114000,0.114810,-0.046255,0.998649,-0.004323,0.003119,0.006972,-0.507993,0.019457
3.115000,0.116096,-0.047861,0.998639,-0.004309,0.003131,0.006971,-0.507994,0.019452
3.116000,0.115369,-0.047759,0.998643,-0.004303,0.003142,0.006970,-0.507995,0.019448
3.117000,0.115139,-0.048104,0.998644,-0.004295,0.003152,0.006969,-0.507997,0.019444
3.118000,0.115134,-0.050101,0.998640,-0.004270,0.003163,0.006967,-0.507998,0.019440
3.119000,0.115303,-0.049362,0.998641,-0.004275,0.003174,0.006965,-0.508000,0.019435
3.120000,0.114736,-0.045668,0.998653,-0.004307,0.003184,0.006967,-0.508001,0.019431
3.121000,0.116434,-0.048651,0.998637,-0.004281,0.003196,0.006966,-0.508002,0.019427
3.122000,0.115935,-0.049504,0.998638,-0.004266,0.003207,0.006964,-0.508004,0.019422
3.123000,0.114873,-0.048791,0.998646,-0.004265,0.003218,0.006963,-0.508005,0.019418
3.124000,0.115491,-0.048213,0.998644,-0.004270,0.003229,0.006964,-0.508006,0.019414
3.125000,0.115059,-0.049902,0.998643,-0.004247,0.003239,0.006962,-0.508008,0.019410
3.126000,0.114549,-0.048064,0.998651,-0.004260,0.003249,0.006963,-0.508009,0.019405
3.127000,0.113512,-0.049465,0.998654,-0.004238,0.003259,0.006962,-0.508010,0.019401
3.128000,0.113481,-0.049914,0.998654,-0.004229,0.003268,0.006961,-0.508012,0.019397
3.129000,0.114395,-0.049520,0.998650,-0.004233,0.003278,0.006960,-0.508013,0.019393
3.130000,0.113610,-0.050933,0.998652,-0.004211,0.003287,0.006959,-0.508014,0.019388
3.131000,0.113717,-0.050016,0.998654,-0.004217,0.003296,0.006958,-0.508016,0.019384
3.132000,0.112318,-0.050628,0.998661,-0.004201,0.003304,0.006957,-0.508017,0.019380
3.133000,0.112683,-0.049919,0.998662,-0.004206,0.003312,0.006956,-0.508018,0.019376
3.134000,0.112393,-0.051507,0.998661,-0.004184,0.003320,0.006954,-0.508020,0.019372
3.135000,0.112348,-0.050628,0.998664,-0.004189,0.003328,0.006954,-0.508021,0.019367
3.136000,0.112791,-0.050976,0.998661,-0.004183,0.003337,0.006953,-0.508023,0.019363
3.137000,0.111709,-0.051341,0.998667,-0.004171,0.003344,0.006951,-0.508024,0.019359
3.138000,0.113100,-0.048771,0.998667,-0.004200,0.003353,0.006953,-0.508025,0.019355
3.139000,0.112859,-0.050508,0.998665,-0.004177,0.003362,0.006953,-0.508027,0.019351
3.140000,0.112959,-0.052540,0.998660,-0.004153,0.003370,0.006950,-0.508028,0.019346
3.141000,0.111452,-0.051731,0.998671,-0.004150,0.003378,0.006949,-0.508029,0.019342
3.142000,0.113434,-0.049918,0.998665,-0.004174,0.003387,0.006950,-0.508031,0.019338
3.143000,0.113870,-0.049270,0.998665,-0.004180,0.003396,0.006951,-0.508032,0.019334
3.144000,0.112794,-0.049997,0.998670,-0.004164,0.003405,0.006952,-0.508033,0.019330
3.145000,0.111010,-0.052102,0.998677,-0.004131,0.003412,0.006951,-0.508035,0.019326
3.146000,0.111163,-0.051739,0.998678,-0.004131,0.003419,0.006951,-0.508036,0.019322
3.147000,0.111059,-0.051359,0.998680,-0.004131,0.003425,0.006951,-0.508037,0.019317
3.148000,0.111780,-0.052214,0.998675,-0.004121,0.003433,0.006950,-0.508039,0.019313
3.149000,0.110672,-0.052213,0.998683,-0.004112,0.003439,0.006949,-0.508040,0.019309
3.150000,0.110057,-0.051878,0.998688,-0.004109,0.003445,0.006949,-0.508041,0.019305
3.151000,0.110354,-0.052489,0.998686,-0.004100,0.003451,0.006948,-0.508042,0.019301
3.152000,0.112459,-0.051405,0.998678,-0.004117,0.003459,0.006948,-0.508044,0.019297
3.153000,0.109837,-0.050835,0.998696,-0.004107,0.003465,0.006950,-0.508045,0.019293
3.154000,0.110037,-0.052041,0.998693,-0.004092,0.003471,0.006949,-0.508046,0.019289
3.155000,0.110273,-0.052598,0.998692,-0.004084,0.003477,0.006949,-0.508048,0.019284
3.156000,0.110435,-0.051068,0.998696,-0.004096,0.003483,0.006950,-0.508049,0.019280
3.157000,0.109874,-0.053479,0.998695,-0.004065,0.003489,0.006949,-0.508050,0.019276
3.158000,0.110803,-0.052926,0.998692,-0.004071,0.003495,0.006948,-0.508052,0.019272
3.159000,0.110999,-0.051110,0.998696,-0.004087,0.003502,0.006950,-0.508053,0.019268
3.160000,0.109600,-0.052610,0.998702,-0.004061,0.003507,0.006949,-0.508054,0.019264
3.161000,0.108958,-0.052634,0.998707,-0.004054,0.003512,0.006949,-0.508056,0.019260
3.162000,0.110160,-0.051507,0.998704,-0.004068,0.003518,0.006951,-0.508057,0.019256
3.163000,0.109413,-0.052240,0.998708,-0.004053,0.003523,0.006951,-0.508058,0.019252
3.164000,0.110391,-0.052627,0.998703,-0.004050,0.003529,0.006951,-0.508059,0.019248
3.165000,0.109646,-0.052711,0.998709,-0.004042,0.003535,0.006952,-0.508061,0.019244
3.166000,0.108040,-0.052271,0.998721,-0.004035,0.003539,0.006952,-0.508062,0.019240
3.167000,0.109188,-0.052459,0.998715,-0.004035,0.003543,0.006953,-0.508063,0.019236
3.168000,0.109536,-0.053987,0.998711,-0.004016,0.003549,0.006952,-0.508065,0.019232
3.169000,0.109931,-0.052375,0.998714,-0.004031,0.003554,0.006953,-0.508066,0.019228
3.170000,0.108860,-0.052291,0.998722,-0.004023,0.003559,0.006954,-0.508067,0.019224
3.171000,0.109478,-0.055219,0.998713,-0.003992,0.003564,0.006952,-0.508068,0.019220
3.172000,0.109550,-0.052111,0.998722,-0.004020,0.003569,0.006954,-0.508070,0.019216
3.173000,0.107612,-0.054609,0.998728,-0.003982,0.003573,0.006952,-0.508071,0.019212
3.174000,0.108321,-0.052527,0.998731,-0.004002,0.003577,0.006953,-0.508072,0.019208
3.175000,0.110653,-0.051607,0.998721,-0.004019,0.003583,0.006956,-0.508074,0.019204
3.176000,0.107232,-0.052924,0.998739,-0.003987,0.003586,0.006956,-0.508075,0.019200
3.177000,0.107682,-0.053543,0.998737,-0.003978,0.003589,0.006957,-0.508076,0.019196
3.178000,0.108424,-0.053076,0.998736,-0.003982,0.003593,0.006957,-0.508077,0.019192
3.179000,0.108545,-0.053472,0.998736,-0.003975,0.003597,0.006958,-0.508079,0.019188
3.180000,0.106313,-0.055219,0.998746,-0.003943,0.003599,0.006957,-0.508080,0.019184
3.181000,0.107578,-0.053230,0.998746,-0.003965,0.003603,0.006957,-0.508081,0.019180
3.182000,0.106429,-0.054059,0.998752,-0.003947,0.003605,0.006957,-0.508082,0.019176
3.183000,0.107422,-0.054880,0.998747,-0.003938,0.003608,0.006956,-0.508084,0.019172
3.184000,0.105483,-0.054344,0.998761,-0.003931,0.003609,0.006956,-0.508085,0.019168
3.185000,0.107176,-0.053460,0.998755,-0.003943,0.003612,0.006957,-0.508086,0.019164
3.186000,0.106174,-0.053520,0.998763,-0.003934,0.003614,0.006958,-0.508087,0.019160
3.187000,0.106803,-0.053257,0.998762,-0.003936,0.003616,0.006959,-0.508089,0.019156
3.188000,0.106465,-0.056417,0.998759,-0.003897,0.003618,0.006956,-0.508090,0.019152
3.189000,0.104238,-0.055447,0.998775,-0.003892,0.003618,0.006955,-0.508091,0.019148
3.190000,0.105670,-0.055650,0.998769,-0.003891,0.003619,0.006954,-0.508092,0.019144
3.191000,0.105091,-0.054395,0.998777,-0.003897,0.003620,0.006954,-0.508094,0.019140
3.192000,0.106386,-0.055213,0.998770,-0.003890,0.003622,0.006953,-0.508095,0.019136
3.193000,0.104520,-0.054018,0.998786,-0.003889,0.003622,0.006953,-0.508096,0.019133
3.194000,0.104783,-0.054055,0.998787,-0.003886,0.003623,0.006953,-0.508097,0.019129
3.195000,0.104143,-0.054744,0.998791,-0.003871,0.003623,0.006953,-0.508098,0.019125
3.196000,0.104290,-0.056099,0.998789,-0.003853,0.003623,0.006951,-0.508100,0.019121
3.197000,0.104219,-0.055472,0.998793,-0.003854,0.003623,0.006950,-0.508101,0.019117
3.198000,0.104982,-0.053971,0.998795,-0.003868,0.003623,0.006950,-0.508102,0.019113
3.199000,0.104290,-0.055626,0.998797,-0.003843,0.003623,0.006949,-0.508103,0.019109
3.200000,0.104528,-0.055549,0.998798,-0.003840,0.003624,0.006948,-0.508105,0.019106
3.201000,0.105076,-0.055313,0.998798,-0.003840,0.003625,0.006947,-0.508106,0.019102
3.202000,0.103307,-0.056516,0.998807,-0.003815,0.003624,0.006945,-0.508107,0.019098
3.203000,0.103043,-0.055089,0.998815,-0.003823,0.003623,0.006944,-0.508108,0.019094
3.204000,0.105031,-0.057011,0.998801,-0.003807,0.003623,0.006941,-0.508109,0.019090
3.205000,0.102087,-0.056273,0.998822,-0.003796,0.003621,0.006940,-0.508110,0.019086
3.206000,0.104320,-0.055928,0.998812,-0.003805,0.003622,0.006938,-0.508112,0.019083
3.207000,0.103380,-0.056583,0.998818,-0.003789,0.003621,0.006936,-0.508113,0.019079
3.208000,0.102056,-0.056550,0.998828,-0.003777,0.003619,0.006933,-0.508114,0.019075
3.209000,0.101241,-0.055657,0.998838,-0.003777,0.003616,0.006932,-0.508115,0.019071
3.210000,0.100948,-0.055948,0.998841,-0.003768,0.003613,0.006930,-0.508116,0.019067
3.211000,0.101741,-0.055749,0.998840,-0.003768,0.003611,0.006929,-0.508118,0.019064
3.212000,0.101327,-0.055089,0.998847,-0.003768,0.003608,0.006928,-0.508119,0.019060
3.213000,0.100985,-0.057533,0.998846,-0.003735,0.003605,0.006924,-0.508120,0.019056
3.214000,0.100956,-0.057835,0.998848,-0.003726,0.003603,0.006921,-0.508121,0.019052
3.215000,0.101990,-0.057287,0.998846,-0.003730,0.003601,0.006917,-0.508122,0.019049
3.216000,0.099612,-0.055597,0.998866,-0.003731,0.003597,0.006916,-0.508123,0.019045
3.217000,0.101173,-0.056761,0.998857,-0.003720,0.003594,0.006913,-0.508124,0.019041
3.218000,0.099790,-0.056276,0.998868,-0.003713,0.003590,0.006911,-0.508126,0.019038
3.219000,0.098100,-0.056700,0.998880,-0.003695,0.003585,0.006908,-0.508127,0.019034
3.220000,0.100573,-0.054880,0.998873,-0.003719,0.003581,0.006907,-0.508128,0.019030
3.221000,0.099824,-0.055593,0.998879,-0.003703,0.003578,0.006905,-0.508129,0.019026
3.222000,0.099141,-0.054921,0.998887,-0.003702,0.003573,0.006904,-0.508130,0.019023
3.223000,0.096287,-0.055518,0.998905,-0.003677,0.003566,0.006902,-0.508131,0.019019
3.224000,0.098188,-0.054580,0.998900,-0.003689,0.003561,0.006901,-0.508132,0.019015
3.225000,0.099139,-0.057445,0.998891,-0.003658,0.003556,0.006897,-0.508133,0.019012
3.226000,0.098733,-0.056107,0.998899,-0.003664,0.003552,0.006894,-0.508134,0.019008
3.227000,0.097333,-0.055594,0.998911,-0.003656,0.003546,0.006892,-0.508136,0.019004
3.228000,0.097518,-0.055133,0.998914,-0.003656,0.003540,0.006890,-0.508137,0.019001
3.229000,0.098018,-0.055667,0.998914,-0.003647,0.003534,0.006887,-0.508138,0.018997
3.230000,0.097371,-0.055768,0.998920,-0.003637,0.003528,0.006884,-0.508139,0.018993
3.231000,0.097154,-0.054615,0.998927,-0.003642,0.003522,0.006883,-0.508140,0.018990
3.232000,0.095976,-0.056500,0.998933,-0.003611,0.003515,0.006879,-0.508141,0.018986
3.233000,0.096552,-0.053902,0.998939,-0.003634,0.003508,0.006878,-0.508142,0.018982
3.234000,0.096301,-0.054909,0.998941,-0.003616,0.003502,0.006875,-0.508143,0.018979
3.235000,0.095607,-0.054305,0.998950,-0.003613,0.003494,0.006874,-0.508144,0.018975
3.236000,0.096773,-0.054946,0.998945,-0.003606,0.003488,0.006871,-0.508145,0.018972
3.237000,0.094435,-0.053373,0.998966,-0.003605,0.003479,0.006870,-0.508146,0.018968
3.238000,0.095398,-0.054087,0.998962,-0.003596,0.003471,0.006868,-0.508147,0.018964
3.239000,0.095476,-0.054644,0.998964,-0.003585,0.003464,0.006866,-0.508148,0.018961
3.240000,0.095790,-0.053365,0.998969,-0.003593,0.003457,0.006864,-0.508149,0.018957
3.241000,0.095963,-0.055207,0.998967,-0.003569,0.003450,0.006861,-0.508150,0.018954
3.242000,0.095989,-0.055484,0.998969,-0.003559,0.003443,0.006857,-0.508151,0.018950
3.243000,0.095070,-0.054639,0.998979,-0.003557,0.003435,0.006854,-0.508152,0.018946
3.244000,0.093394,-0.054290,0.998993,-0.003547,0.003426,0.006851,-0.508153,0.018943
3.245000,0.094372,-0.053999,0.998992,-0.003548,0.003417,0.006849,-0.508154,0.018939
3.246000,0.095489,-0.054715,0.998988,-0.003539,0.003410,0.006845,-0.508156,0.018936
3.247000,0.093857,-0.054258,0.999001,-0.003530,0.003401,0.006842,-0.508157,0.018932
3.248000,0.093095,-0.054342,0.999009,-0.003519,0.003392,0.006839,-0.508158,0.018929
3.249000,0.092946,-0.055023,0.999012,-0.003504,0.003382,0.006835,-0.508159,0.018925
3.250000,0.092850,-0.053824,0.999019,-0.003509,0.003372,0.006832,-0.508159,0.018922
3.251000,0.094098,-0.053708,0.999016,-0.003509,0.003364,0.006828,-0.508160,0.018918
3.252000,0.092676,-0.054101,0.999026,-0.003492,0.003354,0.006825,-0.508161,0.018915
3.253000,0.094460,-0.053298,0.999022,-0.003501,0.003346,0.006822,-0.508162,0.018911
3.254000,0.093415,-0.055630,0.999025,-0.003466,0.003337,0.006816,-0.508163,0.018908
3.255000,0.092834,-0.055412,0.999032,-0.003458,0.003328,0.006811,-0.508164,0.018904
3.256000,0.093976,-0.054556,0.999031,-0.003465,0.003320,0.006806,-0.508165,0.018901
3.257000,0.092693,-0.054393,0.999042,-0.003453,0.003310,0.006802,-0.508166,0.018897
3.258000,0.090530,-0.054150,0.999059,-0.003439,0.003299,0.006797,-0.508167,0.018894
3.259000,0.091557,-0.054714,0.999055,-0.003430,0.003288,0.006792,-0.508168,0.018890
3.260000,0.093824,-0.055257,0.999045,-0.003427,0.003280,0.006786,-0.508169,0.018887
3.261000,0.094155,-0.055403,0.999046,-0.003420,0.003273,0.006780,-0.508170,0.018884
3.262000,0.093192,-0.055793,0.999053,-0.003404,0.003264,0.006773,-0.508171,0.018880
3.263000,0.091512,-0.054607,0.999069,-0.003401,0.003254,0.006768,-0.508172,0.018877
3.264000,0.091751,-0.054743,0.999070,-0.003393,0.003244,0.006762,-0.508173,0.018873
3.265000,0.091923,-0.055631,0.999071,-0.003377,0.003235,0.006755,-0.508174,0.018870
3.266000,0.092497,-0.054497,0.999073,-0.003383,0.003226,0.006749,-0.508175,0.018867
3.267000,0.092904,-0.056347,0.999070,-0.003358,0.003218,0.006741,-0.508176,0.018863
3.268000,0.091682,-0.055229,0.999082,-0.003356,0.003208,0.006734,-0.508177,0.018860
3.269000,0.093060,-0.055891,0.999076,-0.003347,0.003200,0.006726,-0.508178,0.018857
3.270000,0.091328,-0.055267,0.999090,-0.003338,0.003191,0.006719,-0.508178,0.018853
3.271000,0.092579,-0.054644,0.999088,-0.003342,0.003183,0.006712,-0.508179,0.018850
3.272000,0.093206,-0.054110,0.999088,-0.003343,0.003175,0.006706,-0.508180,0.018846
3.273000,0.093418,-0.052915,0.999093,-0.003349,0.003168,0.006700,-0.508181,0.018843
3.274000,0.092679,-0.055701,0.999093,-0.003309,0.003160,0.006692,-0.508182,0.018840
3.275000,0.093282,-0.053205,0.999098,-0.003330,0.003153,0.006686,-0.508183,0.018836
3.276000,0.092413,-0.055229,0.999101,-0.003298,0.003145,0.006678,-0.508184,0.018833
3.277000,0.093161,-0.054218,0.999102,-0.003304,0.003138,0.006671,-0.508185,0.018830
3.278000,0.090975,-0.054916,0.999116,-0.003279,0.003129,0.006663,-0.508186,0.018827
3.279000,0.090560,-0.056350,0.999117,-0.003254,0.003120,0.006654,-0.508187,0.018823
3.280000,0.091495,-0.055162,0.999118,-0.003262,0.003111,0.006646,-0.508188,0.018820
3.281000,0.090459,-0.055210,0.999126,-0.003249,0.003102,0.006637,-0.508188,0.018817
3.282000,0.091660,-0.054219,0.999125,-0.003256,0.003094,0.006629,-0.508189,0.018814
3.283000,0.091784,-0.054566,0.999126,-0.003245,0.003086,0.006621,-0.508190,0.018810
3.284000,0.091779,-0.052916,0.999133,-0.003254,0.003079,0.006615,-0.508191,0.018807
3.285000,0.091121,-0.055028,0.999134,-0.003222,0.003071,0.006606,-0.508192,0.018804
3.286000,0.091271,-0.052994,0.999141,-0.003236,0.003063,0.006599,-0.508193,0.018801
3.287000,0.091571,-0.054887,0.999137,-0.003210,0.003056,0.006590,-0.508194,0.018797
3.288000,0.092152,-0.052970,0.999141,-0.003224,0.003049,0.006583,-0.508194,0.018794
3.289000,0.091224,-0.053195,0.999148,-0.003210,0.003041,0.006575,-0.508195,0.018791
3.290000,0.093149,-0.054302,0.999137,-0.003200,0.003036,0.006567,-0.508196,0.018788
3.291000,0.091918,-0.052907,0.999150,-0.003201,0.003029,0.006559,-0.508197,0.018784
3.292000,0.089946,-0.052944,0.999163,-0.003184,0.003021,0.006552,-0.508198,0.018781
3.293000,0.090846,-0.053564,0.999159,-0.003174,0.003013,0.006544,-0.508199,0.018778
3.294000,0.090682,-0.052914,0.999164,-0.003172,0.003006,0.006536,-0.508200,0.018775
3.295000,0.089934,-0.050195,0.999178,-0.003189,0.002998,0.006531,-0.508200,0.018772
3.296000,0.089869,-0.052601,0.999175,-0.003157,0.002990,0.006523,-0.508201,0.018769
3.297000,0.089307,-0.052589,0.999181,-0.003147,0.002981,0.006515,-0.508202,0.018765
3.298000,0.091321,-0.051928,0.999174,-0.003155,0.002975,0.006508,-0.508203,0.018762
3.299000,0.090721,-0.051989,0.999179,-0.003144,0.002968,0.006501,-0.508204,0.018759
3.300000,0.090338,-0.051018,0.999186,-0.003145,0.002961,0.006494,-0.508205,0.018756
3.301000,0.040697,-0.022842,0.999197,-0.003135,0.002904,0.006516,-0.508205,0.018753
3.302000,0.042988,-0.023277,0.999198,-0.003136,0.002849,0.006536,-0.508206,0.018750
3.303000,0.044412,-0.023643,0.999204,-0.003133,0.002796,0.006555,-0.508207,0.018747
3.304000,0.046906,-0.025608,0.999199,-0.003119,0.002744,0.006572,-0.508208,0.018743
3.305000,0.047585,-0.025471,0.999210,-0.003118,0.002693,0.006587,-0.508209,0.018740
3.306000,0.049723,-0.026894,0.999208,-0.003106,0.002644,0.006601,-0.508209,0.018737
3.307000,0.050255,-0.027183,0.999217,-0.003099,0.002595,0.006613,-0.508210,0.018734
3.308000,0.052320,-0.026171,0.999220,-0.003112,0.002549,0.006626,-0.508211,0.018731
3.309000,0.052671,-0.027977,0.999226,-0.003089,0.002502,0.006636,-0.508212,0.018728
3.310000,0.054306,-0.027927,0.999229,-0.003089,0.002457,0.006646,-0.508212,0.018725
3.311000,0.056457,-0.028897,0.999227,-0.003082,0.002413,0.006654,-0.508213,0.018722
3.312000,0.056452,-0.029121,0.999237,-0.003072,0.002370,0.006661,-0.508214,0.018719
3.313000,0.058064,-0.030672,0.999236,-0.003055,0.002328,0.006666,-0.508215,0.018715
3.314000,0.059935,-0.030873,0.999235,-0.003053,0.002288,0.006670,-0.508216,0.018712
3.315000,0.060589,-0.030466,0.999243,-0.003052,0.002249,0.006674,-0.508216,0.018709
3.316000,0.062303,-0.030531,0.999243,-0.003050,0.002211,0.006677,-0.508217,0.018706
3.317000,0.062502,-0.031491,0.999249,-0.003033,0.002173,0.006679,-0.508218,0.018703
3.318000,0.063242,-0.031091,0.999255,-0.003031,0.002136,0.006680,-0.508219,0.018700
3.319000,0.064850,-0.031926,0.999253,-0.003021,0.002101,0.006680,-0.508219,0.018697
3.320000,0.064991,-0.032714,0.999259,-0.003004,0.002066,0.006679,-0.508220,0.018694
3.321000,0.067201,-0.031599,0.999258,-0.003017,0.002033,0.006678,-0.508221,0.018691
3.322000,0.067950,-0.033269,0.999258,-0.002994,0.002000,0.006676,-0.508222,0.018688
3.323000,0.068053,-0.032435,0.999268,-0.002993,0.001968,0.006673,-0.508222,0.018685
3.324000,0.069568,-0.032379,0.999267,-0.002991,0.001938,0.006670,-0.508223,0.018682
3.325000,0.070603,-0.032827,0.999268,-0.002982,0.001908,0.006667,-0.508224,0.018679
3.326000,0.069852,-0.033969,0.999276,-0.002957,0.001878,0.006661,-0.508224,0.018676
3.327000,0.072527,-0.032993,0.999271,-0.002969,0.001851,0.006656,-0.508225,0.018673
3.328000,0.073985,-0.032712,0.999270,-0.002969,0.001825,0.006651,-0.508226,0.018670
3.329000,0.073685,-0.033393,0.999276,-0.002951,0.001799,0.006645,-0.508227,0.018667
3.330000,0.075412,-0.033015,0.999274,-0.002954,0.001775,0.006639,-0.508227,0.018664
3.331000,0.075896,-0.034233,0.999274,-0.002933,0.001751,0.006632,-0.508228,0.018661
3.332000,0.077041,-0.033855,0.999274,-0.002933,0.001729,0.006624,-0.508229,0.018658
3.333000,0.077593,-0.031607,0.999282,-0.002949,0.001707,0.006619,-0.508230,0.018656
3.334000,0.078889,-0.033028,0.999276,-0.002931,0.001686,0.006611,-0.508230,0.018653
3.335000,0.079561,-0.034012,0.999275,-0.002915,0.001667,0.006602,-0.508231,0.018650
3.336000,0.079902,-0.033063,0.999280,-0.002916,0.001648,0.006594,-0.508232,0.018647
3.337000,0.080520,-0.033435,0.999281,-0.002906,0.001629,0.006586,-0.508232,0.018644
3.338000,0.079261,-0.032049,0.999295,-0.002905,0.001610,0.006578,-0.508233,0.018641
3.339000,0.081071,-0.032584,0.999289,-0.002899,0.001592,0.006570,-0.508234,0.018638
3.340000,0.081707,-0.032188,0.999290,-0.002896,0.001575,0.006561,-0.508235,0.018635
3.341000,0.084182,-0.033079,0.999278,-0.002889,0.001561,0.006552,-0.508235,0.018632
3.342000,0.082156,-0.032135,0.999296,-0.002881,0.001545,0.006543,-0.508236,0.018629
3.343000,0.083482,-0.033513,0.999289,-0.002863,0.001530,0.006533,-0.508237,0.018626
3.344000,0.084124,-0.032405,0.999291,-0.002869,0.001516,0.006523,-0.508237,0.018624
3.345000,0.085014,-0.031854,0.999291,-0.002869,0.001504,0.006514,-0.508238,0.018621
3.346000,0.086459,-0.031896,0.999286,-0.002867,0.001492,0.006505,-0.508239,0.018618
3.347000,0.084470,-0.031767,0.999301,-0.002851,0.001479,0.006495,-0.508240,0.018615
3.348000,0.087778,-0.029932,0.999289,-0.002876,0.001470,0.006488,-0.508240,0.018612
3.349000,0.086753,-0.032823,0.999291,-0.002833,0.001459,0.006477,-0.508241,0.018609
3.350000,0.086028,-0.032477,0.999299,-0.002825,0.001448,0.006466,-0.508242,0.018606
3.351000,0.087240,-0.030833,0.999298,-0.002839,0.001438,0.006457,-0.508242,0.018604
3.352000,0.088152,-0.032702,0.999291,-0.002815,0.001429,0.006446,-0.508243,0.018601
3.353000,0.088266,-0.032757,0.999293,-0.002806,0.001421,0.006435,-0.508244,0.018598
3.354000,0.086117,-0.031853,0.999309,-0.002797,0.001411,0.006424,-0.508244,0.018595
3.355000,0.088449,-0.033043,0.999296,-0.002787,0.001403,0.006412,-0.508245,0.018592
3.356000,0.089773,-0.031407,0.999294,-0.002801,0.001396,0.006402,-0.508246,0.018590
3.357000,0.089866,-0.030006,0.999299,-0.002808,0.001390,0.006393,-0.508247,0.018587
3.358000,0.089784,-0.030374,0.999300,-0.002796,0.001384,0.006383,-0.508247,0.018584
3.359000,0.091257,-0.032087,0.999290,-0.002778,0.001379,0.006372,-0.508248,0.018581
3.360000,0.091431,-0.030936,0.999293,-0.002782,0.001375,0.006362,-0.508249,0.018578
3.361000,0.090754,-0.031409,0.999297,-0.002767,0.001371,0.006351,-0.508249,0.018576
3.362000,0.091408,-0.029686,0.999299,-0.002780,0.001367,0.006342,-0.508250,0.018573
3.363000,0.090959,-0.030981,0.999300,-0.002757,0.001363,0.006331,-0.508251,0.018570
3.364000,0.092764,-0.030553,0.999292,-0.002762,0.001360,0.006321,-0.508252,0.018567
3.365000,0.091302,-0.031382,0.999299,-0.002739,0.001357,0.006310,-0.508252,0.018565
3.366000,0.092657,-0.029905,0.999296,-0.002753,0.001355,0.006301,-0.508253,0.018562
3.367000,0.094049,-0.029224,0.999291,-0.002760,0.001354,0.006292,-0.508254,0.018559
3.368000,0.092538,-0.028562,0.999302,-0.002753,0.001353,0.006284,-0.508254,0.018556
3.369000,0.093000,-0.031142,0.999294,-0.002722,0.001351,0.006273,-0.508255,0.018553
3.370000,0.093838,-0.029004,0.999295,-0.002741,0.001351,0.006264,-0.508256,0.018551
3.371000,0.093780,-0.028139,0.999298,-0.002743,0.001351,0.006256,-0.508256,0.018548
3.372000,0.094162,-0.027884,0.999297,-0.002742,0.001351,0.006249,-0.508257,0.018545
3.373000,0.094420,-0.028207,0.999295,-0.002734,0.001352,0.006241,-0.508258,0.018543
3.374000,0.094800,-0.028493,0.999293,-0.002726,0.001353,0.006232,-0.508259,0.018540
3.375000,0.094473,-0.027209,0.999299,-0.002732,0.001354,0.006225,-0.508259,0.018537
3.376000,0.094257,-0.027959,0.999299,-0.002718,0.001355,0.006218,-0.508260,0.018534
3.377000,0.094746,-0.028448,0.999295,-0.002709,0.001356,0.006210,-0.508261,0.018532
3.378000,0.095874,-0.028662,0.999289,-0.002706,0.001359,0.006201,-0.508261,0.018529
3.379000,0.095778,-0.028832,0.999289,-0.002698,0.001362,0.006193,-0.508262,0.018526
3.380000,0.096490,-0.027328,0.999288,-0.002712,0.001366,0.006186,-0.508263,0.018523
3.381000,0.095810,-0.028827,0.999289,-0.002688,0.001369,0.006178,-0.508264,0.018521
3.382000,0.095641,-0.028823,0.999290,-0.002681,0.001372,0.006169,-0.508264,0.018518
3.383000,0.095899,-0.026339,0.999294,-0.002703,0.001375,0.006164,-0.508265,0.018515
3.384000,0.096840,-0.027155,0.999287,-0.002694,0.001379,0.006157,-0.508266,0.018513
3.385000,0.095207,-0.027207,0.999296,-0.002681,0.001382,0.006151,-0.508266,0.018510
3.386000,0.096257,-0.027502,0.999290,-0.002678,0.001386,0.006144,-0.508267,0.018507
3.387000,0.097197,-0.026210,0.999288,-0.002691,0.001391,0.006138,-0.508268,0.018505
3.388000,0.095368,-0.028757,0.999292,-0.002651,0.001394,0.006131,-0.508269,0.018502
3.389000,0.095648,-0.027808,0.999293,-0.002657,0.001398,0.006124,-0.508269,0.018499
3.390000,0.094454,-0.028998,0.999296,-0.002634,0.001401,0.006116,-0.508270,0.018497
3.391000,0.096798,-0.026842,0.999288,-0.002662,0.001406,0.006110,-0.508271,0.018494
3.392000,0.095647,-0.029268,0.999289,-0.002627,0.001410,0.006102,-0.508271,0.018491
3.393000,0.096998,-0.027611,0.999285,-0.002645,0.001415,0.006095,-0.508272,0.018489
3.394000,0.097034,-0.027618,0.999285,-0.002640,0.001421,0.006089,-0.508273,0.018486
3.395000,0.094839,-0.028189,0.999295,-0.002620,0.001424,0.006082,-0.508274,0.018483
3.396000,0.096258,-0.025904,0.999293,-0.002645,0.001429,0.006077,-0.508274,0.018481
3.397000,0.095315,-0.027467,0.999295,-0.002621,0.001434,0.006071,-0.508275,0.018478
3.398000,0.096648,-0.026782,0.999289,-0.002629,0.001439,0.006066,-0.508276,0.018476
3.399000,0.095322,-0.026809,0.999296,-0.002619,0.001443,0.006061,-0.508276,0.018473
3.400000,0.096546,-0.027620,0.999287,-0.002612,0.001449,0.006055,-0.508277,0.018470
3.401000,0.095721,-0.027073,0.999293,-0.002609,0.001454,0.006049,-0.508278,0.018468
3.402000,0.095726,-0.025859,0.999295,-0.002618,0.001459,0.006045,-0.508278,0.018465
3.403000,0.096409,-0.027532,0.999288,-0.002600,0.001465,0.006040,-0.508279,0.018462
3.404000,0.094397,-0.027711,0.999298,-0.002584,0.001469,0.006034,-0.508280,0.018460
3.405000,0.096837,-0.026119,0.999288,-0.002608,0.001475,0.006030,-0.508281,0.018457
3.406000,0.096221,-0.027362,0.999289,-0.002588,0.001481,0.006025,-0.508281,0.018455
3.407000,0.094702,-0.027096,0.999298,-0.002580,0.001485,0.006020,-0.508282,0.018452
3.408000,0.096014,-0.027130,0.999290,-0.002582,0.001491,0.006015,-0.508283,0.018449
3.409000,0.093300,-0.025771,0.999309,-0.002580,0.001494,0.006012,-0.508283,0.018447
3.410000,0.093014,-0.028833,0.999303,-0.002542,0.001497,0.006005,-0.508284,0.018444
3.411000,0.094814,-0.026013,0.999300,-0.002575,0.001501,0.006002,-0.508285,0.018442
3.412000,0.094115,-0.028184,0.999299,-0.002546,0.001505,0.005996,-0.508286,0.018439
3.413000,0.093313,-0.027592,0.999305,-0.002544,0.001509,0.005991,-0.508286,0.018437
3.414000,0.093802,-0.026674,0.999305,-0.002552,0.001513,0.005987,-0.508287,0.018434
3.415000,0.093979,-0.025524,0.999307,-0.002561,0.001517,0.005984,-0.508288,0.018432
3.416000,0.092886,-0.027723,0.999308,-0.002529,0.001520,0.005979,-0.508288,0.018429
3.417000,0.092152,-0.028642,0.999310,-0.002512,0.001522,0.005973,-0.508289,0.018426
3.418000,0.092735,-0.025763,0.999314,-0.002540,0.001526,0.005970,-0.508290,0.018424
3.419000,0.091798,-0.027323,0.999316,-0.002516,0.001528,0.005966,-0.508290,0.018421
3.420000,0.093507,-0.027604,0.999306,-0.002517,0.001532,0.005961,-0.508291,0.018419
3.421000,0.091945,-0.026751,0.999317,-0.002514,0.001534,0.005957,-0.508292,0.018416
3.422000,0.091827,-0.026286,0.999320,-0.002515,0.001537,0.005954,-0.508292,0.018414
3.423000,0.092178,-0.028332,0.999313,-0.002491,0.001540,0.005949,-0.508293,0.018411
3.424000,0.092963,-0.027113,0.999312,-0.002503,0.001543,0.005945,-0.508294,0.018409
3.425000,0.090903,-0.027234,0.999324,-0.002489,0.001545,0.005941,-0.508294,0.018406
3.426000,0.091667,-0.025926,0.999323,-0.002502,0.001548,0.005938,-0.508295,0.018404
3.427000,0.090168,-0.027711,0.999328,-0.002473,0.001549,0.005934,-0.508296,0.018401
3.428000,0.089708,-0.027513,0.999332,-0.002468,0.001550,0.005929,-0.508297,0.018399
3.429000,0.090106,-0.027234,0.999331,-0.002469,0.001551,0.005925,-0.508297,0.018396
3.430000,0.090012,-0.027070,0.999333,-0.002466,0.001552,0.005921,-0.508298,0.018394
3.431000,0.090998,-0.027073,0.999328,-0.002466,0.001554,0.005918,-0.508299,0.018391
3.432000,0.090439,-0.026683,0.999332,-0.002464,0.001556,0.005914,-0.508299,0.018389
3.433000,0.089570,-0.027403,0.999336,-0.002449,0.001557,0.005910,-0.508300,0.018387
3.434000,0.089183,-0.026155,0.999342,-0.002456,0.001557,0.005907,-0.508301,0.018384
3.435000,0.088927,-0.027453,0.999342,-0.002437,0.001557,0.005903,-0.508301,0.018382
3.436000,0.088955,-0.027563,0.999342,-0.002432,0.001558,0.005899,-0.508302,0.018379
3.437000,0.087194,-0.027702,0.999353,-0.002418,0.001557,0.005895,-0.508302,0.018377
3.438000,0.087217,-0.027802,0.999353,-0.002412,0.001555,0.005890,-0.508303,0.018374
3.439000,0.087637,-0.026237,0.999356,-0.002426,0.001555,0.005887,-0.508304,0.018372
3.440000,0.088364,-0.026075,0.999353,-0.002427,0.001555,0.005885,-0.508304,0.018369
3.441000,0.088207,-0.028906,0.999348,-0.002393,0.001555,0.005879,-0.508305,0.018367
3.442000,0.086596,-0.026839,0.999363,-0.002402,0.001553,0.005876,-0.508306,0.018365
3.443000,0.085930,-0.027150,0.999368,-0.002391,0.001551,0.005872,-0.508306,0.018362
3.444000,0.088587,-0.027078,0.999354,-0.002400,0.001551,0.005868,-0.508307,0.018360
3.445000,0.086665,-0.028864,0.999362,-0.002368,0.001550,0.005862,-0.508308,0.018357
3.446000,0.086070,-0.027690,0.999369,-0.002373,0.001548,0.005858,-0.508308,0.018355
3.447000,0.086291,-0.026546,0.999372,-0.002381,0.001547,0.005854,-0.508309,0.018353
3.448000,0.086868,-0.027823,0.999367,-0.002366,0.001546,0.005850,-0.508310,0.018350
3.449000,0.085667,-0.026732,0.999377,-0.002367,0.001543,0.005846,-0.508310,0.018348
3.450000,0.085564,-0.027715,0.999377,-0.002352,0.001541,0.005842,-0.508311,0.018346
3.451000,0.084807,-0.026730,0.999385,-0.002354,0.001539,0.005838,-0.508311,0.018343
3.452000,0.085499,-0.026705,0.999382,-0.002353,0.001536,0.005835,-0.508312,0.018341
3.453000,0.085555,-0.029449,0.999377,-0.002320,0.001535,0.005828,-0.508313,0.018339
3.454000,0.085509,-0.026227,0.999386,-0.002349,0.001533,0.005825,-0.508313,0.018336
3.455000,0.084845,-0.026951,0.999389,-0.002334,0.001530,0.005821,-0.508314,0.018334
3.456000,0.083915,-0.027626,0.999394,-0.002318,0.001527,0.005816,-0.508314,0.018332
3.457000,0.081356,-0.028579,0.999408,-0.002291,0.001521,0.005811,-0.508315,0.018329
3.458000,0.085228,-0.026761,0.999392,-0.002322,0.001519,0.005807,-0.508316,0.018327
3.459000,0.082707,-0.027648,0.999406,-0.002297,0.001514,0.005802,-0.508316,0.018325
3.460000,0.082765,-0.027861,0.999407,-0.002290,0.001510,0.005797,-0.508317,0.018322
3.461000,0.084131,-0.028007,0.999400,-0.002289,0.001507,0.005791,-0.508317,0.018320
3.462000,0.083912,-0.026309,0.999407,-0.002301,0.001504,0.005788,-0.508318,0.018318
3.463000,0.083254,-0.028465,0.999407,-0.002271,0.001501,0.005782,-0.508319,0.018315
3.464000,0.082783,-0.026483,0.999416,-0.002284,0.001497,0.005778,-0.508319,0.018313
3.465000,0.082009,-0.027059,0.999420,-0.002270,0.001492,0.005773,-0.508320,0.018311
3.466000,0.082385,-0.026099,0.999422,-0.002276,0.001488,0.005769,-0.508320,0.018309
3.467000,0.081797,-0.027842,0.999423,-0.002251,0.001483,0.005764,-0.508321,0.018306
3.468000,0.081224,-0.027270,0.999429,-0.002249,0.001478,0.005759,-0.508322,0.018304
3.469000,0.082020,-0.027113,0.999427,-0.002249,0.001474,0.005754,-0.508322,0.018302
3.470000,0.080671,-0.028559,0.999433,-0.002222,0.001468,0.005747,-0.508323,0.018300
3.471000,0.080867,-0.028771,0.999433,-0.002215,0.001463,0.005741,-0.508323,0.018297
3.472000,0.082217,-0.028135,0.999428,-0.002222,0.001459,0.005735,-0.508324,0.018295
3.473000,0.080953,-0.027238,0.999439,-0.002220,0.001454,0.005729,-0.508324,0.018293
3.474000,0.081163,-0.027516,0.999439,-0.002213,0.001449,0.005723,-0.508325,0.018291
3.475000,0.081100,-0.027202,0.999442,-0.002210,0.001444,0.005718,-0.508326,0.018289
3.476000,0.079591,-0.028205,0.999449,-0.002188,0.001438,0.005711,-0.508326,0.018286
3.477000,0.080247,-0.028940,0.999446,-0.002177,0.001433,0.005704,-0.508327,0.018284
3.478000,0.079792,-0.026550,0.999456,-0.002194,0.001427,0.005699,-0.508327,0.018282
3.479000,0.079567,-0.028427,0.999454,-0.002168,0.001421,0.005692,-0.508328,0.018280
3.480000,0.079622,-0.027891,0.999457,-0.002168,0.001415,0.005685,-0.508328,0.018278
3.481000,0.079991,-0.026929,0.999459,-0.002174,0.001410,0.005680,-0.508329,0.018275
3.482000,0.079760,-0.026975,0.999462,-0.002167,0.001404,0.005674,-0.508329,0.018273
3.483000,0.079683,-0.028130,0.999461,-0.002149,0.001399,0.005667,-0.508330,0.018271
3.484000,0.081890,-0.026933,0.999453,-0.002165,0.001396,0.005661,-0.508330,0.018269
3.485000,0.081163,-0.028430,0.999455,-0.002141,0.001392,0.005653,-0.508331,0.018267
3.486000,0.080927,-0.030211,0.999453,-0.002116,0.001388,0.005644,-0.508332,0.018265
3.487000,0.080580,-0.026680,0.999464,-0.002144,0.001384,0.005638,-0.508332,0.018262
3.488000,0.078596,-0.029079,0.999471,-0.002105,0.001378,0.005630,-0.508333,0.018260
3.489000,0.079116,-0.026544,0.999476,-0.002127,0.001373,0.005624,-0.508333,0.018258
3.490000,0.079629,-0.027228,0.999473,-0.002117,0.001368,0.005617,-0.508334,0.018256
3.491000,0.079380,-0.027989,0.999474,-0.002102,0.001363,0.005610,-0.508334,0.018254
3.492000,0.079900,-0.028553,0.999471,-0.002093,0.001359,0.005602,-0.508335,0.018252
3.493000,0.080887,-0.029108,0.999465,-0.002086,0.001356,0.005593,-0.508335,0.018250
3.494000,0.080137,-0.029453,0.999470,-0.002072,0.001352,0.005584,-0.508336,0.018248
3.495000,0.077824,-0.029306,0.999484,-0.002057,0.001346,0.005575,-0.508336,0.018246
3.496000,0.080585,-0.028481,0.999472,-0.002072,0.001343,0.005567,-0.508337,0.018244
3.497000,0.077088,-0.028228,0.999494,-0.002052,0.001337,0.005559,-0.508337,0.018242
3.498000,0.078368,-0.028995,0.999486,-0.002044,0.001332,0.005550,-0.508338,0.018239
3.499000,0.078338,-0.029014,0.999488,-0.002037,0.001327,0.005541,-0.508338,0.018237
3.500000,0.079841,-0.030562,0.999477,-0.002021,0.001324,0.005530,-0.508339,0.018235
3.501000,0.079711,-0.029144,0.999481,-0.002029,0.001320,0.005521,-0.508339,0.018233
3.502000,0.080668,-0.028156,0.999479,-0.002037,0.001318,0.005512,-0.508340,0.018231
3.503000,0.079294,-0.028874,0.999486,-0.002018,0.001315,0.005503,-0.508340,0.018229
3.504000,0.079810,-0.029593,0.999482,-0.002006,0.001312,0.005493,-0.508341,0.018227
3.505000,0.081179,-0.028828,0.999477,-0.002014,0.001311,0.005484,-0.508341,0.018225
3.506000,0.081113,-0.029277,0.999477,-0.002004,0.001310,0.005475,-0.508342,0.018223
3.507000,0.079845,-0.028934,0.999485,-0.001995,0.001307,0.005465,-0.508343,0.018221
3.508000,0.079228,-0.029308,0.999489,-0.001982,0.001305,0.005456,-0.508343,0.018219
3.509000,0.080865,-0.027058,0.999485,-0.002007,0.001304,0.005448,-0.508344,0.018217
3.510000,0.079627,-0.027250,0.999493,-0.001994,0.001302,0.005440,-0.508344,0.018215
3.511000,0.080302,-0.028780,0.999486,-0.001976,0.001300,0.005431,-0.508345,0.018213
3.512000,0.080125,-0.030898,0.999482,-0.001947,0.001299,0.005420,-0.508345,0.018211
3.513000,0.080943,-0.027979,0.999485,-0.001975,0.001299,0.005411,-0.508346,0.018209
3.514000,0.080659,-0.030356,0.999481,-0.001943,0.001298,0.005400,-0.508346,0.018207
3.515000,0.080699,-0.030021,0.999482,-0.001941,0.001298,0.005390,-0.508347,0.018205
3.516000,0.078804,-0.029273,0.999495,-0.001933,0.001296,0.005380,-0.508347,0.018204
3.517000,0.079431,-0.027707,0.999495,-0.001947,0.001294,0.005372,-0.508348,0.018202
3.518000,0.080539,-0.028358,0.999488,-0.001939,0.001294,0.005363,-0.508348,0.018200
3.519000,0.080185,-0.027899,0.999491,-0.001937,0.001294,0.005354,-0.508349,0.018198
3.520000,0.079395,-0.028420,0.999495,-0.001923,0.001293,0.005345,-0.508349,0.018196
3.521000,0.079957,-0.028248,0.999493,-0.001921,0.001293,0.005336,-0.508350,0.018194
3.522000,0.081809,-0.028025,0.999483,-0.001927,0.001295,0.005328,-0.508350,0.018192
3.523000,0.079752,-0.028290,0.999494,-0.001909,0.001295,0.005319,-0.508351,0.018190
3.524000,0.079633,-0.028280,0.999495,-0.001903,0.001294,0.005310,-0.508351,0.018188
3.525000,0.080478,-0.027629,0.999492,-0.001909,0.001295,0.005302,-0.508352,0.018186
3.526000,0.079351,-0.028226,0.999497,-0.001892,0.001295,0.005293,-0.508352,0.018184
3.527000,0.079340,-0.029611,0.999494,-0.001872,0.001295,0.005283,-0.508353,0.018182
3.528000,0.080770,-0.027302,0.999491,-0.001897,0.001297,0.005275,-0.508353,0.018180
3.529000,0.079655,-0.028383,0.999495,-0.001876,0.001297,0.005266,-0.508354,0.018179
3.530000,0.080452,-0.028997,0.999489,-0.001868,0.001299,0.005257,-0.508354,0.018177
3.531000,0.079955,-0.027796,0.999495,-0.001873,0.001300,0.005248,-0.508355,0.018175
3.532000,0.080467,-0.026673,0.999495,-0.001882,0.001301,0.005241,-0.508355,0.018173
3.533000,0.080109,-0.026502,0.999497,-0.001877,0.001303,0.005234,-0.508356,0.018171
3.534000,0.080270,-0.028716,0.999491,-0.001850,0.001305,0.005225,-0.508356,0.018169
3.535000,0.079549,-0.029762,0.999492,-0.001831,0.001306,0.005215,-0.508357,0.018167
3.536000,0.080813,-0.026319,0.999493,-0.001867,0.001308,0.005208,-0.508357,0.018166
3.537000,0.080417,-0.027667,0.999492,-0.001847,0.001311,0.005200,-0.508358,0.018164
3.538000,0.081230,-0.027013,0.999489,-0.001853,0.001314,0.005193,-0.508358,0.018162
3.539000,0.078993,-0.027562,0.999500,-0.001832,0.001315,0.005185,-0.508359,0.018160
3.540000,0.080178,-0.025768,0.999498,-0.001852,0.001318,0.005179,-0.508359,0.018158
3.541000,0.078719,-0.027774,0.999501,-0.001820,0.001319,0.005171,-0.508360,0.018156
3.542000,0.079248,-0.027778,0.999498,-0.001818,0.001320,0.005163,-0.508360,0.018154
3.543000,0.078541,-0.027685,0.999502,-0.001811,0.001321,0.005155,-0.508361,0.018153
3.544000,0.079264,-0.026300,0.999502,-0.001824,0.001323,0.005148,-0.508361,0.018151
3.545000,0.079583,-0.026722,0.999499,-0.001817,0.001326,0.005141,-0.508362,0.018149
3.546000,0.079468,-0.026607,0.999500,-0.001813,0.001328,0.005135,-0.508362,0.018147
3.547000,0.079145,-0.027916,0.999498,-0.001794,0.001330,0.005127,-0.508363,0.018145
3.548000,0.079459,-0.025187,0.999503,-0.001819,0.001333,0.005122,-0.508363,0.018144
3.549000,0.077716,-0.028086,0.999506,-0.001777,0.001334,0.005113,-0.508364,0.018142
3.550000,0.078437,-0.027011,0.999504,-0.001787,0.001335,0.005106,-0.508364,0.018140
3.551000,0.076212,-0.027429,0.999516,-0.001768,0.001335,0.005099,-0.508365,0.018138
3.552000,0.077710,-0.028103,0.999506,-0.001763,0.001336,0.005091,-0.508365,0.018136
3.553000,0.078556,-0.027340,0.999503,-0.001770,0.001338,0.005084,-0.508366,0.018135
3.554000,0.078901,-0.025453,0.999506,-0.001787,0.001341,0.005078,-0.508366,0.018133
3.555000,0.076199,-0.027012,0.999517,-0.001754,0.001341,0.005071,-0.508367,0.018131
3.556000,0.077584,-0.027465,0.999509,-0.001751,0.001343,0.005064,-0.508367,0.018129
3.557000,0.078909,-0.026035,0.999505,-0.001768,0.001345,0.005058,-0.508368,0.018128
3.558000,0.078892,-0.025814,0.999505,-0.001767,0.001348,0.005052,-0.508368,0.018126
3.559000,0.077116,-0.026559,0.999513,-0.001747,0.001350,0.005046,-0.508369,0.018124
3.560000,0.078287,-0.027833,0.999504,-0.001735,0.001352,0.005039,-0.508369,0.018122
3.561000,0.078131,-0.026934,0.999507,-0.001739,0.001355,0.005032,-0.508370,0.018121
3.562000,0.076998,-0.027560,0.999511,-0.001723,0.001356,0.005025,-0.508370,0.018119
3.563000,0.076986,-0.026495,0.999514,-0.001730,0.001358,0.005019,-0.508371,0.018117
3.564000,0.076966,-0.027874,0.999511,-0.001712,0.001360,0.005011,-0.508371,0.018115
3.565000,0.076502,-0.027270,0.999515,-0.001711,0.001361,0.005004,-0.508372,0.018114
3.566000,0.077249,-0.025808,0.999514,-0.001726,0.001363,0.004999,-0.508372,0.018112
3.567000,0.077362,-0.027415,0.999510,-0.001706,0.001366,0.004992,-0.508373,0.018110
3.568000,0.077144,-0.028121,0.999509,-0.001693,0.001368,0.004984,-0.508373,0.018109
3.569000,0.077760,-0.027138,0.999508,-0.001702,0.001371,0.004978,-0.508374,0.018107
3.570000,0.076511,-0.028029,0.999513,-0.001683,0.001373,0.004970,-0.508374,0.018105
3.571000,0.077471,-0.025953,0.999512,-0.001705,0.001376,0.004965,-0.508375,0.018103
3.572000,0.075395,-0.025916,0.999524,-0.001692,0.001377,0.004959,-0.508375,0.018102
3.573000,0.078159,-0.026028,0.999508,-0.001700,0.001380,0.004954,-0.508376,0.018100
3.574000,0.076130,-0.025072,0.999522,-0.001697,0.001382,0.004950,-0.508376,0.018098
3.575000,0.075146,-0.026501,0.999524,-0.001674,0.001383,0.004944,-0.508377,0.018097
3.576000,0.076326,-0.026779,0.999517,-0.001673,0.001385,0.004938,-0.508377,0.018095
3.577000,0.075385,-0.026389,0.999523,-0.001669,0.001387,0.004932,-0.508378,0.018093
3.578000,0.075341,-0.026498,0.999523,-0.001664,0.001388,0.004927,-0.508378,0.018092
3.579000,0.075312,-0.026870,0.999523,-0.001656,0.001389,0.004921,-0.508379,0.018090
3.580000,0.075263,-0.026127,0.999525,-0.001660,0.001391,0.004915,-0.508379,0.018088
3.581000,0.074106,-0.026367,0.999531,-0.001648,0.001391,0.004910,-0.508379,0.018087
3.582000,0.074319,-0.026637,0.999530,-0.001643,0.001392,0.004904,-0.508380,0.018085
3.583000,0.074367,-0.024724,0.999534,-0.001659,0.001393,0.004900,-0.508380,0.018083
3.584000,0.074124,-0.026369,0.999532,-0.001637,0.001393,0.004895,-0.508381,0.018082
3.585000,0.075001,-0.027116,0.999526,-0.001630,0.001395,0.004888,-0.508381,0.018080
3.586000,0.074729,-0.025558,0.999531,-0.001641,0.001396,0.004884,-0.508382,0.018078
3.587000,0.073031,-0.024868,0.999543,-0.001637,0.001396,0.004880,-0.508382,0.018077
3.588000,0.074071,-0.025486,0.999536,-0.001632,0.001397,0.004875,-0.508383,0.018075
3.589000,0.072776,-0.025111,0.999545,-0.001626,0.001397,0.004871,-0.508383,0.018074
3.590000,0.073787,-0.024696,0.999540,-0.001632,0.001397,0.004867,-0.508384,0.018072
3.591000,0.073389,-0.026362,0.999539,-0.001609,0.001398,0.004862,-0.508384,0.018070
3.592000,0.073272,-0.024673,0.999544,-0.001623,0.001398,0.004858,-0.508385,0.018069
3.593000,0.072179,-0.026050,0.999548,-0.001600,0.001397,0.004853,-0.508385,0.018067
3.594000,0.071792,-0.024969,0.999553,-0.001606,0.001396,0.004849,-0.508385,0.018065
3.595000,0.071758,-0.026797,0.999550,-0.001583,0.001395,0.004843,-0.508386,0.018064
3.596000,0.074058,-0.026924,0.999537,-0.001588,0.001397,0.004837,-0.508386,0.018062
3.597000,0.073495,-0.024117,0.999547,-0.001611,0.001398,0.004834,-0.508387,0.018061
3.598000,0.072096,-0.025335,0.999552,-0.001589,0.001397,0.004830,-0.508387,0.018059
3.599000,0.071760,-0.024264,0.999557,-0.001595,0.001397,0.004827,-0.508388,0.018057
3.600000,0.073258,-0.024001,0.999550,-0.001602,0.001397,0.004823,-0.508388,0.018056
3.601000,0.014783,0.010176,0.999558,-0.001603,0.001340,0.004855,-0.508389,0.018054
3.602000,0.017963,0.005663,0.999545,-0.001571,0.001285,0.004880,-0.508389,0.018053
3.603000,0.018525,0.004488,0.999553,-0.001560,0.001230,0.004904,-0.508390,0.018051
3.604000,0.019062,0.003660,0.999562,-0.001552,0.001176,0.004926,-0.508390,0.018050
3.605000,0.022581,0.002412,0.999553,-0.001552,0.001125,0.004946,-0.508390,0.018048
3.606000,0.025184,0.002987,0.999553,-0.001568,0.001076,0.004966,-0.508391,0.018046
3.607000,0.025247,0.002036,0.999564,-0.001556,0.001026,0.004984,-0.508391,0.018045
3.608000,0.026064,0.001366,0.999570,-0.001549,0.000978,0.005001,-0.508392,0.018043
3.609000,0.029012,0.000552,0.999564,-0.001551,0.000932,0.005016,-0.508392,0.018042
3.610000,0.030722,0.000081,0.999565,-0.001550,0.000887,0.005030,-0.508393,0.018040
3.611000,0.032661,-0.000609,0.999563,-0.001548,0.000844,0.005043,-0.508393,0.018039
3.612000,0.032744,-0.001734,0.999571,-0.001532,0.000801,0.005054,-0.508394,0.018037
3.613000,0.035650,-0.003524,0.999561,-0.001522,0.000761,0.005062,-0.508394,0.018036
3.614000,0.036055,-0.001975,0.999572,-0.001535,0.000721,0.005072,-0.508394,0.018034
3.615000,0.037581,-0.002020,0.999573,-0.001537,0.000683,0.005081,-0.508395,0.018032
3.616000,0.040297,-0.003120,0.999565,-0.001533,0.000647,0.005088,-0.508395,0.018031
3.617000,0.041959,-0.004547,0.999561,-0.001521,0.000613,0.005093,-0.508396,0.018029
3.618000,0.042527,-0.005802,0.999563,-0.001505,0.000579,0.005096,-0.508396,0.018028
3.619000,0.043223,-0.003697,0.999573,-0.001524,0.000545,0.005101,-0.508397,0.018026
3.620000,0.045409,-0.004646,0.999566,-0.001519,0.000514,0.005105,-0.508397,0.018025
3.621000,0.046021,-0.004461,0.999571,-0.001519,0.000484,0.005108,-0.508397,0.018023
3.622000,0.047052,-0.004232,0.999573,-0.001520,0.000454,0.005111,-0.508398,0.018022
3.623000,0.048006,-0.003764,0.999576,-0.001524,0.000426,0.005114,-0.508398,0.018020
3.624000,0.048874,-0.004676,0.999576,-0.001513,0.000398,0.005116,-0.508399,0.018019
3.625000,0.049227,-0.006045,0.999577,-0.001495,0.000370,0.005116,-0.508399,0.018017
3.626000,0.051239,-0.006701,0.999571,-0.001491,0.000345,0.005115,-0.508400,0.018016
3.627000,0.052435,-0.006239,0.999571,-0.001495,0.000320,0.005114,-0.508400,0.018014
3.628000,0.052835,-0.005382,0.999577,-0.001500,0.000297,0.005113,-0.508400,0.018013
3.629000,0.053055,-0.007657,0.999576,-0.001472,0.000273,0.005110,-0.508401,0.018011
3.630000,0.054707,-0.006691,0.999574,-0.001483,0.000251,0.005107,-0.508401,0.018010
3.631000,0.054822,-0.006929,0.999578,-0.001475,0.000229,0.005104,-0.508402,0.018008
3.632000,0.055097,-0.007498,0.999580,-0.001463,0.000208,0.005100,-0.508402,0.018007
3.633000,0.056497,-0.006075,0.999580,-0.001478,0.000188,0.005097,-0.508403,0.018005
3.634000,0.058099,-0.007550,0.999572,-0.001464,0.000169,0.005092,-0.508403,0.018004
3.635000,0.058718,-0.009522,0.999568,-0.001440,0.000152,0.005085,-0.508403,0.018002
3.636000,0.058351,-0.008142,0.999578,-0.001446,0.000134,0.005080,-0.508404,0.018001
3.637000,0.058579,-0.008000,0.999581,-0.001442,0.000116,0.005074,-0.508404,0.018000
3.638000,0.058957,-0.008616,0.999581,-0.001430,0.000099,0.005067,-0.508405,0.017998
3.639000,0.061915,-0.007552,0.999571,-0.001448,0.000085,0.005061,-0.508405,0.017997
3.640000,0.061478,-0.008066,0.999575,-0.001435,0.000070,0.005054,-0.508405,0.017995
3.641000,0.061302,-0.008979,0.999577,-0.001418,0.000056,0.005046,-0.508406,0.017994
3.642000,0.061541,-0.007579,0.999582,-0.001427,0.000042,0.005039,-0.508406,0.017992
3.643000,0.062468,-0.009106,0.999577,-0.001409,0.000029,0.005031,-0.508407,0.017991
3.644000,0.062595,-0.007168,0.999583,-0.001423,0.000016,0.005024,-0.508407,0.017990
3.645000,0.064486,-0.008753,0.999572,-0.001409,0.000005,0.005015,-0.508408,0.017988
3.646000,0.063652,-0.007770,0.999581,-0.001409,-0.000007,0.005008,-0.508408,0.017987
3.647000,0.063958,-0.006865,0.999584,-0.001413,-0.000018,0.005001,-0.508408,0.017985
3.648000,0.064139,-0.007184,0.999585,-0.001405,-0.000029,0.004993,-0.508409,0.017984
3.649000,0.064012,-0.007836,0.999586,-0.001391,-0.000040,0.004985,-0.508409,0.017982
3.650000,0.066431,-0.006630,0.999578,-0.001409,-0.000048,0.004978,-0.508410,0.017981
3.651000,0.066620,-0.008311,0.999575,-0.001386,-0.000056,0.004969,-0.508410,0.017980
3.652000,0.066138,-0.006489,0.999584,-0.001397,-0.000064,0.004961,-0.508411,0.017978
3.653000,0.066228,-0.008605,0.999580,-0.001370,-0.000073,0.004952,-0.508411,0.017977
3.654000,0.067455,-0.005670,0.999582,-0.001400,-0.000079,0.004945,-0.508411,0.017975
3.655000,0.066258,-0.008296,0.999584,-0.001361,-0.000087,0.004936,-0.508412,0.017974
3.656000,0.066972,-0.008213,0.999582,-0.001359,-0.000094,0.004926,-0.508412,0.017973
3.657000,0.068313,-0.008114,0.999576,-0.001360,-0.000100,0.004917,-0.508413,0.017971
3.658000,0.068785,-0.007277,0.999576,-0.001365,-0.000105,0.004908,-0.508413,0.017970
3.659000,0.067664,-0.007696,0.999583,-0.001350,-0.000111,0.004899,-0.508413,0.017969
3.660000,0.066078,-0.006582,0.999595,-0.001349,-0.000118,0.004890,-0.508414,0.017967
3.661000,0.067701,-0.007425,0.999586,-0.001342,-0.000124,0.004881,-0.508414,0.017966
3.662000,0.068191,-0.007310,0.999584,-0.001339,-0.000129,0.004872,-0.508415,0.017965
3.663000,0.070286,-0.009168,0.999569,-0.001324,-0.000132,0.004861,-0.508415,0.017963
3.664000,0.068993,-0.007961,0.999580,-0.001324,-0.000136,0.004851,-0.508416,0.017962
3.665000,0.068516,-0.007777,0.999584,-0.001318,-0.000140,0.004841,-0.508416,0.017961
3.666000,0.067762,-0.008236,0.999588,-0.001304,-0.000145,0.004831,-0.508416,0.017959
3.667000,0.068944,-0.008369,0.999582,-0.001302,-0.000148,0.004820,-0.508417,0.017958
3.668000,0.068832,-0.008226,0.999583,-0.001297,-0.000152,0.004810,-0.508417,0.017957
3.669000,0.069115,-0.006905,0.999585,-0.001307,-0.000155,0.004801,-0.508418,0.017955
3.670000,0.069410,-0.006361,0.999586,-0.001308,-0.000157,0.004792,-0.508418,0.017954
3.671000,0.071288,-0.006896,0.999574,-0.001306,-0.000158,0.004783,-0.508418,0.017953
3.672000,0.068845,-0.006719,0.999589,-0.001292,-0.000161,0.004774,-0.508419,0.017951
3.673000,0.070411,-0.007114,0.999580,-0.001290,-0.000162,0.004764,-0.508419,0.017950
3.674000,0.069892,-0.007072,0.999583,-0.001283,-0.000164,0.004755,-0.508420,0.017949
3.675000,0.070497,-0.007775,0.999578,-0.001273,-0.000164,0.004744,-0.508420,0.017948
3.676000,0.070086,-0.007943,0.999580,-0.001264,-0.000165,0.004734,-0.508421,0.017946
3.677000,0.070601,-0.006790,0.999580,-0.001273,-0.000166,0.004725,-0.508421,0.017945
3.678000,0.070294,-0.007886,0.999579,-0.001255,-0.000166,0.004714,-0.508421,0.017944
3.679000,0.069605,-0.007142,0.999585,-0.001254,-0.000168,0.004705,-0.508422,0.017943
3.680000,0.069220,-0.007120,0.999587,-0.001248,-0.000169,0.004695,-0.508422,0.017941
3.681000,0.069733,-0.007760,0.999583,-0.001238,-0.000170,0.004685,-0.508423,0.017940
3.682000,0.069125,-0.006336,0.999590,-0.001245,-0.000171,0.004676,-0.508423,0.017939
3.683000,0.070954,-0.006597,0.999579,-0.001246,-0.000170,0.004667,-0.508423,0.017938
3.684000,0.069803,-0.007887,0.999583,-0.001222,-0.000170,0.004656,-0.508424,0.017936
3.685000,0.070213,-0.007722,0.999581,-0.001221,-0.000170,0.004646,-0.508424,0.017935
3.686000,0.070175,-0.007616,0.999581,-0.001217,-0.000169,0.004636,-0.508425,0.017934
3.687000,0.070605,-0.006525,0.999581,-0.001225,-0.000168,0.004627,-0.508425,0.017933
3.688000,0.069429,-0.007516,0.999585,-0.001205,-0.000168,0.004617,-0.508426,0.017931
3.689000,0.070249,-0.008323,0.999578,-0.001195,-0.000167,0.004606,-0.508426,0.017930
3.690000,0.068733,-0.005374,0.999594,-0.001214,-0.000168,0.004598,-0.508426,0.017929
3.691000,0.069516,-0.006796,0.999586,-0.001198,-0.000167,0.004589,-0.508427,0.017928
3.692000,0.071127,-0.007553,0.999575,-0.001193,-0.000165,0.004579,-0.508427,0.017927
3.693000,0.069354,-0.007205,0.999585,-0.001184,-0.000164,0.004569,-0.508428,0.017925
3.694000,0.071682,-0.005765,0.999575,-0.001205,-0.000161,0.004561,-0.508428,0.017924
3.695000,0.068444,-0.006917,0.999591,-0.001174,-0.000161,0.004551,-0.508428,0.017923
3.696000,0.070585,-0.006082,0.999580,-0.001188,-0.000158,0.004543,-0.508429,0.017922
3.697000,0.070850,-0.005065,0.999581,-0.001195,-0.000156,0.004535,-0.508429,0.017921
3.698000,0.068107,-0.007920,0.999589,-0.001149,-0.000156,0.004525,-0.508430,0.017920
3.699000,0.071528,-0.006381,0.999573,-0.001176,-0.000152,0.004516,-0.508430,0.017918
3.700000,0.070003,-0.007747,0.999578,-0.001151,-0.000150,0.004506,-0.508431,0.017917
3.701000,0.069223,-0.006148,0.999586,-0.001159,-0.000148,0.004498,-0.508431,0.017916
3.702000,0.067601,-0.007150,0.999592,-0.001137,-0.000148,0.004489,-0.508431,0.017915
3.703000,0.069076,-0.006517,0.999585,-0.001146,-0.000146,0.004480,-0.508432,0.017914
3.704000,0.068127,-0.006257,0.999591,-0.001140,-0.000145,0.004471,-0.508432,0.017913
3.705000,0.069868,-0.006107,0.999581,-0.001145,-0.000143,0.004463,-0.508433,0.017911
3.706000,0.069777,-0.007063,0.999579,-0.001131,-0.000140,0.004454,-0.508433,0.017910
3.707000,0.066457,-0.006012,0.999600,-0.001123,-0.000140,0.004446,-0.508433,0.017909
3.708000,0.068051,-0.008083,0.999586,-0.001104,-0.000139,0.004436,-0.508434,0.017908
3.709000,0.068503,-0.007719,0.999584,-0.001105,-0.000137,0.004426,-0.508434,0.017907
3.710000,0.069025,-0.007764,0.999580,-0.001103,-0.000134,0.004416,-0.508435,0.017906
3.711000,0.070177,-0.008718,0.999571,-0.001094,-0.000130,0.004405,-0.508435,0.017905
3.712000,0.069203,-0.006979,0.999580,-0.001103,-0.000127,0.004396,-0.508436,0.017904
3.713000,0.067997,-0.006889,0.999586,-0.001094,-0.000125,0.004388,-0.508436,0.017903
3.714000,0.067680,-0.008100,0.999585,-0.001076,-0.000123,0.004378,-0.508436,0.017901
3.715000,0.067422,-0.007455,0.999587,-0.001077,-0.000121,0.004368,-0.508437,0.017900
3.716000,0.068548,-0.007074,0.999582,-0.001082,-0.000118,0.004359,-0.508437,0.017899
3.717000,0.066628,-0.007404,0.999591,-0.001065,-0.000117,0.004350,-0.508438,0.017898
3.718000,0.068409,-0.007811,0.999580,-0.001065,-0.000114,0.004341,-0.508438,0.017897
3.719000,0.066716,-0.007975,0.999588,-0.001051,-0.000112,0.004331,-0.508438,0.017896
3.720000,0.066471,-0.006934,0.999592,-0.001056,-0.000111,0.004322,-0.508439,0.017895
3.721000,0.068095,-0.008704,0.999578,-0.001041,-0.000108,0.004312,-0.508439,0.017894
3.724000,0.066492,-0.010067,0.999583,-0.001006,-0.000102,0.004277,-0.508441,0.017891
3.725000,0.066532,-0.005873,0.999591,-0.001044,-0.000100,0.004270,-0.508441,0.017890
3.726000,0.065176,-0.007276,0.999595,-0.001019,-0.000099,0.004261,-0.508441,0.017889
3.727000,0.065988,-0.006373,0.999593,-0.001028,-0.000097,0.004253,-0.508442,0.017888
3.728000,0.065469,-0.008705,0.999590,-0.000998,-0.000095,0.004243,-0.508442,0.017887
3.729000,0.066594,-0.007145,0.999586,-0.001015,-0.000092,0.004234,-0.508443,0.017886
3.730000,0.065581,-0.009693,0.999586,-0.000980,-0.000090,0.004223,-0.508443,0.017885
3.731000,0.065398,-0.009431,0.999587,-0.000977,-0.000088,0.004212,-0.508443,0.017884
3.732000,0.063164,-0.008312,0.999601,-0.000973,-0.000088,0.004203,-0.508444,0.017883
3.733000,0.065644,-0.006815,0.999591,-0.000996,-0.000085,0.004195,-0.508444,0.017882
3.734000,0.064925,-0.008277,0.999591,-0.000973,-0.000083,0.004185,-0.508445,0.017881
3.735000,0.067065,-0.008147,0.999579,-0.000980,-0.000079,0.004176,-0.508445,0.017880
3.736000,0.064126,-0.007441,0.999596,-0.000970,-0.000077,0.004167,-0.508445,0.017879
3.737000,0.066134,-0.008640,0.999582,-0.000963,-0.000074,0.004157,-0.508446,0.017878
3.738000,0.065047,-0.008882,0.999586,-0.000951,-0.000071,0.004147,-0.508446,0.017877
3.739000,0.065799,-0.009882,0.999579,-0.000940,-0.000068,0.004136,-0.508447,0.017876
3.740000,0.065236,-0.009045,0.999583,-0.000942,-0.000064,0.004126,-0.508447,0.017875
3.741000,0.065291,-0.008409,0.999584,-0.000944,-0.000061,0.004117,-0.508448,0.017874
3.742000,0.064035,-0.008940,0.999589,-0.000929,-0.000059,0.004107,-0.508448,0.017873
3.743000,0.064470,-0.008284,0.999588,-0.000934,-0.000056,0.004098,-0.508448,0.017872
3.744000,0.062691,-0.009304,0.999595,-0.000911,-0.000055,0.004088,-0.508449,0.017871
3.745000,0.064095,-0.006841,0.999592,-0.000939,-0.000052,0.004080,-0.508449,0.017870
3.746000,0.064162,-0.007806,0.999589,-0.000925,-0.000049,0.004071,-0.508450,0.017869
3.747000,0.064374,-0.007683,0.999588,-0.000924,-0.000046,0.004063,-0.508450,0.017869
3.748000,0.064654,-0.008325,0.999584,-0.000915,-0.000042,0.004054,-0.508450,0.017868
3.749000,0.064916,-0.008690,0.999581,-0.000909,-0.000038,0.004045,-0.508451,0.017867
3.750000,0.063194,-0.009072,0.999589,-0.000893,-0.000035,0.004035,-0.508451,0.017866
3.751000,0.064450,-0.006639,0.999587,-0.000920,-0.000031,0.004028,-0.508452,0.017865
3.752000,0.064998,-0.006371,0.999584,-0.000922,-0.000027,0.004021,-0.508452,0.017864
3.753000,0.062589,-0.008082,0.999593,-0.000890,-0.000024,0.004013,-0.508452,0.017863
3.754000,0.065724,-0.007272,0.999576,-0.000910,-0.000019,0.004005,-0.508453,0.017862
3.755000,0.065083,-0.007916,0.999578,-0.000897,-0.000014,0.003997,-0.508453,0.017861
3.756000,0.063388,-0.008324,0.999585,-0.000882,-0.000010,0.003988,-0.508454,0.017860
3.757000,0.064336,-0.008662,0.999578,-0.000879,-0.000006,0.003979,-0.508454,0.017860
3.758000,0.063043,-0.006245,0.999591,-0.000895,-0.000003,0.003973,-0.508455,0.017859
3.759000,0.063328,-0.007797,0.999585,-0.000877,0.000001,0.003965,-0.508455,0.017858
3.760000,0.062889,-0.008692,0.999585,-0.000862,0.000005,0.003957,-0.508455,0.017857
3.761000,0.063341,-0.007463,0.999584,-0.000874,0.000009,0.003949,-0.508456,0.017856
3.762000,0.062175,-0.007112,0.999591,-0.000869,0.000011,0.003942,-0.508456,0.017855
3.763000,0.064921,-0.006128,0.999577,-0.000889,0.000017,0.003936,-0.508457,0.017854
3.764000,0.062761,-0.007502,0.999586,-0.000862,0.000021,0.003929,-0.508457,0.017853
3.765000,0.064138,-0.008951,0.999574,-0.000850,0.000026,0.003920,-0.508457,0.017853
3.766000,0.062156,-0.007095,0.999588,-0.000857,0.000030,0.003914,-0.508458,0.017852
3.767000,0.062982,-0.008004,0.999581,-0.000849,0.000034,0.003906,-0.508458,0.017851
3.768000,0.062371,-0.007881,0.999584,-0.000844,0.000038,0.003899,-0.508459,0.017850
3.769000,0.062084,-0.008051,0.999585,-0.000838,0.000041,0.003891,-0.508459,0.017849
3.770000,0.062073,-0.007487,0.999585,-0.000841,0.000045,0.003884,-0.508460,0.017848
3.771000,0.061728,-0.007245,0.999587,-0.000839,0.000048,0.003878,-0.508460,0.017847
3.772000,0.061731,-0.009123,0.999582,-0.000816,0.000052,0.003869,-0.508460,0.017847
3.773000,0.060448,-0.006971,0.999594,-0.000829,0.000054,0.003863,-0.508461,0.017846
3.774000,0.061781,-0.008059,0.999584,-0.000821,0.000058,0.003856,-0.508461,0.017845
3.775000,0.061017,-0.007351,0.999589,-0.000822,0.000061,0.003849,-0.508462,0.017844
3.776000,0.062251,-0.007852,0.999581,-0.000820,0.000066,0.003843,-0.508462,0.017843
3.777000,0.060748,-0.007605,0.999589,-0.000813,0.000069,0.003836,-0.508462,0.017842
3.778000,0.061475,-0.007261,0.999585,-0.000817,0.000073,0.003830,-0.508463,0.017842
3.779000,0.061280,-0.007315,0.999586,-0.000813,0.000077,0.003823,-0.508463,0.017841
3.780000,0.060914,-0.006472,0.999589,-0.000817,0.000080,0.003818,-0.508464,0.017840
3.781000,0.059096,-0.007665,0.999596,-0.000794,0.000082,0.003812,-0.508464,0.017839
3.782000,0.060430,-0.008903,0.999586,-0.000784,0.000085,0.003804,-0.508464,0.017838
3.783000,0.060929,-0.006000,0.999589,-0.000814,0.000089,0.003799,-0.508465,0.017838
3.784000,0.061976,-0.006304,0.999582,-0.000814,0.000094,0.003794,-0.508465,0.017837
3.785000,0.060613,-0.007597,0.999586,-0.000792,0.000098,0.003788,-0.508466,0.017836
3.786000,0.061164,-0.007741,0.999582,-0.000790,0.000102,0.003782,-0.508466,0.017835
3.787000,0.060361,-0.007100,0.999588,-0.000791,0.000106,0.003776,-0.508467,0.017834
3.788000,0.059763,-0.007541,0.999590,-0.000781,0.000109,0.003770,-0.508467,0.017834
3.789000,0.059543,-0.008657,0.999588,-0.000766,0.000112,0.003763,-0.508467,0.017833
3.790000,0.059124,-0.008421,0.999590,-0.000763,0.000115,0.003757,-0.508468,0.017832
3.791000,0.060008,-0.009199,0.999583,-0.000756,0.000118,0.003749,-0.508468,0.017831
3.792000,0.059865,-0.009867,0.999582,-0.000746,0.000122,0.003741,-0.508469,0.017831
3.793000,0.059776,-0.010135,0.999581,-0.000739,0.000126,0.003733,-0.508469,0.017830
3.794000,0.060175,-0.005738,0.999588,-0.000784,0.000130,0.003729,-0.508469,0.017829
3.795000,0.059951,-0.007133,0.999586,-0.000766,0.000134,0.003724,-0.508470,0.017828
3.796000,0.058473,-0.009083,0.999589,-0.000737,0.000136,0.003717,-0.508470,0.017828
3.797000,0.059975,-0.007609,0.999584,-0.000756,0.000141,0.003711,-0.508471,0.017827
3.798000,0.059962,-0.007053,0.999585,-0.000760,0.000145,0.003706,-0.508471,0.017826
3.799000,0.058460,-0.008527,0.999589,-0.000736,0.000148,0.003700,-0.508472,0.017825
3.800000,0.058534,-0.010048,0.999585,-0.000717,0.000151,0.003692,-0.508472,0.017825
3.801000,0.058267,-0.008909,0.999589,-0.000725,0.000154,0.003685,-0.508472,0.017824
3.802000,0.058542,-0.008093,0.999589,-0.000732,0.000157,0.003679,-0.508473,0.017823
3.803000,0.059701,-0.006817,0.999585,-0.000748,0.000162,0.003675,-0.508473,0.017822
3.804000,0.060217,-0.008478,0.999577,-0.000731,0.000167,0.003669,-0.508474,0.017822
3.805000,0.058611,-0.008855,0.999585,-0.000718,0.000170,0.003663,-0.508474,0.017821
3.806000,0.057455,-0.008883,0.999591,-0.000710,0.000173,0.003656,-0.508474,0.017820
3.807000,0.057798,-0.007724,0.999591,-0.000720,0.000176,0.003651,-0.508475,0.017819
3.808000,0.059647,-0.009536,0.999576,-0.000708,0.000181,0.003644,-0.508475,0.017819
3.809000,0.056834,-0.008805,0.999593,-0.000700,0.000183,0.003638,-0.508476,0.017818
3.810000,0.056144,-0.009282,0.999596,-0.000689,0.000184,0.003632,-0.508476,0.017817
3.811000,0.058015,-0.008963,0.999586,-0.000698,0.000188,0.003625,-0.508476,0.017817
3.812000,0.058485,-0.008564,0.999584,-0.000702,0.000192,0.003620,-0.508477,0.017816
3.813000,0.057297,-0.008362,0.999590,-0.000696,0.000195,0.003614,-0.508477,0.017815
3.814000,0.058613,-0.007404,0.999585,-0.000710,0.000199,0.003610,-0.508478,0.017815
3.815000,0.057115,-0.008822,0.999589,-0.000687,0.000202,0.003604,-0.508478,0.017814
3.816000,0.055664,-0.007172,0.999601,-0.000695,0.000204,0.003600,-0.508479,0.017813
3.817000,0.057201,-0.008323,0.999590,-0.000688,0.000207,0.003594,-0.508479,0.017812
3.818000,0.057306,-0.008491,0.999589,-0.000684,0.000211,0.003589,-0.508479,0.017812
3.819000,0.057593,-0.008994,0.999585,-0.000678,0.000214,0.003583,-0.508480,0.017811
3.820000,0.057156,-0.009211,0.999587,-0.000672,0.000218,0.003577,-0.508480,0.017810
3.821000,0.058062,-0.007889,0.999584,-0.000687,0.000222,0.003573,-0.508481,0.017810
3.822000,0.056677,-0.007375,0.999593,-0.000684,0.000225,0.003569,-0.508481,0.017809
3.823000,0.056338,-0.009348,0.999590,-0.000660,0.000228,0.003563,-0.508481,0.017808
3.824000,0.056292,-0.007497,0.999594,-0.000677,0.000231,0.003559,-0.508482,0.017808
3.825000,0.056917,-0.008518,0.999588,-0.000667,0.000234,0.003553,-0.508482,0.017807
3.826000,0.056297,-0.008910,0.999590,-0.000658,0.000237,0.003548,-0.508483,0.017806
3.827000,0.056071,-0.009219,0.999591,-0.000652,0.000240,0.003542,-0.508483,0.017806
3.828000,0.057462,-0.008441,0.999584,-0.000664,0.000245,0.003538,-0.508483,0.017805
3.829000,0.056869,-0.010037,0.999583,-0.000643,0.000248,0.003531,-0.508484,0.017804
3.830000,0.055891,-0.008133,0.999593,-0.000656,0.000251,0.003527,-0.508484,0.017804
3.831000,0.056005,-0.008467,0.999591,-0.000651,0.000254,0.003522,-0.508485,0.017803
3.832000,0.055832,-0.006851,0.999596,-0.000665,0.000257,0.003519,-0.508485,0.017802
3.833000,0.056581,-0.007691,0.999590,-0.000658,0.000261,0.003515,-0.508486,0.017802
3.834000,0.056500,-0.007843,0.999589,-0.000655,0.000265,0.003511,-0.508486,0.017801
3.835000,0.055384,-0.008470,0.999594,-0.000641,0.000268,0.003507,-0.508486,0.017800
3.836000,0.055091,-0.008886,0.999594,-0.000634,0.000270,0.003502,-0.508487,0.017800
3.837000,0.055960,-0.007855,0.999592,-0.000646,0.000274,0.003498,-0.508487,0.017799
3.838000,0.055978,-0.009880,0.999587,-0.000624,0.000277,0.003492,-0.508488,0.017798
3.839000,0.056105,-0.008564,0.999589,-0.000636,0.000281,0.003488,-0.508488,0.017798
3.840000,0.054965,-0.008547,0.999595,-0.000629,0.000283,0.003484,-0.508488,0.017797
3.841000,0.054747,-0.007352,0.999599,-0.000639,0.000286,0.003481,-0.508489,0.017797
3.842000,0.055713,-0.009133,0.999589,-0.000623,0.000289,0.003476,-0.508489,0.017796
3.843000,0.056469,-0.009735,0.999583,-0.000618,0.000294,0.003470,-0.508490,0.017795
3.844000,0.055921,-0.008283,0.999589,-0.000629,0.000298,0.003466,-0.508490,0.017795
3.845000,0.054872,-0.008445,0.999594,-0.000621,0.000301,0.003462,-0.508490,0.017794
3.846000,0.056088,-0.008292,0.999587,-0.000626,0.000305,0.003459,-0.508491,0.017793
3.847000,0.054599,-0.009261,0.999593,-0.000608,0.000307,0.003454,-0.508491,0.017793
3.848000,0.055036,-0.010478,0.999588,-0.000595,0.000311,0.003448,-0.508492,0.017792
3.849000,0.056594,-0.008810,0.999582,-0.000618,0.000316,0.003444,-0.508492,0.017792
3.850000,0.055245,-0.008122,0.999591,-0.000617,0.000319,0.003441,-0.508493,0.017791
3.851000,0.055219,-0.009988,0.999587,-0.000596,0.000323,0.003435,-0.508493,0.017790
3.852000,0.054372,-0.009927,0.999591,-0.000591,0.000326,0.003430,-0.508493,0.017790
3.853000,0.054939,-0.009126,0.999590,-0.000600,0.000329,0.003426,-0.508494,0.017789
3.854000,0.055465,-0.007762,0.999590,-0.000615,0.000333,0.003423,-0.508494,0.017789
3.855000,0.055728,-0.009793,0.999583,-0.000594,0.000338,0.003418,-0.508495,0.017788
3.856000,0.053864,-0.011871,0.999588,-0.000561,0.000340,0.003412,-0.508495,0.017787
3.857000,0.054444,-0.011560,0.999585,-0.000565,0.000343,0.003405,-0.508495,0.017787
3.858000,0.054335,-0.007454,0.999595,-0.000605,0.000347,0.003403,-0.508496,0.017786
3.859000,0.053906,-0.008422,0.999595,-0.000591,0.000349,0.003400,-0.508496,0.017786
3.860000,0.054801,-0.010977,0.999584,-0.000567,0.000353,0.003394,-0.508497,0.017785
3.861000,0.053223,-0.009735,0.999595,-0.000571,0.000356,0.003389,-0.508497,0.017785
3.862000,0.054107,-0.008943,0.999592,-0.000581,0.000359,0.003386,-0.508497,0.017784
3.863000,0.054248,-0.009735,0.999589,-0.000572,0.000362,0.003381,-0.508498,0.017783
3.864000,0.056233,-0.010507,0.999576,-0.000572,0.000368,0.003376,-0.508498,0.017783
3.865000,0.054615,-0.009548,0.999587,-0.000573,0.000372,0.003372,-0.508499,0.017782
3.866000,0.053875,-0.010795,0.999587,-0.000555,0.000375,0.003367,-0.508499,0.017782
3.867000,0.054728,-0.010253,0.999584,-0.000562,0.000379,0.003363,-0.508500,0.017781
3.868000,0.054139,-0.009848,0.999587,-0.000562,0.000383,0.003358,-0.508500,0.017781
3.869000,0.054055,-0.010170,0.999587,-0.000557,0.000387,0.003354,-0.508500,0.017780
3.870000,0.052248,-0.010499,0.999596,-0.000543,0.000389,0.003349,-0.508501,0.017779
3.871000,0.052874,-0.009018,0.999596,-0.000560,0.000391,0.003346,-0.508501,0.017779
3.872000,0.052905,-0.010796,0.999591,-0.000540,0.000394,0.003341,-0.508502,0.017778
3.873000,0.052744,-0.011121,0.999591,-0.000534,0.000397,0.003336,-0.508502,0.017778
3.874000,0.054158,-0.012265,0.999580,-0.000526,0.000401,0.003330,-0.508502,0.017777
3.875000,0.052857,-0.010469,0.999592,-0.000537,0.000404,0.003325,-0.508503,0.017777
3.876000,0.052547,-0.012644,0.999588,-0.000511,0.000406,0.003319,-0.508503,0.017776
3.877000,0.052701,-0.010154,0.999593,-0.000535,0.000409,0.003315,-0.508504,0.017776
3.878000,0.051253,-0.011660,0.999597,-0.000511,0.000411,0.003309,-0.508504,0.017775
3.879000,0.052138,-0.011484,0.999593,-0.000514,0.000413,0.003304,-0.508504,0.017775
3.880000,0.051008,-0.009770,0.999603,-0.000525,0.000415,0.003300,-0.508505,0.017774
3.881000,0.052665,-0.011242,0.999590,-0.000516,0.000418,0.003295,-0.508505,0.017774
3.882000,0.051930,-0.011271,0.999594,-0.000510,0.000420,0.003290,-0.508506,0.017773
3.883000,0.051510,-0.009915,0.999599,-0.000520,0.000423,0.003286,-0.508506,0.017773
3.884000,0.052306,-0.010865,0.999593,-0.000512,0.000426,0.003282,-0.508506,0.017772
3.885000,0.050839,-0.012823,0.999596,-0.000483,0.000427,0.003275,-0.508507,0.017772
3.886000,0.052679,-0.011390,0.999589,-0.000504,0.000431,0.003271,-0.508507,0.017771
3.887000,0.052570,-0.012742,0.999586,-0.000488,0.000434,0.003264,-0.508508,0.017771
3.888000,0.052451,-0.012474,0.999587,-0.000488,0.000438,0.003258,-0.508508,0.017770
3.889000,0.050379,-0.011166,0.999601,-0.000490,0.000439,0.003254,-0.508508,0.017770
3.890000,0.050830,-0.011381,0.999598,-0.000487,0.000441,0.003249,-0.508509,0.017769
3.891000,0.051253,-0.010033,0.999599,-0.000501,0.000444,0.003245,-0.508509,0.017769
3.892000,0.051281,-0.012128,0.999594,-0.000478,0.000446,0.003240,-0.508510,0.017768
3.893000,0.051897,-0.012810,0.999588,-0.000472,0.000450,0.003234,-0.508510,0.017768
3.894000,0.052062,-0.009899,0.999594,-0.000501,0.000453,0.003231,-0.508511,0.017767
3.895000,0.050677,-0.011932,0.999597,-0.000472,0.000455,0.003226,-0.508511,0.017767
3.896000,0.050654,-0.012318,0.999596,-0.000466,0.000458,0.003220,-0.508511,0.017766
3.897000,0.049250,-0.011253,0.999606,-0.000468,0.000459,0.003216,-0.508512,0.017766
3.898000,0.051110,-0.012053,0.999594,-0.000466,0.000462,0.003211,-0.508512,0.017765
3.899000,0.052488,-0.011070,0.999588,-0.000481,0.000466,0.003206,-0.508513,0.017765
3.900000,0.051135,-0.011842,0.999594,-0.000465,0.000469,0.003202,-0.508513,0.017764
3.901000,0.049851,-0.012309,0.999600,-0.000453,0.000471,0.003196,-0.508513,0.017764
3.902000,0.049934,-0.013434,0.999596,-0.000439,0.000473,0.003190,-0.508514,0.017763
3.903000,0.165571,-0.078055,0.999598,-0.000455,0.000590,0.003119,-0.508514,0.017763
3.904000,0.161480,-0.076109,0.999596,-0.000449,0.000705,0.003052,-0.508515,0.017762
3.905000,0.156643,-0.072822,0.999603,-0.000455,0.000816,0.002989,-0.508515,0.017762
3.906000,0.153775,-0.071803,0.999594,-0.000447,0.000925,0.002930,-0.508515,0.017762
3.907000,0.148554,-0.068368,0.999605,-0.000454,0.001030,0.002875,-0.508516,0.017761
3.908000,0.145464,-0.066581,0.999601,-0.000455,0.001132,0.002824,-0.508516,0.017761
3.909000,0.140963,-0.065846,0.999603,-0.000439,0.001230,0.002775,-0.508517,0.017760
3.910000,0.138406,-0.065854,0.999594,-0.000425,0.001327,0.002728,-0.508517,0.017760
3.911000,0.134197,-0.063213,0.999601,-0.000431,0.001421,0.002685,-0.508517,0.017759
3.912000,0.131433,-0.060462,0.999600,-0.000446,0.001512,0.002646,-0.508518,0.017759
3.913000,0.128150,-0.061292,0.999596,-0.000422,0.001600,0.002607,-0.508518,0.017758
3.914000,0.123595,-0.058542,0.999607,-0.000429,0.001685,0.002572,-0.508519,0.017758
3.915000,0.122766,-0.057442,0.999595,-0.000437,0.001769,0.002540,-0.508519,0.017758
3.916000,0.116701,-0.056294,0.999612,-0.000423,0.001847,0.002510,-0.508519,0.017757
3.917000,0.114445,-0.055525,0.999609,-0.000422,0.001924,0.002483,-0.508520,0.017757
3.918000,0.111791,-0.055370,0.999607,-0.000413,0.001999,0.002456,-0.508520,0.017756
3.919000,0.108284,-0.054631,0.999611,-0.000406,0.002070,0.002431,-0.508521,0.017756
3.920000,0.107650,-0.053242,0.999602,-0.000420,0.002141,0.002409,-0.508521,0.017755
3.921000,0.103667,-0.053316,0.999609,-0.000404,0.002209,0.002388,-0.508521,0.017755
3.922000,0.101579,-0.051195,0.999611,-0.000419,0.002275,0.002370,-0.508522,0.017755
3.923000,0.097935,-0.051838,0.999615,-0.000399,0.002337,0.002352,-0.508522,0.017754
3.924000,0.095438,-0.052309,0.999615,-0.000385,0.002397,0.002335,-0.508523,0.017754
3.925000,0.094792,-0.050065,0.999610,-0.000409,0.002457,0.002321,-0.508523,0.017753
3.926000,0.091980,-0.052041,0.999609,-0.000379,0.002514,0.002306,-0.508523,0.017753
3.927000,0.089380,-0.049836,0.999616,-0.000393,0.002569,0.002294,-0.508524,0.017753
3.928000,0.086962,-0.049979,0.999618,-0.000385,0.002621,0.002282,-0.508524,0.017752
3.929000,0.084640,-0.050652,0.999619,-0.000371,0.002672,0.002271,-0.508524,0.017752
3.930000,0.082249,-0.050914,0.999621,-0.000360,0.002720,0.002260,-0.508525,0.017752
3.931000,0.080259,-0.050446,0.999623,-0.000360,0.002766,0.002250,-0.508525,0.017751
3.932000,0.078286,-0.048860,0.999628,-0.000371,0.002811,0.002243,-0.508526,0.017751
3.933000,0.077209,-0.048574,0.999626,-0.000373,0.002855,0.002237,-0.508526,0.017750
3.934000,0.074898,-0.048494,0.999631,-0.000367,0.002896,0.002231,-0.508526,0.017750
3.935000,0.072636,-0.047369,0.999638,-0.000372,0.002935,0.002227,-0.508527,0.017750
3.936000,0.071149,-0.047786,0.999638,-0.000366,0.002973,0.002223,-0.508527,0.017749
3.937000,0.071135,-0.048594,0.999628,-0.000361,0.003011,0.002219,-0.508527,0.017749
3.938000,0.066514,-0.047371,0.999650,-0.000357,0.003044,0.002217,-0.508528,0.017749
3.939000,0.066798,-0.047136,0.999643,-0.000365,0.003077,0.002216,-0.508528,0.017748
3.940000,0.064250,-0.047469,0.999650,-0.000354,0.003108,0.002214,-0.508529,0.017748
3.941000,0.062821,-0.046731,0.999654,-0.000359,0.003138,0.002214,-0.508529,0.017748
3.942000,0.060653,-0.046717,0.999661,-0.000354,0.003165,0.002214,-0.508529,0.017747
3.943000,0.059674,-0.047216,0.999660,-0.000348,0.003192,0.002215,-0.508530,0.017747
3.944000,0.055989,-0.045445,0.999681,-0.000354,0.003215,0.002217,-0.508530,0.017746
3.945000,0.055713,-0.047852,0.999673,-0.000331,0.003237,0.002218,-0.508530,0.017746
3.946000,0.054568,-0.047720,0.999675,-0.000331,0.003258,0.002218,-0.508531,0.017746
3.947000,0.053234,-0.047910,0.999679,-0.000326,0.003278,0.002219,-0.508531,0.017745
3.948000,0.051643,-0.045921,0.999689,-0.000342,0.003297,0.002223,-0.508531,0.017745
3.949000,0.050114,-0.048936,0.999688,-0.000307,0.003313,0.002223,-0.508531,0.017745
3.950000,0.048685,-0.046858,0.999698,-0.000325,0.003329,0.002226,-0.508532,0.017744
3.951000,0.045390,-0.045650,0.999718,-0.000326,0.003341,0.002230,-0.508532,0.017744
3.952000,0.045066,-0.047159,0.999714,-0.000312,0.003352,0.002233,-0.508532,0.017744
3.953000,0.043659,-0.045500,0.999725,-0.000325,0.003363,0.002238,-0.508533,0.017744
3.954000,0.041040,-0.045475,0.999739,-0.000316,0.003370,0.002243,-0.508533,0.017743
3.955000,0.039966,-0.045874,0.999743,-0.000310,0.003376,0.002248,-0.508533,0.017743
3.956000,0.040014,-0.045539,0.999743,-0.000316,0.003383,0.002253,-0.508533,0.017743
3.957000,0.038028,-0.047167,0.999750,-0.000292,0.003387,0.002256,-0.508534,0.017742
3.958000,0.035873,-0.045410,0.999767,-0.000302,0.003389,0.002262,-0.508534,0.017742
3.959000,0.034926,-0.044805,0.999774,-0.000306,0.003390,0.002268,-0.508534,0.017742
3.960000,0.034508,-0.045132,0.999777,-0.000303,0.003390,0.002273,-0.508534,0.017741
3.961000,0.033595,-0.045454,0.999782,-0.000297,0.003390,0.002279,-0.508535,0.017741
3.962000,0.031245,-0.044409,0.999799,-0.000299,0.003387,0.002285,-0.508535,0.017741
3.963000,0.031580,-0.044190,0.999799,-0.000304,0.003384,0.002292,-0.508535,0.017740
3.964000,0.029485,-0.044889,0.999811,-0.000288,0.003379,0.002298,-0.508535,0.017740
3.965000,0.027236,-0.043313,0.999829,-0.000296,0.003372,0.002305,-0.508535,0.017740
3.966000,0.028673,-0.044651,0.999820,-0.000289,0.003366,0.002311,-0.508536,0.017740
3.967000,0.026179,-0.046236,0.999833,-0.000262,0.003358,0.002315,-0.508536,0.017739
3.968000,0.025895,-0.042098,0.999847,-0.000304,0.003349,0.002324,-0.508536,0.017739
3.969000,0.024171,-0.045385,0.999852,-0.000263,0.003338,0.002328,-0.508536,0.017739
3.970000,0.023160,-0.043294,0.999866,-0.000280,0.003327,0.002335,-0.508536,0.017738
3.971000,0.023461,-0.043774,0.999866,-0.000277,0.003315,0.002341,-0.508536,0.017738
3.972000,0.022390,-0.043846,0.999875,-0.000271,0.003302,0.002347,-0.508536,0.017738
3.973000,0.021195,-0.043282,0.999887,-0.000271,0.003288,0.002354,-0.508537,0.017738
3.974000,0.020259,-0.043268,0.999896,-0.000267,0.003273,0.002360,-0.508537,0.017737
3.975000,0.020941,-0.044715,0.999892,-0.000254,0.003259,0.002364,-0.508537,0.017737
3.976000,0.018875,-0.043886,0.999910,-0.000252,0.003242,0.002369,-0.508537,0.017737
3.977000,0.018099,-0.042702,0.999921,-0.000260,0.003225,0.002375,-0.508537,0.017737
3.978000,0.018343,-0.043420,0.999922,-0.000253,0.003207,0.002380,-0.508537,0.017736
3.979000,0.018468,-0.043479,0.999926,-0.000251,0.003190,0.002384,-0.508537,0.017736
3.980000,0.017662,-0.045224,0.999930,-0.000228,0.003172,0.002387,-0.508537,0.017736
3.981000,0.017504,-0.043072,0.999940,-0.000248,0.003154,0.002392,-0.508537,0.017736
3.982000,0.018570,-0.042492,0.999940,-0.000257,0.003136,0.002396,-0.508537,0.017735
3.983000,0.015866,-0.044115,0.999956,-0.000226,0.003116,0.002399,-0.508537,0.017735
3.984000,0.016929,-0.043278,0.999956,-0.000237,0.003097,0.002403,-0.508537,0.017735
3.985000,0.017337,-0.042363,0.999960,-0.000247,0.003079,0.002407,-0.508537,0.017735
3.986000,0.015545,-0.043606,0.999972,-0.000224,0.003058,0.002409,-0.508537,0.017734
3.987000,0.015881,-0.043287,0.999976,-0.000226,0.003038,0.002412,-0.508537,0.017734
3.988000,0.018124,-0.042839,0.999968,-0.000239,0.003020,0.002415,-0.508538,0.017734
3.989000,0.017469,-0.042890,0.999976,-0.000233,0.003001,0.002417,-0.508538,0.017734
3.990000,0.016229,-0.042187,0.999989,-0.000232,0.002981,0.002420,-0.508538,0.017733
3.991000,0.016684,-0.043782,0.999987,-0.000215,0.002961,0.002421,-0.508538,0.017733
3.992000,0.017847,-0.043051,0.999986,-0.000225,0.002943,0.002422,-0.508538,0.017733
3.993000,0.018268,-0.043256,0.999987,-0.000222,0.002925,0.002423,-0.508538,0.017733
3.994000,0.017472,-0.042528,0.999998,-0.000223,0.002906,0.002425,-0.508538,0.017733
3.995000,0.017875,-0.041960,1.000001,-0.000228,0.002887,0.002426,-0.508538,0.017732
3.996000,0.019987,-0.042637,0.999991,-0.000228,0.002871,0.002427,-0.508538,0.017732
3.997000,0.018253,-0.042429,1.000005,-0.000220,0.002853,0.002427,-0.508538,0.017732
3.998000,0.017991,-0.043418,1.000008,-0.000205,0.002834,0.002427,-0.508538,0.017732
3.999000,0.018221,-0.042027,1.000014,-0.000217,0.002816,0.002427,-0.508538,0.017731
4.000000,0.017882,-0.043643,1.000016,-0.000196,0.002798,0.002426,-0.508538,0.017731
4.001000,0.020722,-0.043626,1.000003,-0.000206,0.002782,0.002424,-0.508538,0.017731
4.002000,0.019903,-0.042317,1.000014,-0.000212,0.002766,0.002424,-0.508538,0.017731
4.003000,0.018721,-0.043231,1.000022,-0.000194,0.002748,0.002422,-0.508538,0.017731
4.004000,0.020003,-0.042860,1.000019,-0.000200,0.002732,0.002420,-0.508538,0.017730
4.005000,0.020481,-0.043250,1.000019,-0.000195,0.002716,0.002418,-0.508538,0.017730
4.006000,0.021031,-0.042519,1.000020,-0.000201,0.002701,0.002416,-0.508538,0.017730
4.007000,0.020614,-0.043432,1.000023,-0.000187,0.002685,0.002413,-0.508537,0.017730
4.008000,0.020969,-0.044169,1.000023,-0.000177,0.002670,0.002409,-0.508537,0.017730
4.009000,0.022516,-0.043754,1.000017,-0.000184,0.002656,0.002406,-0.508537,0.017729
4.010000,0.022368,-0.042643,1.000023,-0.000191,0.002642,0.002403,-0.508537,0.017729
4.011000,0.023674,-0.044992,1.000013,-0.000169,0.002630,0.002398,-0.508537,0.017729
4.012000,0.024379,-0.044326,1.000013,-0.000176,0.002618,0.002393,-0.508537,0.017729
4.013000,0.024408,-0.044035,1.000015,-0.000175,0.002607,0.002388,-0.508537,0.017729
4.014000,0.024081,-0.044345,1.000018,-0.000166,0.002595,0.002383,-0.508537,0.017729
4.015000,0.023280,-0.043619,1.000026,-0.000166,0.002583,0.002378,-0.508537,0.017728
4.016000,0.024954,-0.043095,1.000020,-0.000176,0.002572,0.002374,-0.508537,0.017728
4.017000,0.025402,-0.044048,1.000017,-0.000164,0.002562,0.002368,-0.508537,0.017728
4.018000,0.026519,-0.044649,1.000011,-0.000159,0.002553,0.002362,-0.508537,0.017728
4.019000,0.026724,-0.043150,1.000015,-0.000172,0.002544,0.002357,-0.508537,0.017728
4.020000,0.026810,-0.043498,1.000015,-0.000165,0.002536,0.002352,-0.508537,0.017728
4.021000,0.027397,-0.043989,1.000012,-0.000159,0.002528,0.002346,-0.508537,0.017727
4.022000,0.028115,-0.044130,1.000008,-0.000158,0.002521,0.002340,-0.508537,0.017727
4.023000,0.029188,-0.044327,1.000003,-0.000157,0.002515,0.002333,-0.508537,0.017727
4.025000,0.028814,-0.043956,1.000009,-0.000153,0.002502,0.002321,-0.508537,0.017727
4.026000,0.026573,-0.046132,1.000015,-0.000116,0.002494,0.002312,-0.508537,0.017727
4.027000,0.029536,-0.045648,1.000001,-0.000130,0.002489,0.002304,-0.508537,0.017726
4.028000,0.030485,-0.044128,0.999999,-0.000146,0.002485,0.002297,-0.508537,0.017726
4.029000,0.029685,-0.045033,1.000002,-0.000130,0.002480,0.002289,-0.508537,0.017726
4.030000,0.031745,-0.044613,0.999991,-0.000140,0.002478,0.002282,-0.508537,0.017726
4.031000,0.030664,-0.044039,0.999999,-0.000138,0.002474,0.002275,-0.508537,0.017726
4.032000,0.030215,-0.042884,1.000004,-0.000144,0.002470,0.002269,-0.508537,0.017726
4.033000,0.031877,-0.042472,0.999996,-0.000154,0.002468,0.002264,-0.508537,0.017726
4.034000,0.031783,-0.045387,0.999990,-0.000120,0.002466,0.002255,-0.508537,0.017726
4.035000,0.032264,-0.045330,0.999987,-0.000119,0.002464,0.002247,-0.508537,0.017725
4.036000,0.032521,-0.045150,0.999985,-0.000119,0.002463,0.002239,-0.508537,0.017725
4.037000,0.031453,-0.045152,0.999991,-0.000111,0.002461,0.002231,-0.508537,0.017725
4.038000,0.033839,-0.044302,0.999979,-0.000127,0.002461,0.002223,-0.508537,0.017725
4.039000,0.033433,-0.043170,0.999983,-0.000134,0.002461,0.002217,-0.508537,0.017725
4.040000,0.033747,-0.044549,0.999978,-0.000119,0.002462,0.002209,-0.508537,0.017725
4.041000,0.033893,-0.044350,0.999977,-0.000119,0.002463,0.002202,-0.508537,0.017725
4.042000,0.034218,-0.043455,0.999976,-0.000127,0.002464,0.002195,-0.508537,0.017725
4.043000,0.034686,-0.043520,0.999973,-0.000126,0.002466,0.002189,-0.508537,0.017724
4.044000,0.032380,-0.042101,0.999988,-0.000128,0.002465,0.002184,-0.508538,0.017724
4.045000,0.034751,-0.043128,0.999972,-0.000126,0.002467,0.002178,-0.508538,0.017724
4.046000,0.032717,-0.044897,0.999979,-0.000096,0.002467,0.002170,-0.508538,0.017724
4.047000,0.034750,-0.042849,0.999971,-0.000124,0.002469,0.002164,-0.508538,0.017724
4.048000,0.035193,-0.042928,0.999968,-0.000124,0.002472,0.002158,-0.508538,0.017724
4.049000,0.035156,-0.044946,0.999962,-0.000100,0.002475,0.002150,-0.508538,0.017724
4.050000,0.034123,-0.042886,0.999972,-0.000115,0.002477,0.002144,-0.508538,0.017724
4.051000,0.033383,-0.042865,0.999975,-0.000110,0.002478,0.002139,-0.508538,0.017723
4.052000,0.034104,-0.043031,0.999970,-0.000109,0.002480,0.002133,-0.508538,0.017723
4.053000,0.033905,-0.043416,0.999969,-0.000102,0.002482,0.002127,-0.508538,0.017723
4.054000,0.034626,-0.040968,0.999970,-0.000129,0.002485,0.002123,-0.508538,0.017723
4.055000,0.035062,-0.043109,0.999962,-0.000108,0.002488,0.002117,-0.508538,0.017723
4.056000,0.034119,-0.042552,0.999967,-0.000107,0.002490,0.002112,-0.508538,0.017723
4.057000,0.035319,-0.042909,0.999959,-0.000108,0.002494,0.002106,-0.508538,0.017723
4.058000,0.033765,-0.041308,0.999970,-0.000116,0.002496,0.002102,-0.508538,0.017723
4.059000,0.034867,-0.042090,0.999961,-0.000111,0.002499,0.002098,-0.508538,0.017723
4.060000,0.034909,-0.043277,0.999957,-0.000098,0.002503,0.002092,-0.508538,0.017722
4.061000,0.032908,-0.040756,0.999973,-0.000113,0.002504,0.002089,-0.508538,0.017722
4.062000,0.033593,-0.043127,0.999963,-0.000091,0.002507,0.002083,-0.508538,0.017722
4.063000,0.032741,-0.042487,0.999969,-0.000092,0.002508,0.002078,-0.508538,0.017722
4.064000,0.031577,-0.043311,0.999973,-0.000076,0.002508,0.002072,-0.508538,0.017722
4.065000,0.033547,-0.042155,0.999964,-0.000095,0.002511,0.002068,-0.508538,0.017722
4.066000,0.031757,-0.041107,0.999976,-0.000096,0.002512,0.002065,-0.508538,0.017722
4.067000,0.032046,-0.041687,0.999972,-0.000090,0.002513,0.002061,-0.508538,0.017722
4.068000,0.032230,-0.041819,0.999970,-0.000088,0.002514,0.002056,-0.508538,0.017722
4.069000,0.032795,-0.042116,0.999966,-0.000087,0.002516,0.002052,-0.508538,0.017722
4.070000,0.031360,-0.040878,0.999976,-0.000092,0.002517,0.002049,-0.508538,0.017722
4.071000,0.030288,-0.041532,0.999981,-0.000079,0.002516,0.002045,-0.508538,0.017721
4.072000,0.030790,-0.040810,0.999979,-0.000087,0.002516,0.002042,-0.508538,0.017721
4.073000,0.029753,-0.043092,0.999979,-0.000057,0.002515,0.002037,-0.508538,0.017721
4.074000,0.031727,-0.040885,0.999973,-0.000087,0.002517,0.002033,-0.508538,0.017721
4.075000,0.030679,-0.040478,0.999980,-0.000086,0.002517,0.002031,-0.508539,0.017721
4.076000,0.031769,-0.040093,0.999974,-0.000094,0.002518,0.002028,-0.508539,0.017721
4.077000,0.027539,-0.040430,0.999997,-0.000070,0.002515,0.002026,-0.508539,0.017721
4.078000,0.029215,-0.039556,0.999990,-0.000085,0.002514,0.002024,-0.508539,0.017721
4.079000,0.029423,-0.041733,0.999984,-0.000062,0.002513,0.002020,-0.508539,0.017721
4.080000,0.028284,-0.040296,0.999993,-0.000070,0.002511,0.002017,-0.508539,0.017721
4.081000,0.027630,-0.040545,0.999997,-0.000063,0.002508,0.002014,-0.508539,0.017721
4.082000,0.026702,-0.040893,1.000002,-0.000054,0.002505,0.002011,-0.508539,0.017721
4.083000,0.024681,-0.040523,1.000014,-0.000047,0.002499,0.002008,-0.508539,0.017721
4.084000,0.025147,-0.040039,1.000014,-0.000052,0.002494,0.002006,-0.508539,0.017720
4.085000,0.026307,-0.039683,1.000009,-0.000059,0.002491,0.002003,-0.508539,0.017720
4.086000,0.026208,-0.039530,1.000010,-0.000059,0.002487,0.002001,-0.508539,0.017720
4.087000,0.024245,-0.039233,1.000023,-0.000052,0.002481,0.001999,-0.508539,0.017720
4.088000,0.024670,-0.038547,1.000023,-0.000059,0.002476,0.001998,-0.508539,0.017720
4.089000,0.022589,-0.040380,1.000032,-0.000029,0.002468,0.001995,-0.508538,0.017720
4.090000,0.022131,-0.038458,1.000040,-0.000044,0.002461,0.001993,-0.508538,0.017720
4.091000,0.019963,-0.038516,1.000054,-0.000032,0.002451,0.001992,-0.508538,0.017720
4.092000,0.021188,-0.038729,1.000048,-0.000033,0.002442,0.001990,-0.508538,0.017720
4.093000,0.022919,-0.039070,1.000039,-0.000036,0.002435,0.001987,-0.508538,0.017720
4.094000,0.022078,-0.038702,1.000046,-0.000033,0.002427,0.001985,-0.508538,0.017720
4.095000,0.022436,-0.038012,1.000047,-0.000040,0.002420,0.001983,-0.508538,0.017720
4.096000,0.019289,-0.036477,1.000069,-0.000040,0.002409,0.001983,-0.508538,0.017720
4.097000,0.020056,-0.037238,1.000065,-0.000034,0.002400,0.001982,-0.508538,0.017720
4.098000,0.019420,-0.037595,1.000070,-0.000025,0.002389,0.001981,-0.508538,0.017720
4.099000,0.018325,-0.037261,1.000079,-0.000021,0.002378,0.001979,-0.508538,0.017720
4.100000,0.019198,-0.035900,1.000079,-0.000037,0.002368,0.001979,-0.508538,0.017720
4.101000,0.018895,-0.036974,1.000080,-0.000023,0.002357,0.001978,-0.508538,0.017720
4.102000,0.016553,-0.035622,1.000099,-0.000024,0.002344,0.001977,-0.508538,0.017720
4.103000,0.016914,-0.037245,1.000096,-0.000006,0.002331,0.001975,-0.508538,0.017720
4.104000,0.015778,-0.035054,1.000110,-0.000021,0.002317,0.001975,-0.508538,0.017720
4.105000,0.013095,-0.036373,1.000124,0.000007,0.002301,0.001973,-0.508537,0.017720
4.106000,0.013441,-0.036032,1.000126,0.000005,0.002284,0.001972,-0.508537,0.017720
4.107000,0.014007,-0.035723,1.000127,0.000002,0.002269,0.001970,-0.508537,0.017720
4.108000,0.014775,-0.035965,1.000125,0.000004,0.002254,0.001969,-0.508537,0.017720
4.109000,0.014818,-0.035917,1.000127,0.000007,0.002239,0.001966,-0.508537,0.017720
4.110000,0.012414,-0.033411,1.000150,-0.000005,0.002222,0.001967,-0.508537,0.017720
4.111000,0.013607,-0.034722,1.000143,0.000006,0.002206,0.001965,-0.508537,0.017720
4.112000,0.011252,-0.033691,1.000162,0.000009,0.002188,0.001965,-0.508536,0.017720
4.113000,0.012817,-0.032151,1.000160,-0.000012,0.002171,0.001965,-0.508536,0.017720
4.114000,0.013502,-0.034557,1.000153,0.000013,0.002155,0.001963,-0.508536,0.017720
4.115000,0.012449,-0.034137,1.000163,0.000017,0.002138,0.001961,-0.508536,0.017720
4.116000,0.010018,-0.032700,1.000184,0.000016,0.002119,0.001961,-0.508536,0.017720
4.117000,0.012278,-0.034653,1.000170,0.000029,0.002102,0.001958,-0.508536,0.017720
4.118000,0.012884,-0.033265,1.000173,0.000016,0.002085,0.001956,-0.508535,0.017720
4.119000,0.012987,-0.033770,1.000174,0.000024,0.002069,0.001954,-0.508535,0.017720
4.120000,0.012940,-0.033438,1.000178,0.000024,0.002053,0.001951,-0.508535,0.017720
4.121000,0.011410,-0.033232,1.000190,0.000032,0.002035,0.001949,-0.508535,0.017720
4.122000,0.012696,-0.032672,1.000187,0.000024,0.002018,0.001947,-0.508535,0.017720
4.123000,0.011858,-0.032050,1.000196,0.000025,0.002001,0.001945,-0.508535,0.017720
4.124000,0.013804,-0.031783,1.000189,0.000017,0.001986,0.001943,-0.508534,0.017720
4.125000,0.011578,-0.031741,1.000204,0.000030,0.001968,0.001941,-0.508534,0.017720
4.126000,0.011591,-0.031915,1.000207,0.000035,0.001951,0.001939,-0.508534,0.017720
4.127000,0.012015,-0.031687,1.000208,0.000034,0.001933,0.001936,-0.508534,0.017720
4.128000,0.012549,-0.031552,1.000208,0.000034,0.001917,0.001934,-0.508534,0.017720
4.129000,0.012614,-0.029652,1.000215,0.000017,0.001901,0.001933,-0.508533,0.017720
4.130000,0.013792,-0.030081,1.000210,0.000019,0.001885,0.001931,-0.508533,0.017720
4.131000,0.013395,-0.031901,1.000211,0.000043,0.001870,0.001928,-0.508533,0.017720
4.132000,0.013082,-0.032997,1.000213,0.000060,0.001854,0.001923,-0.508533,0.017720
4.133000,0.013494,-0.031805,1.000215,0.000049,0.001839,0.001919,-0.508532,0.017720
4.134000,0.016058,-0.032074,1.000203,0.000044,0.001826,0.001914,-0.508532,0.017720
4.135000,0.013905,-0.032337,1.000216,0.000061,0.001811,0.001909,-0.508532,0.017720
4.136000,0.014829,-0.031585,1.000215,0.000053,0.001797,0.001905,-0.508532,0.017720
4.137000,0.015413,-0.030071,1.000217,0.000038,0.001784,0.001902,-0.508532,0.017720
4.138000,0.015248,-0.031016,1.000218,0.000052,0.001771,0.001898,-0.508531,0.017720
4.139000,0.016873,-0.031585,1.000209,0.000054,0.001759,0.001893,-0.508531,0.017721
4.140000,0.016462,-0.032613,1.000211,0.000070,0.001747,0.001886,-0.508531,0.017721
4.141000,0.015909,-0.031909,1.000217,0.000069,0.001735,0.001881,-0.508531,0.017721
4.142000,0.018040,-0.031898,1.000207,0.000063,0.001725,0.001875,-0.508531,0.017721
4.143000,0.015753,-0.030608,1.000224,0.000064,0.001712,0.001870,-0.508530,0.017721
4.144000,0.018147,-0.032836,1.000207,0.000080,0.001702,0.001863,-0.508530,0.017721
4.145000,0.018096,-0.033033,1.000208,0.000086,0.001693,0.001855,-0.508530,0.017721
4.146000,0.016914,-0.032888,1.000216,0.000094,0.001682,0.001848,-0.508530,0.017721
4.147000,0.017491,-0.030223,1.000220,0.000068,0.001671,0.001843,-0.508530,0.017721
4.148000,0.018751,-0.030350,1.000214,0.000067,0.001663,0.001838,-0.508529,0.017721
4.149000,0.019683,-0.030401,1.000209,0.000066,0.001655,0.001832,-0.508529,0.017721
4.150000,0.018727,-0.031850,1.000212,0.000089,0.001646,0.001825,-0.508529,0.017721
4.151000,0.017971,-0.031044,1.000219,0.000088,0.001637,0.001819,-0.508529,0.017721
4.152000,0.018859,-0.031999,1.000213,0.000098,0.001628,0.001811,-0.508528,0.017722
4.153000,0.019908,-0.031374,1.000209,0.000090,0.001621,0.001804,-0.508528,0.017722
4.154000,0.020039,-0.032484,1.000206,0.000105,0.001614,0.001796,-0.508528,0.017722
4.155000,0.018869,-0.031206,1.000216,0.000101,0.001606,0.001789,-0.508528,0.017722
4.156000,0.019380,-0.032148,1.000211,0.000112,0.001598,0.001781,-0.508528,0.017722
4.157000,0.020697,-0.031317,1.000206,0.000101,0.001592,0.001774,-0.508527,0.017722
4.158000,0.021271,-0.030451,1.000205,0.000093,0.001587,0.001767,-0.508527,0.017722
4.159000,0.021044,-0.031399,1.000205,0.000107,0.001581,0.001760,-0.508527,0.017722
4.160000,0.020466,-0.031014,1.000209,0.000109,0.001576,0.001752,-0.508527,0.017722
4.161000,0.021556,-0.029841,1.000206,0.000095,0.001571,0.001746,-0.508527,0.017722
4.162000,0.021609,-0.031506,1.000201,0.000115,0.001566,0.001738,-0.508526,0.017723
4.163000,0.020567,-0.031632,1.000207,0.000125,0.001561,0.001730,-0.508526,0.017723
4.164000,0.021345,-0.030104,1.000206,0.000109,0.001556,0.001723,-0.508526,0.017723
4.165000,0.021519,-0.029196,1.000207,0.000102,0.001552,0.001718,-0.508526,0.017723
4.166000,0.022402,-0.029945,1.000200,0.000108,0.001548,0.001711,-0.508526,0.017723
4.167000,0.023199,-0.030113,1.000195,0.000109,0.001546,0.001704,-0.508525,0.017723
4.168000,0.021260,-0.030868,1.000204,0.000129,0.001542,0.001696,-0.508525,0.017723
4.169000,0.022669,-0.029558,1.000199,0.000112,0.001539,0.001690,-0.508525,0.017723
4.170000,0.020295,-0.029546,1.000212,0.000125,0.001534,0.001683,-0.508525,0.017723
4.171000,0.020852,-0.029168,1.000210,0.000122,0.001529,0.001677,-0.508525,0.017724
4.172000,0.020473,-0.029905,1.000210,0.000134,0.001525,0.001670,-0.508524,0.017724
4.173000,0.022446,-0.028443,1.000202,0.000113,0.001522,0.001665,-0.508524,0.017724
4.174000,0.021633,-0.028514,1.000207,0.000120,0.001519,0.001659,-0.508524,0.017724
4.175000,0.021720,-0.029338,1.000204,0.000130,0.001516,0.001652,-0.508524,0.017724
4.176000,0.021244,-0.030120,1.000204,0.000143,0.001512,0.001645,-0.508524,0.017724
4.177000,0.020649,-0.030329,1.000207,0.000151,0.001508,0.001637,-0.508523,0.017724
4.178000,0.021594,-0.029381,1.000204,0.000140,0.001505,0.001631,-0.508523,0.017724
4.179000,0.022425,-0.026917,1.000204,0.000113,0.001503,0.001626,-0.508523,0.017725
4.180000,0.021914,-0.028977,1.000202,0.000139,0.001501,0.001620,-0.508523,0.017725
4.181000,0.021330,-0.029232,1.000204,0.000147,0.001498,0.001613,-0.508523,0.017725
4.182000,0.020947,-0.028870,1.000207,0.000148,0.001494,0.001607,-0.508522,0.017725
4.183000,0.019948,-0.027310,1.000216,0.000139,0.001490,0.001602,-0.508522,0.017725
4.184000,0.019998,-0.028010,1.000214,0.000148,0.001486,0.001596,-0.508522,0.017725
4.185000,0.020223,-0.026639,1.000216,0.000135,0.001482,0.001592,-0.508522,0.017725
4.186000,0.020551,-0.027522,1.000212,0.000145,0.001479,0.001587,-0.508521,0.017726
4.187000,0.021184,-0.028125,1.000207,0.000151,0.001476,0.001581,-0.508521,0.017726
4.188000,0.021506,-0.027946,1.000205,0.000150,0.001474,0.001575,-0.508521,0.017726
4.189000,0.021442,-0.026196,1.000209,0.000134,0.001472,0.001571,-0.508521,0.017726
4.190000,0.017540,-0.027283,1.000229,0.000165,0.001466,0.001566,-0.508521,0.017726
4.191000,0.020834,-0.026279,1.000212,0.000142,0.001463,0.001561,-0.508520,0.017726
4.192000,0.019975,-0.027741,1.000214,0.000163,0.001460,0.001556,-0.508520,0.017726
4.193000,0.020052,-0.028533,1.000211,0.000173,0.001457,0.001549,-0.508520,0.017727
4.194000,0.020841,-0.027896,1.000208,0.000166,0.001454,0.001543,-0.508520,0.017727
4.195000,0.018992,-0.026886,1.000220,0.000166,0.001450,0.001538,-0.508520,0.017727
4.196000,0.018994,-0.027285,1.000219,0.000173,0.001446,0.001532,-0.508519,0.017727
4.197000,0.020045,-0.027177,1.000214,0.000169,0.001443,0.001527,-0.508519,0.017727
4.198000,0.018880,-0.026148,1.000222,0.000166,0.001439,0.001522,-0.508519,0.017727
4.199000,0.019872,-0.025043,1.000219,0.000152,0.001436,0.001519,-0.508519,0.017728
4.200000,0.019840,-0.026428,1.000216,0.000168,0.001433,0.001514,-0.508518,0.017728
4.201000,0.019248,-0.026766,1.000218,0.000176,0.001430,0.001509,-0.508518,0.017728
4.202000,0.018608,-0.027701,1.000220,0.000191,0.001426,0.001502,-0.508518,0.017728
4.203000,0.020986,-0.025573,1.000211,0.000161,0.001424,0.001498,-0.508518,0.017728
4.204000,0.219726,-0.140574,1.000226,0.000183,0.001621,0.001379,-0.508518,0.017729
4.205000,0.213872,-0.137795,1.000214,0.000192,0.001815,0.001266,-0.508517,0.017729
4.206000,0.206236,-0.134924,1.000214,0.000207,0.002002,0.001158,-0.508517,0.017729
4.207000,0.197981,-0.129901,1.000224,0.000201,0.002183,0.001058,-0.508517,0.017729
4.208000,0.192096,-0.125384,1.000221,0.000188,0.002359,0.000965,-0.508517,0.017729
4.209000,0.185380,-0.121694,1.000223,0.000186,0.002530,0.000879,-0.508517,0.017729
4.210000,0.177572,-0.117747,1.000234,0.000184,0.002694,0.000799,-0.508516,0.017730
4.211000,0.171368,-0.117336,1.000228,0.000210,0.002853,0.000722,-0.508516,0.017730
4.212000,0.166009,-0.115316,1.000223,0.000216,0.003009,0.000650,-0.508516,0.017730
4.213000,0.160636,-0.108422,1.000231,0.000170,0.003159,0.000586,-0.508516,0.017730
4.214000,0.154128,-0.107168,1.000234,0.000185,0.003305,0.000527,-0.508515,0.017730
4.215000,0.148082,-0.104592,1.000239,0.000184,0.003445,0.000472,-0.508515,0.017731
4.216000,0.142931,-0.101878,1.000240,0.000177,0.003581,0.000421,-0.508515,0.017731
4.217000,0.136681,-0.100967,1.000245,0.000192,0.003711,0.000374,-0.508515,0.017731
4.218000,0.131033,-0.100169,1.000247,0.000206,0.003837,0.000330,-0.508514,0.017731
4.219000,0.126276,-0.097977,1.000249,0.000200,0.003958,0.000289,-0.508514,0.017731
4.220000,0.121204,-0.097772,1.000249,0.000217,0.004075,0.000251,-0.508514,0.017732
4.221000,0.115963,-0.095986,1.000255,0.000217,0.004187,0.000216,-0.508514,0.017732
4.222000,0.111603,-0.094614,1.000256,0.000217,0.004295,0.000184,-0.508513,0.017732
4.223000,0.105036,-0.093115,1.000272,0.000225,0.004398,0.000155,-0.508513,0.017732
4.224000,0.101565,-0.089914,1.000275,0.000201,0.004497,0.000132,-0.508513,0.017732
4.225000,0.097171,-0.088699,1.000279,0.000201,0.004592,0.000110,-0.508513,0.017733
4.226000,0.093284,-0.086944,1.000283,0.000193,0.004684,0.000092,-0.508512,0.017733
4.227000,0.086869,-0.086421,1.000300,0.000209,0.004769,0.000076,-0.508512,0.017733
4.228000,0.084012,-0.086027,1.000298,0.000210,0.004852,0.000062,-0.508512,0.017733
4.229000,0.078898,-0.083025,1.000315,0.000193,0.004930,0.000051,-0.508511,0.017733
4.230000,0.074778,-0.082085,1.000323,0.000193,0.005004,0.000043,-0.508511,0.017734
4.231000,0.070429,-0.081148,1.000333,0.000194,0.005074,0.000037,-0.508511,0.017734
4.232000,0.064948,-0.079467,1.000353,0.000192,0.005138,0.000034,-0.508510,0.017734
4.233000,0.059655,-0.079745,1.000368,0.000210,0.005197,0.000031,-0.508510,0.017734
4.234000,0.058278,-0.078640,1.000365,0.000196,0.005255,0.000030,-0.508510,0.017734
4.235000,0.054675,-0.078550,1.000373,0.000202,0.005309,0.000031,-0.508509,0.017735
4.236000,0.050456,-0.077519,1.000388,0.000202,0.005359,0.000033,-0.508509,0.017735
4.237000,0.046603,-0.076519,1.000401,0.000200,0.005406,0.000037,-0.508509,0.017735
4.238000,0.041506,-0.076144,1.000421,0.000210,0.005446,0.000042,-0.508508,0.017735
4.239000,0.039387,-0.076102,1.000424,0.000210,0.005485,0.000047,-0.508508,0.017735
4.240000,0.034288,-0.074733,1.000448,0.000211,0.005519,0.000055,-0.508507,0.017736
4.241000,0.031968,-0.074540,1.000455,0.000211,0.005550,0.000063,-0.508507,0.017736
4.242000,0.027424,-0.073235,1.000477,0.000210,0.005576,0.000073,-0.508506,0.017736
4.243000,0.025568,-0.073527,1.000482,0.000213,0.005601,0.000083,-0.508506,0.017736
4.244000,0.020566,-0.071085,1.000511,0.000202,0.005620,0.000096,-0.508505,0.017737
4.245000,0.017644,-0.073027,1.000519,0.000228,0.005636,0.000107,-0.508505,0.017737
4.246000,0.016343,-0.071087,1.000528,0.000206,0.005651,0.000121,-0.508504,0.017737
4.247000,0.012186,-0.070546,1.000550,0.000212,0.005662,0.000135,-0.508504,0.017737
4.248000,0.009915,-0.070001,1.000562,0.000209,0.005669,0.000150,-0.508503,0.017737
4.249000,0.007138,-0.068949,1.000579,0.000204,0.005674,0.000166,-0.508503,0.017738
4.250000,0.004236,-0.069796,1.000593,0.000219,0.005676,0.000181,-0.508502,0.017738
4.251000,0.003088,-0.070199,1.000599,0.000222,0.005676,0.000196,-0.508502,0.017738
4.252000,0.001507,-0.069778,1.000609,0.000219,0.005675,0.000212,-0.508501,0.017738
4.253000,-0.000691,-0.068806,1.000624,0.000213,0.005671,0.000228,-0.508500,0.017738
4.254000,-0.002404,-0.070160,1.000632,0.000230,0.005665,0.000243,-0.508500,0.017739
4.255000,-0.003518,-0.067277,1.000646,0.000200,0.005658,0.000261,-0.508499,0.017739
4.256000,-0.006431,-0.068644,1.000661,0.000222,0.005648,0.000277,-0.508498,0.017739
4.257000,-0.008699,-0.067334,1.000680,0.000213,0.005635,0.000294,-0.508498,0.017739
4.258000,-0.009237,-0.068233,1.000684,0.000221,0.005621,0.000310,-0.508497,0.017740
4.259000,-0.011391,-0.066971,1.000702,0.000213,0.005605,0.000328,-0.508496,0.017740
4.260000,-0.011517,-0.068599,1.000702,0.000227,0.005589,0.000343,-0.508496,0.017740
4.261000,-0.013448,-0.067594,1.000719,0.000222,0.005570,0.000360,-0.508495,0.017740
4.262000,-0.016664,-0.068684,1.000739,0.000244,0.005548,0.000374,-0.508494,0.017740
4.263000,-0.015360,-0.066823,1.000740,0.000217,0.005527,0.000391,-0.508493,0.017741
4.264000,-0.016733,-0.066587,1.000753,0.000217,0.005505,0.000407,-0.508493,0.017741
4.265000,-0.017340,-0.066840,1.000761,0.000220,0.005481,0.000423,-0.508492,0.017741
4.266000,-0.017479,-0.067132,1.000765,0.000221,0.005457,0.000438,-0.508491,0.017741
4.267000,-0.018675,-0.068227,1.000775,0.000236,0.005432,0.000452,-0.508490,0.017742
4.268000,-0.019416,-0.066767,1.000787,0.000223,0.005406,0.000466,-0.508490,0.017742
4.269000,-0.019914,-0.066059,1.000797,0.000216,0.005379,0.000481,-0.508489,0.017742
4.270000,-0.020130,-0.066250,1.000803,0.000218,0.005352,0.000496,-0.508488,0.017742
4.271000,-0.020193,-0.065450,1.000811,0.000208,0.005324,0.000511,-0.508487,0.017742
4.272000,-0.019661,-0.066441,1.000811,0.000215,0.005297,0.000524,-0.508486,0.017743
4.273000,-0.021033,-0.066525,1.000824,0.000221,0.005268,0.000537,-0.508486,0.017743
4.274000,-0.019498,-0.068121,1.000817,0.000231,0.005240,0.000548,-0.508485,0.017743
4.275000,-0.020935,-0.067563,1.000831,0.000231,0.005211,0.000559,-0.508484,0.017743
4.276000,-0.021375,-0.066069,1.000843,0.000218,0.005181,0.000571,-0.508483,0.017744
4.277000,-0.021699,-0.067104,1.000848,0.000230,0.005151,0.000582,-0.508482,0.017744
4.278000,-0.021401,-0.064457,1.000858,0.000201,0.005121,0.000594,-0.508481,0.017744
4.279000,-0.021185,-0.066682,1.000857,0.000224,0.005091,0.000605,-0.508481,0.017744
4.280000,-0.019281,-0.066513,1.000852,0.000214,0.005062,0.000614,-0.508480,0.017744
4.281000,-0.020151,-0.065479,1.000865,0.000208,0.005033,0.000625,-0.508479,0.017745
4.282000,-0.021110,-0.066568,1.000873,0.000224,0.005003,0.000634,-0.508478,0.017745
4.283000,-0.020693,-0.065337,1.000879,0.000210,0.004972,0.000643,-0.508477,0.017745
4.284000,-0.019969,-0.067558,1.000875,0.000231,0.004943,0.000651,-0.508476,0.017745
4.285000,-0.020441,-0.067125,1.000884,0.000231,0.004913,0.000658,-0.508475,0.017745
4.286000,-0.017765,-0.065126,1.000878,0.000199,0.004885,0.000666,-0.508475,0.017746
4.287000,-0.019191,-0.065880,1.000890,0.000215,0.004856,0.000673,-0.508474,0.017746
4.288000,-0.019955,-0.066187,1.000898,0.000223,0.004826,0.000680,-0.508473,0.017746
4.289000,-0.017340,-0.065630,1.000890,0.000207,0.004798,0.000687,-0.508472,0.017746
4.290000,-0.017996,-0.067287,1.000894,0.000229,0.004770,0.000692,-0.508471,0.017747
4.291000,-0.016083,-0.068069,1.000886,0.000231,0.004743,0.000695,-0.508470,0.017747
4.292000,-0.015756,-0.067255,1.000890,0.000224,0.004717,0.000699,-0.508469,0.017747
4.293000,-0.014965,-0.066098,1.000892,0.000211,0.004692,0.000704,-0.508468,0.017747
4.294000,-0.014921,-0.067796,1.000892,0.000230,0.004666,0.000706,-0.508467,0.017747
4.295000,-0.014532,-0.066361,1.000897,0.000216,0.004641,0.000710,-0.508467,0.017748
4.296000,-0.013932,-0.067138,1.000896,0.000224,0.004617,0.000712,-0.508466,0.017748
4.297000,-0.011684,-0.066486,1.000888,0.000210,0.004594,0.000715,-0.508465,0.017748
4.298000,-0.012359,-0.067879,1.000892,0.000230,0.004571,0.000716,-0.508464,0.017748
4.299000,-0.010758,-0.067027,1.000888,0.000216,0.004550,0.000718,-0.508463,0.017749
4.300000,-0.009890,-0.069385,1.000880,0.000240,0.004529,0.000717,-0.508462,0.017749
4.301000,-0.010272,-0.068304,1.000887,0.000233,0.004508,0.000716,-0.508461,0.017749
4.302000,-0.009133,-0.068127,1.000884,0.000229,0.004488,0.000716,-0.508460,0.017749
4.303000,-0.010156,-0.067605,1.000893,0.000232,0.004467,0.000715,-0.508459,0.017749
4.304000,-0.007169,-0.066395,1.000882,0.000208,0.004449,0.000716,-0.508459,0.017750
4.305000,-0.007957,-0.067323,1.000886,0.000224,0.004431,0.000715,-0.508458,0.017750
4.306000,-0.005680,-0.067341,1.000875,0.000217,0.004414,0.000714,-0.508457,0.017750
4.307000,-0.006952,-0.068736,1.000881,0.000240,0.004397,0.000712,-0.508456,0.017750
4.308000,-0.004779,-0.068569,1.000870,0.000232,0.004381,0.000709,-0.508455,0.017751
4.309000,-0.004509,-0.068396,1.000870,0.000232,0.004366,0.000707,-0.508454,0.017751
4.310000,-0.004161,-0.066779,1.000874,0.000216,0.004351,0.000705,-0.508453,0.017751
4.311000,-0.003689,-0.069000,1.000867,0.000240,0.004337,0.000702,-0.508453,0.017751
4.312000,-0.002810,-0.066873,1.000868,0.000217,0.004324,0.000700,-0.508452,0.017752
4.313000,-0.002816,-0.066548,1.000869,0.000216,0.004310,0.000698,-0.508451,0.017752
4.314000,-0.003918,-0.065938,1.000878,0.000217,0.004296,0.000697,-0.508450,0.017752
4.315000,-0.002801,-0.068185,1.000868,0.000238,0.004283,0.000693,-0.508449,0.017752
4.316000,-0.002367,-0.066273,1.000870,0.000219,0.004270,0.000691,-0.508448,0.017752
4.317000,-0.001452,-0.067013,1.000864,0.000225,0.004258,0.000688,-0.508447,0.017753
4.318000,-0.000862,-0.067659,1.000860,0.000232,0.004247,0.000684,-0.508446,0.017753
4.319000,-0.000795,-0.064429,1.000867,0.000200,0.004236,0.000684,-0.508446,0.017753
4.320000,-0.001194,-0.065654,1.000867,0.000217,0.004224,0.000681,-0.508445,0.017753
4.321000,-0.000701,-0.065652,1.000865,0.000217,0.004213,0.000679,-0.508444,0.017753
4.322000,0.000623,-0.065921,1.000857,0.000216,0.004204,0.000676,-0.508443,0.017754
4.323000,-0.000128,-0.066882,1.000859,0.000232,0.004194,0.000673,-0.508442,0.017754
4.324000,-0.000273,-0.065861,1.000863,0.000224,0.004183,0.000670,-0.508441,0.017754
4.325000,0.001413,-0.066253,1.000852,0.000223,0.004175,0.000666,-0.508440,0.017754
4.326000,0.000951,-0.068204,1.000850,0.000248,0.004166,0.000661,-0.508440,0.017755
4.327000,0.001468,-0.066815,1.000850,0.000234,0.004157,0.000656,-0.508439,0.017755
4.328000,0.002961,-0.066336,1.000843,0.000225,0.004150,0.000652,-0.508438,0.017755
4.329000,0.000319,-0.066414,1.000857,0.000240,0.004141,0.000648,-0.508437,0.017755
4.330000,0.001650,-0.067316,1.000847,0.000246,0.004133,0.000643,-0.508436,0.017756
4.331000,0.001598,-0.066432,1.000849,0.000240,0.004125,0.000638,-0.508435,0.017756
4.332000,0.003509,-0.065667,1.000840,0.000226,0.004119,0.000635,-0.508435,0.017756
4.333000,0.002883,-0.066533,1.000840,0.000240,0.004112,0.000630,-0.508434,0.017756
4.334000,0.003237,-0.066049,1.000839,0.000236,0.004106,0.000626,-0.508433,0.017757
4.335000,0.002919,-0.066948,1.000838,0.000249,0.004099,0.000620,-0.508432,0.017757
4.336000,0.003977,-0.065232,1.000835,0.000229,0.004094,0.000616,-0.508431,0.017757
4.337000,0.003370,-0.064647,1.000839,0.000227,0.004088,0.000613,-0.508430,0.017757
4.338000,0.003321,-0.064395,1.000839,0.000227,0.004082,0.000610,-0.508430,0.017757
4.339000,0.003857,-0.065855,1.000832,0.000241,0.004077,0.000606,-0.508429,0.017758
4.340000,0.005731,-0.065035,1.000822,0.000226,0.004074,0.000602,-0.508428,0.017758
4.341000,0.005163,-0.065328,1.000824,0.000234,0.004070,0.000597,-0.508427,0.017758
4.342000,0.005187,-0.065964,1.000821,0.000242,0.004066,0.000593,-0.508426,0.017758
4.343000,0.004265,-0.063806,1.000830,0.000226,0.004061,0.000590,-0.508425,0.017759
4.344000,0.002397,-0.062866,1.000842,0.000226,0.004055,0.000588,-0.508425,0.017759
4.345000,0.002876,-0.064410,1.000835,0.000241,0.004049,0.000584,-0.508424,0.017759
4.346000,0.003284,-0.063001,1.000835,0.000226,0.004043,0.000582,-0.508423,0.017759
4.347000,0.003919,-0.063836,1.000829,0.000234,0.004039,0.000579,-0.508422,0.017760
4.348000,0.003406,-0.063457,1.000832,0.000234,0.004033,0.000576,-0.508421,0.017760
4.349000,0.003031,-0.063149,1.000834,0.000234,0.004028,0.000573,-0.508420,0.017760
4.350000,0.002916,-0.062959,1.000835,0.000234,0.004022,0.000571,-0.508420,0.017760
4.351000,0.002133,-0.063261,1.000838,0.000242,0.004016,0.000568,-0.508419,0.017760
4.352000,0.001758,-0.064343,1.000837,0.000257,0.004009,0.000564,-0.508418,0.017761
4.353000,0.001270,-0.063205,1.000842,0.000249,0.004002,0.000561,-0.508417,0.017761
4.354000,0.000401,-0.062654,1.000847,0.000249,0.003994,0.000558,-0.508416,0.017761
4.355000,0.000419,-0.063067,1.000846,0.000255,0.003986,0.000555,-0.508415,0.017761
4.356000,0.002074,-0.061514,1.000840,0.000234,0.003979,0.000553,-0.508415,0.017762
4.357000,-0.000157,-0.062064,1.000851,0.000251,0.003971,0.000551,-0.508414,0.017762
4.358000,-0.000771,-0.063142,1.000852,0.000267,0.003962,0.000547,-0.508413,0.017762
4.359000,-0.000989,-0.060548,1.000859,0.000243,0.003953,0.000546,-0.508412,0.017762
4.360000,-0.001959,-0.060703,1.000865,0.000250,0.003943,0.000545,-0.508411,0.017763
4.361000,-0.001479,-0.060814,1.000862,0.000251,0.003933,0.000543,-0.508410,0.017763
4.362000,-0.003774,-0.061145,1.000874,0.000267,0.003921,0.000541,-0.508409,0.017763
4.363000,-0.003696,-0.062951,1.000870,0.000288,0.003909,0.000537,-0.508409,0.017764
4.364000,-0.003270,-0.059562,1.000876,0.000253,0.003898,0.000536,-0.508408,0.017764
4.365000,-0.004972,-0.059254,1.000887,0.000259,0.003885,0.000535,-0.508407,0.017764
4.366000,-0.004469,-0.059141,1.000886,0.000258,0.003872,0.000534,-0.508406,0.017764
4.367000,-0.005018,-0.058700,1.000891,0.000258,0.003859,0.000533,-0.508405,0.017765
4.368000,-0.003635,-0.058780,1.000883,0.000254,0.003848,0.000532,-0.508404,0.017765
4.369000,-0.007152,-0.058460,1.000905,0.000269,0.003833,0.000532,-0.508403,0.017765
4.370000,-0.007112,-0.058947,1.000905,0.000276,0.003818,0.000530,-0.508402,0.017765
4.371000,-0.009208,-0.058559,1.000919,0.000284,0.003800,0.000529,-0.508401,0.017766
4.372000,-0.009206,-0.058717,1.000920,0.000288,0.003783,0.000527,-0.508401,0.017766
4.373000,-0.011155,-0.057272,1.000937,0.000285,0.003764,0.000527,-0.508400,0.017766
4.374000,-0.010417,-0.056685,1.000936,0.000278,0.003746,0.000527,-0.508399,0.017766
4.375000,-0.011479,-0.056034,1.000945,0.000279,0.003727,0.000527,-0.508398,0.017767
4.376000,-0.013013,-0.055899,1.000957,0.000287,0.003706,0.000527,-0.508397,0.017767
4.377000,-0.013385,-0.057160,1.000958,0.000305,0.003684,0.000525,-0.508396,0.017767
4.378000,-0.013268,-0.055196,1.000965,0.000287,0.003663,0.000525,-0.508395,0.017768
4.379000,-0.015774,-0.054358,1.000984,0.000292,0.003640,0.000526,-0.508394,0.017768
4.380000,-0.016066,-0.053160,1.000991,0.000284,0.003616,0.000527,-0.508393,0.017768
4.381000,-0.015723,-0.053477,1.000992,0.000289,0.003592,0.000528,-0.508392,0.017768
4.382000,-0.017345,-0.052972,1.001005,0.000294,0.003567,0.000529,-0.508391,0.017769
4.383000,-0.017477,-0.052764,1.001010,0.000296,0.003541,0.000530,-0.508390,0.017769
4.384000,-0.018204,-0.051585,1.001020,0.000290,0.003515,0.000531,-0.508389,0.017769
4.385000,-0.020615,-0.049898,1.001042,0.000286,0.003487,0.000534,-0.508388,0.017770
4.386000,-0.019575,-0.050264,1.001039,0.000288,0.003459,0.000536,-0.508387,0.017770
4.387000,-0.019658,-0.047906,1.001049,0.000267,0.003431,0.000540,-0.508386,0.017770
4.388000,-0.018896,-0.049880,1.001044,0.000287,0.003404,0.000542,-0.508385,0.017770
4.389000,-0.019826,-0.046437,1.001061,0.000258,0.003376,0.000546,-0.508384,0.017771
4.390000,-0.020660,-0.046992,1.001069,0.000270,0.003347,0.000550,-0.508383,0.017771
4.391000,-0.020836,-0.047403,1.001073,0.000278,0.003318,0.000553,-0.508382,0.017771
4.392000,-0.022552,-0.047691,1.001087,0.000292,0.003288,0.000555,-0.508380,0.017772
4.393000,-0.022351,-0.046983,1.001092,0.000288,0.003257,0.000557,-0.508379,0.017772
4.394000,-0.024546,-0.047884,1.001107,0.000311,0.003224,0.000558,-0.508378,0.017772
4.395000,-0.024275,-0.044266,1.001118,0.000276,0.003191,0.000562,-0.508377,0.017772
4.396000,-0.024970,-0.047036,1.001121,0.000311,0.003158,0.000563,-0.508376,0.017773
4.397000,-0.024668,-0.045388,1.001128,0.000297,0.003125,0.000565,-0.508375,0.017773
4.398000,-0.023965,-0.043182,1.001134,0.000275,0.003092,0.000569,-0.508374,0.017773
4.399000,-0.024467,-0.044243,1.001139,0.000292,0.003059,0.000571,-0.508373,0.017774
4.400000,-0.024782,-0.043538,1.001147,0.000290,0.003026,0.000573,-0.508371,0.017774
4.401000,-0.026286,-0.041728,1.001165,0.000281,0.002991,0.000577,-0.508370,0.017774
4.402000,-0.025325,-0.041660,1.001165,0.000280,0.002957,0.000580,-0.508369,0.017774
4.403000,-0.024805,-0.043326,1.001163,0.000299,0.002924,0.000581,-0.508368,0.017775
4.404000,-0.026121,-0.041407,1.001180,0.000289,0.002889,0.000583,-0.508367,0.017775
4.405000,-0.024519,-0.041660,1.001176,0.000289,0.002856,0.000585,-0.508366,0.017775
4.406000,-0.023791,-0.041555,1.001177,0.000289,0.002823,0.000586,-0.508364,0.017776
4.407000,-0.023929,-0.040374,1.001185,0.000281,0.002790,0.000588,-0.508363,0.017776
4.408000,-0.025524,-0.039308,1.001201,0.000281,0.002756,0.000591,-0.508362,0.017776
4.409000,-0.023080,-0.040554,1.001189,0.000287,0.002724,0.000592,-0.508361,0.017776
4.410000,-0.023063,-0.039735,1.001195,0.000283,0.002692,0.000593,-0.508360,0.017777
4.411000,-0.021475,-0.039202,1.001192,0.000274,0.002662,0.000594,-0.508359,0.017777
4.412000,-0.022083,-0.040596,1.001196,0.000296,0.002631,0.000593,-0.508357,0.017777
4.413000,-0.022137,-0.038937,1.001205,0.000283,0.002600,0.000594,-0.508356,0.017778
4.414000,-0.022295,-0.038324,1.001211,0.000282,0.002568,0.000595,-0.508355,0.017778
4.415000,-0.020219,-0.038062,1.001204,0.000274,0.002539,0.000595,-0.508354,0.017778
4.416000,-0.018724,-0.038305,1.001199,0.000274,0.002512,0.000595,-0.508353,0.017778
4.417000,-0.020568,-0.037719,1.001214,0.000280,0.002482,0.000595,-0.508351,0.017779
4.418000,-0.019241,-0.038198,1.001209,0.000283,0.002454,0.000594,-0.508350,0.017779
4.419000,-0.018402,-0.037209,1.001210,0.000273,0.002427,0.000593,-0.508349,0.017779
4.420000,-0.017719,-0.037855,1.001208,0.000281,0.002400,0.000592,-0.508348,0.017780
4.421000,-0.015429,-0.039011,1.001195,0.000287,0.002376,0.000589,-0.508347,0.017780
4.422000,-0.016209,-0.039338,1.001201,0.000299,0.002351,0.000585,-0.508345,0.017780
4.423000,-0.015999,-0.037934,1.001206,0.000288,0.002326,0.000583,-0.508344,0.017780
4.424000,-0.015634,-0.037230,1.001208,0.000283,0.002302,0.000580,-0.508343,0.017781
4.425000,-0.015332,-0.037401,1.001208,0.000288,0.002278,0.000577,-0.508342,0.017781
4.426000,-0.014699,-0.038097,1.001206,0.000297,0.002254,0.000573,-0.508340,0.017781
4.427000,-0.012995,-0.037132,1.001200,0.000284,0.002233,0.000570,-0.508339,0.017782
4.428000,-0.011723,-0.037794,1.001193,0.000289,0.002212,0.000566,-0.508338,0.017782
4.429000,-0.012410,-0.038402,1.001197,0.000303,0.002191,0.000561,-0.508337,0.017782
4.430000,-0.011125,-0.036612,1.001196,0.000283,0.002172,0.000557,-0.508336,0.017782
4.431000,-0.009871,-0.038510,1.001185,0.000302,0.002154,0.000551,-0.508335,0.017783
4.432000,-0.010460,-0.036107,1.001195,0.000284,0.002135,0.000547,-0.508333,0.017783
4.433000,-0.009825,-0.036082,1.001193,0.000285,0.002117,0.000543,-0.508332,0.017783
4.434000,-0.010168,-0.037417,1.001193,0.000304,0.002099,0.000537,-0.508331,0.017784
4.435000,-0.009423,-0.035165,1.001195,0.000282,0.002081,0.000534,-0.508330,0.017784
4.436000,-0.009821,-0.036177,1.001196,0.000298,0.002063,0.000529,-0.508329,0.017784
4.437000,-0.010366,-0.037714,1.001196,0.000321,0.002045,0.000522,-0.508327,0.017785
4.438000,-0.008673,-0.036110,1.001191,0.000301,0.002028,0.000517,-0.508326,0.017785
4.439000,-0.009207,-0.035269,1.001197,0.000299,0.002011,0.000512,-0.508325,0.017785
4.440000,-0.008522,-0.035202,1.001194,0.000299,0.001995,0.000507,-0.508324,0.017785
4.441000,-0.008362,-0.035396,1.001193,0.000304,0.001979,0.000501,-0.508323,0.017786
4.442000,-0.007518,-0.035751,1.001188,0.000308,0.001964,0.000495,-0.508321,0.017786
4.443000,-0.008363,-0.034663,1.001196,0.000305,0.001949,0.000490,-0.508320,0.017786
4.444000,-0.008734,-0.035254,1.001197,0.000317,0.001932,0.000484,-0.508319,0.017787
4.445000,-0.007069,-0.033857,1.001191,0.000299,0.001918,0.000479,-0.508318,0.017787
4.446000,-0.007557,-0.032548,1.001197,0.000291,0.001903,0.000475,-0.508317,0.017787
4.447000,-0.006154,-0.031329,1.001193,0.000275,0.001890,0.000472,-0.508315,0.017788
4.448000,-0.005789,-0.033293,1.001186,0.000297,0.001877,0.000468,-0.508314,0.017788
4.449000,-0.008057,-0.030816,1.001205,0.000284,0.001862,0.000465,-0.508313,0.017788
4.450000,-0.006916,-0.031680,1.001197,0.000291,0.001848,0.000461,-0.508312,0.017788
4.451000,-0.008806,-0.032613,1.001206,0.000313,0.001833,0.000456,-0.508311,0.017789
4.452000,-0.005932,-0.033837,1.001187,0.000316,0.001820,0.000450,-0.508309,0.017789
4.453000,-0.007807,-0.030860,1.001204,0.000297,0.001805,0.000446,-0.508308,0.017789
4.454000,-0.007219,-0.030948,1.001201,0.000299,0.001791,0.000442,-0.508307,0.017790
4.455000,-0.008029,-0.031252,1.001205,0.000309,0.001777,0.000438,-0.508306,0.017790
4.456000,-0.008009,-0.029968,1.001209,0.000299,0.001762,0.000435,-0.508305,0.017790
4.457000,-0.007120,-0.029274,1.001205,0.000291,0.001748,0.000432,-0.508303,0.017791
4.458000,-0.007802,-0.029406,1.001209,0.000298,0.001734,0.000429,-0.508302,0.017791
4.459000,-0.007310,-0.029922,1.001206,0.000304,0.001720,0.000425,-0.508301,0.017791
4.460000,-0.006476,-0.028880,1.001203,0.000293,0.001708,0.000422,-0.508300,0.017791
4.461000,-0.005643,-0.028138,1.001200,0.000284,0.001696,0.000419,-0.508299,0.017792
4.462000,-0.006105,-0.029846,1.001199,0.000306,0.001683,0.000415,-0.508297,0.017792
4.463000,-0.007607,-0.027415,1.001213,0.000291,0.001669,0.000413,-0.508296,0.017792
4.464000,-0.006296,-0.028210,1.001204,0.000296,0.001657,0.000409,-0.508295,0.017793
4.465000,-0.006771,-0.028957,1.001205,0.000308,0.001644,0.000405,-0.508294,0.017793
4.466000,-0.006122,-0.027570,1.001205,0.000294,0.001632,0.000402,-0.508293,0.017793
4.467000,-0.007056,-0.030271,1.001204,0.000329,0.001619,0.000397,-0.508291,0.017794
4.468000,-0.006824,-0.029424,1.001204,0.000323,0.001606,0.000391,-0.508290,0.017794
4.469000,-0.005245,-0.026969,1.001201,0.000293,0.001595,0.000389,-0.508289,0.017794
4.470000,-0.006516,-0.027906,1.001205,0.000311,0.001582,0.000385,-0.508288,0.017794
4.471000,-0.007006,-0.028707,1.001206,0.000325,0.001570,0.000380,-0.508287,0.017795
4.472000,-0.005663,-0.027497,1.001201,0.000310,0.001558,0.000376,-0.508285,0.017795
4.473000,-0.004665,-0.029503,1.001190,0.000329,0.001548,0.000370,-0.508284,0.017795
4.474000,-0.006141,-0.025527,1.001208,0.000297,0.001536,0.000367,-0.508283,0.017796
4.475000,-0.005502,-0.026008,1.001203,0.000302,0.001525,0.000364,-0.508282,0.017796
4.476000,-0.004385,-0.026146,1.001196,0.000300,0.001515,0.000361,-0.508281,0.017796
4.477000,-0.004779,-0.025114,1.001200,0.000294,0.001505,0.000359,-0.508279,0.017797
4.478000,-0.006053,-0.026238,1.001204,0.000313,0.001494,0.000355,-0.508278,0.017797
4.479000,-0.004602,-0.023949,1.001201,0.000285,0.001484,0.000353,-0.508277,0.017797
4.480000,-0.004971,-0.025464,1.001199,0.000305,0.001474,0.000350,-0.508276,0.017798
4.481000,-0.005808,-0.025038,1.001204,0.000306,0.001463,0.000347,-0.508275,0.017798
4.482000,-0.006302,-0.024640,1.001208,0.000307,0.001451,0.000345,-0.508273,0.017798
4.483000,-0.004772,-0.024393,1.001199,0.000300,0.001441,0.000342,-0.508272,0.017798
4.484000,-0.003774,-0.023734,1.001195,0.000290,0.001432,0.000340,-0.508271,0.017799
4.485000,-0.004215,-0.025166,1.001193,0.000309,0.001423,0.000336,-0.508270,0.017799
4.486000,-0.005301,-0.023639,1.001202,0.000301,0.001413,0.000334,-0.508269,0.017799
4.487000,-0.006050,-0.023776,1.001206,0.000307,0.001401,0.000331,-0.508267,0.017800
4.488000,-0.004578,-0.023466,1.001198,0.000300,0.001392,0.000329,-0.508266,0.017800
4.489000,-0.006110,-0.023387,1.001206,0.000308,0.001381,0.000326,-0.508265,0.017800
4.490000,-0.005366,-0.022726,1.001203,0.000300,0.001371,0.000324,-0.508264,0.017801
4.491000,-0.006662,-0.021983,1.001212,0.000300,0.001359,0.000323,-0.508263,0.017801
4.492000,-0.005240,-0.023705,1.001200,0.000313,0.001349,0.000320,-0.508261,0.017801
4.493000,-0.006503,-0.021856,1.001211,0.000302,0.001338,0.000318,-0.508260,0.017801
4.494000,-0.006869,-0.023624,1.001208,0.000324,0.001326,0.000314,-0.508259,0.017802
4.495000,-0.006145,-0.022144,1.001208,0.000308,0.001315,0.000312,-0.508258,0.017802
4.496000,-0.005292,-0.023003,1.001200,0.000315,0.001305,0.000309,-0.508257,0.017802
4.497000,-0.007937,-0.020864,1.001220,0.000307,0.001293,0.000308,-0.508255,0.017803
4.498000,-0.006214,-0.020698,1.001211,0.000300,0.001282,0.000306,-0.508254,0.017803
4.499000,-0.007143,-0.020923,1.001215,0.000308,0.001270,0.000305,-0.508253,0.017803
4.500000,-0.007042,-0.022251,1.001211,0.000324,0.001258,0.000301,-0.508252,0.017804
4.501000,-0.007541,-0.021021,1.001217,0.000316,0.001246,0.000299,-0.508251,0.017804
4.502000,-0.007933,-0.021413,1.001218,0.000324,0.001234,0.000297,-0.508249,0.017804
4.503000,-0.007140,-0.019241,1.001219,0.000300,0.001222,0.000296,-0.508248,0.017805
4.504000,-0.154559,0.065058,1.001227,0.000306,0.001063,0.000379,-0.508247,0.017805
4.505000,-0.149538,0.061254,1.001227,0.000317,0.000908,0.000456,-0.508246,0.017805
4.506000,-0.144198,0.058682,1.001227,0.000316,0.000757,0.000529,-0.508244,0.017806
4.507000,-0.137712,0.056528,1.001220,0.000306,0.000611,0.000597,-0.508243,0.017806
4.508000,-0.134059,0.052884,1.001225,0.000326,0.000468,0.000659,-0.508242,0.017806
4.509000,-0.128805,0.052972,1.001228,0.000301,0.000330,0.000719,-0.508241,0.017806
4.510000,-0.123325,0.049903,1.001221,0.000308,0.000196,0.000773,-0.508240,0.017807
4.511000,-0.118937,0.048297,1.001222,0.000305,0.000065,0.000825,-0.508238,0.017807
4.512000,-0.114926,0.045598,1.001222,0.000317,-0.000062,0.000871,-0.508237,0.017807
4.513000,-0.112666,0.045355,1.001237,0.000312,-0.000188,0.000916,-0.508236,0.017808
4.514000,-0.108381,0.042671,1.001234,0.000324,-0.000310,0.000956,-0.508235,0.017808
4.515000,-0.103553,0.040658,1.001228,0.000328,-0.000428,0.000992,-0.508233,0.017808
4.516000,-0.100882,0.043892,1.001246,0.000287,-0.000544,0.001029,-0.508232,0.017809
4.517000,-0.095980,0.040144,1.001234,0.000308,-0.000655,0.001061,-0.508231,0.017809
4.518000,-0.093460,0.038616,1.001239,0.000318,-0.000764,0.001090,-0.508230,0.017809
4.519000,-0.089019,0.036622,1.001232,0.000325,-0.000870,0.001115,-0.508228,0.017810
4.520000,-0.085586,0.036288,1.001234,0.000320,-0.000972,0.001138,-0.508227,0.017810
4.521000,-0.082351,0.035588,1.001234,0.000320,-0.001072,0.001159,-0.508226,0.017810
4.522000,-0.079748,0.032875,1.001233,0.000345,-0.001169,0.001176,-0.508225,0.017811
4.523000,-0.075620,0.034896,1.001234,0.000313,-0.001262,0.001193,-0.508224,0.017811
4.524000,-0.072907,0.033583,1.001234,0.000323,-0.001353,0.001208,-0.508222,0.017811
4.525000,-0.069737,0.034727,1.001236,0.000305,-0.001441,0.001223,-0.508221,0.017811
4.526000,-0.066952,0.032269,1.001231,0.000326,-0.001526,0.001233,-0.508220,0.017812
4.527000,-0.063783,0.031596,1.001228,0.000328,-0.001608,0.001242,-0.508219,0.017812
4.528000,-0.060600,0.030933,1.001224,0.000330,-0.001687,0.001249,-0.508217,0.017812
4.529000,-0.059398,0.030835,1.001231,0.000335,-0.001766,0.001254,-0.508216,0.017813
4.530000,-0.054932,0.031186,1.001221,0.000321,-0.001839,0.001259,-0.508215,0.017813
4.531000,-0.053846,0.030871,1.001227,0.000329,-0.001912,0.001262,-0.508214,0.017813
4.532000,-0.051766,0.031694,1.001231,0.000321,-0.001983,0.001265,-0.508212,0.017814
4.533000,-0.048935,0.030589,1.001224,0.000329,-0.002051,0.001266,-0.508211,0.017814
4.534000,-0.046424,0.029851,1.001220,0.000335,-0.002116,0.001265,-0.508210,0.017814
4.535000,-0.045144,0.029895,1.001224,0.000339,-0.002180,0.001263,-0.508209,0.017815
4.536000,-0.044001,0.032005,1.001233,0.000322,-0.002243,0.001263,-0.508208,0.017815
4.537000,-0.040764,0.030841,1.001223,0.000330,-0.002303,0.001260,-0.508206,0.017815
4.538000,-0.039440,0.030553,1.001224,0.000337,-0.002361,0.001256,-0.508205,0.017816
4.539000,-0.037164,0.032146,1.001224,0.000320,-0.002417,0.001253,-0.508204,0.017816
4.540000,-0.035449,0.030524,1.001220,0.000339,-0.002471,0.001247,-0.508203,0.017816
4.541000,-0.034080,0.031148,1.001222,0.000336,-0.002524,0.001241,-0.508201,0.017817
4.542000,-0.030657,0.032547,1.001214,0.000316,-0.002573,0.001236,-0.508200,0.017817
4.543000,-0.029382,0.030943,1.001210,0.000336,-0.002621,0.001228,-0.508199,0.017817
4.544000,-0.027932,0.030325,1.001207,0.000346,-0.002668,0.001219,-0.508198,0.017818
4.545000,-0.027072,0.032436,1.001214,0.000330,-0.002713,0.001211,-0.508197,0.017818
4.546000,-0.024778,0.032312,1.001207,0.000330,-0.002756,0.001203,-0.508195,0.017818
4.547000,-0.024668,0.032391,1.001212,0.000339,-0.002799,0.001194,-0.508194,0.017819
4.548000,-0.022672,0.032427,1.001206,0.000339,-0.002839,0.001184,-0.508193,0.017819
4.549000,-0.021233,0.031223,1.001201,0.000354,-0.002878,0.001173,-0.508192,0.017819
4.550000,-0.020481,0.034028,1.001208,0.000331,-0.002916,0.001164,-0.508190,0.017820
4.551000,-0.017712,0.034546,1.001198,0.000322,-0.002952,0.001155,-0.508189,0.017820
4.552000,-0.019444,0.032257,1.001207,0.000362,-0.002988,0.001143,-0.508188,0.017820
4.553000,-0.017518,0.033906,1.001204,0.000346,-0.003023,0.001132,-0.508187,0.017821
4.554000,-0.016316,0.035646,1.001205,0.000331,-0.003056,0.001122,-0.508186,0.017821
4.555000,-0.014881,0.035127,1.001199,0.000339,-0.003088,0.001111,-0.508184,0.017821
4.556000,-0.014644,0.035821,1.001203,0.000339,-0.003119,0.001101,-0.508183,0.017822
4.557000,-0.014979,0.036169,1.001209,0.000345,-0.003151,0.001090,-0.508182,0.017822
4.558000,-0.013720,0.036057,1.001205,0.000349,-0.003181,0.001079,-0.508181,0.017822
4.559000,-0.014158,0.035772,1.001209,0.000362,-0.003211,0.001067,-0.508180,0.017823
4.560000,-0.010591,0.038750,1.001199,0.000323,-0.003238,0.001058,-0.508178,0.017823
4.561000,-0.012428,0.037466,1.001209,0.000352,-0.003266,0.001047,-0.508177,0.017824
4.562000,-0.010102,0.037738,1.001199,0.000347,-0.003292,0.001035,-0.508176,0.017824
4.563000,-0.010209,0.039154,1.001205,0.000340,-0.003318,0.001025,-0.508175,0.017824
4.564000,-0.011175,0.038054,1.001210,0.000364,-0.003344,0.001013,-0.508174,0.017825
4.565000,-0.009970,0.039788,1.001209,0.000348,-0.003369,0.001003,-0.508172,0.017825
4.566000,-0.008976,0.037780,1.001200,0.000372,-0.003393,0.000990,-0.508171,0.017825
4.567000,-0.008176,0.040437,1.001204,0.000348,-0.003416,0.000980,-0.508170,0.017826
4.568000,-0.008806,0.040704,1.001209,0.000355,-0.003440,0.000969,-0.508169,0.017826
4.569000,-0.007467,0.042994,1.001209,0.000332,-0.003462,0.000961,-0.508168,0.017826
4.570000,-0.007995,0.041621,1.001210,0.000355,-0.003484,0.000950,-0.508166,0.017827
4.571000,-0.008718,0.042587,1.001218,0.000355,-0.003507,0.000941,-0.508165,0.017827
4.572000,-0.008144,0.043675,1.001219,0.000348,-0.003530,0.000932,-0.508164,0.017827
4.573000,-0.006886,0.043720,1.001213,0.000348,-0.003550,0.000923,-0.508163,0.017828
4.574000,-0.005159,0.042971,1.001203,0.000354,-0.003569,0.000912,-0.508161,0.017828
4.575000,-0.007058,0.042723,1.001214,0.000372,-0.003590,0.000901,-0.508160,0.017828
4.576000,-0.006343,0.044355,1.001214,0.000358,-0.003610,0.000892,-0.508159,0.017829
4.577000,-0.005027,0.043879,1.001207,0.000363,-0.003628,0.000882,-0.508158,0.017829
4.578000,-0.006081,0.043898,1.001213,0.000374,-0.003648,0.000871,-0.508157,0.017830
4.579000,-0.003917,0.045380,1.001205,0.000355,-0.003665,0.000862,-0.508155,0.017830
4.580000,-0.005240,0.046339,1.001215,0.000357,-0.003683,0.000853,-0.508154,0.017830
4.581000,-0.003283,0.045267,1.001202,0.000364,-0.003699,0.000843,-0.508153,0.017831
4.582000,-0.004169,0.044712,1.001206,0.000380,-0.003716,0.000832,-0.508152,0.017831
4.583000,-0.004196,0.045994,1.001209,0.000373,-0.003732,0.000823,-0.508151,0.017831
4.584000,-0.003466,0.046913,1.001208,0.000365,-0.003748,0.000814,-0.508149,0.017832
4.585000,-0.003222,0.046616,1.001206,0.000373,-0.003764,0.000804,-0.508148,0.017832
4.586000,-0.003711,0.047365,1.001210,0.000373,-0.003779,0.000795,-0.508147,0.017832
4.587000,-0.000893,0.048123,1.001196,0.000357,-0.003792,0.000786,-0.508146,0.017833
4.588000,-0.002144,0.047041,1.001200,0.000379,-0.003806,0.000776,-0.508145,0.017833
4.589000,-0.003044,0.047614,1.001206,0.000382,-0.003821,0.000767,-0.508143,0.017834
4.590000,-0.002639,0.049662,1.001209,0.000364,-0.003835,0.000759,-0.508142,0.017834
4.591000,-0.000699,0.048308,1.001194,0.000374,-0.003847,0.000750,-0.508141,0.017834
4.592000,-0.001671,0.049934,1.001203,0.000366,-0.003860,0.000742,-0.508140,0.017835
4.593000,-0.002407,0.049169,1.001205,0.000382,-0.003874,0.000734,-0.508138,0.017835
4.594000,-0.002882,0.049818,1.001209,0.000382,-0.003887,0.000725,-0.508137,0.017835
4.595000,-0.000784,0.050953,1.001200,0.000365,-0.003899,0.000718,-0.508136,0.017836
4.596000,-0.000699,0.049692,1.001196,0.000382,-0.003911,0.000709,-0.508135,0.017836
4.597000,-0.002727,0.050147,1.001207,0.000391,-0.003924,0.000701,-0.508134,0.017837
4.598000,-0.000549,0.050950,1.001197,0.000378,-0.003935,0.000693,-0.508132,0.017837
4.599000,-0.001196,0.050503,1.001199,0.000389,-0.003947,0.000684,-0.508131,0.017837
4.600000,-0.001310,0.050840,1.001199,0.000391,-0.003958,0.000676,-0.508130,0.017838
4.601000,-0.001067,0.051820,1.001200,0.000384,-0.003969,0.000668,-0.508129,0.017838
4.602000,-0.001217,0.053928,1.001205,0.000367,-0.003981,0.000663,-0.508128,0.017838
4.603000,-0.000559,0.052156,1.001196,0.000385,-0.003991,0.000655,-0.508126,0.017839
4.604000,-0.000623,0.052621,1.001197,0.000385,-0.004002,0.000648,-0.508125,0.017839
4.605000,-0.000941,0.054640,1.001203,0.000369,-0.004012,0.000643,-0.508124,0.017840
4.606000,0.000511,0.054401,1.001193,0.000368,-0.004021,0.000637,-0.508123,0.017840
4.607000,-0.000367,0.053712,1.001196,0.000382,-0.004031,0.000630,-0.508122,0.017840
4.608000,-0.001383,0.054286,1.001202,0.000384,-0.004042,0.000624,-0.508120,0.017841
4.609000,0.000089,0.051534,1.001186,0.000410,-0.004051,0.000615,-0.508119,0.017841
4.610000,-0.000568,0.053899,1.001194,0.000392,-0.004061,0.000608,-0.508118,0.017842
4.611000,-0.001540,0.054008,1.001199,0.000399,-0.004072,0.000601,-0.508117,0.017842
4.612000,-0.001524,0.054468,1.001200,0.000398,-0.004082,0.000594,-0.508116,0.017842
4.613000,-0.000762,0.054285,1.001194,0.000400,-0.004092,0.000588,-0.508114,0.017843
4.614000,-0.000214,0.056413,1.001195,0.000379,-0.004101,0.000583,-0.508113,0.017843
4.615000,0.001022,0.055709,1.001185,0.000383,-0.004109,0.000577,-0.508112,0.017844
4.616000,0.002185,0.054427,1.001174,0.000394,-0.004115,0.000570,-0.508111,0.017844
4.617000,0.001954,0.055886,1.001178,0.000383,-0.004122,0.000564,-0.508110,0.017844
4.618000,0.000751,0.056516,1.001185,0.000385,-0.004130,0.000558,-0.508108,0.017845
4.619000,-0.000113,0.056305,1.001188,0.000393,-0.004138,0.000553,-0.508107,0.017845
4.620000,0.002126,0.057167,1.001176,0.000377,-0.004144,0.000548,-0.508106,0.017845
4.621000,0.000601,0.055952,1.001180,0.000399,-0.004152,0.000542,-0.508105,0.017846
4.622000,0.002355,0.055871,1.001169,0.000395,-0.004158,0.000535,-0.508104,0.017846
4.623000,0.002898,0.056030,1.001164,0.000393,-0.004163,0.000529,-0.508103,0.017847
4.624000,0.001392,0.056386,1.001172,0.000399,-0.004169,0.000523,-0.508101,0.017847
4.625000,0.001388,0.057757,1.001174,0.000388,-0.004176,0.000518,-0.508100,0.017847
4.626000,0.003027,0.056092,1.001159,0.000400,-0.004180,0.000512,-0.508099,0.017848
4.627000,0.003115,0.055978,1.001157,0.000403,-0.004185,0.000505,-0.508098,0.017848
4.628000,0.003660,0.057029,1.001154,0.000392,-0.004189,0.000499,-0.508097,0.017849
4.629000,0.002296,0.056798,1.001159,0.000403,-0.004194,0.000493,-0.508096,0.017849
4.630000,0.004363,0.057163,1.001147,0.000392,-0.004197,0.000487,-0.508094,0.017849
4.631000,0.004905,0.056968,1.001141,0.000394,-0.004200,0.000481,-0.508093,0.017850
4.632000,0.004045,0.057500,1.001145,0.000394,-0.004203,0.000476,-0.508092,0.017850
4.633000,0.005317,0.057816,1.001136,0.000387,-0.004205,0.000471,-0.508091,0.017851
4.634000,0.003336,0.056639,1.001142,0.000410,-0.004208,0.000464,-0.508090,0.017851
4.635000,0.004258,0.055887,1.001133,0.000416,-0.004211,0.000457,-0.508089,0.017851
4.636000,0.003580,0.057585,1.001139,0.000404,-0.004214,0.000451,-0.508088,0.017852
4.637000,0.004612,0.057467,1.001131,0.000403,-0.004216,0.000446,-0.508086,0.017852
4.638000,0.004145,0.056516,1.001129,0.000417,-0.004219,0.000439,-0.508085,0.017853
4.639000,0.004421,0.056241,1.001124,0.000421,-0.004221,0.000432,-0.508084,0.017853
4.640000,0.006207,0.058209,1.001116,0.000394,-0.004221,0.000427,-0.508083,0.017853
4.641000,0.007057,0.056936,1.001106,0.000405,-0.004221,0.000420,-0.508082,0.017854
4.642000,0.006129,0.057821,1.001110,0.000402,-0.004221,0.000415,-0.508081,0.017854
4.643000,0.007188,0.057247,1.001100,0.000405,-0.004220,0.000409,-0.508080,0.017855
4.644000,0.007352,0.058177,1.001099,0.000396,-0.004219,0.000404,-0.508079,0.017855
4.645000,0.005998,0.056162,1.001099,0.000424,-0.004219,0.000396,-0.508078,0.017855
4.646000,0.007270,0.055523,1.001087,0.000427,-0.004217,0.000389,-0.508076,0.017856
4.647000,0.007305,0.057214,1.001088,0.000411,-0.004216,0.000383,-0.508075,0.017856
4.648000,0.008186,0.056875,1.001079,0.000412,-0.004214,0.000376,-0.508074,0.017857
4.649000,0.009152,0.057250,1.001071,0.000405,-0.004210,0.000370,-0.508073,0.017857
4.650000,0.008577,0.056609,1.001070,0.000416,-0.004207,0.000364,-0.508072,0.017858
4.651000,0.009091,0.058977,1.001069,0.000390,-0.004203,0.000360,-0.508071,0.017858
4.652000,0.008261,0.057956,1.001068,0.000405,-0.004201,0.000355,-0.508070,0.017858
4.653000,0.009480,0.055465,1.001052,0.000426,-0.004196,0.000347,-0.508069,0.017859
4.654000,0.009620,0.058234,1.001054,0.000398,-0.004192,0.000342,-0.508068,0.017859
4.655000,0.009711,0.056827,1.001047,0.000413,-0.004187,0.000336,-0.508067,0.017860
4.656000,0.009055,0.058035,1.001050,0.000404,-0.004183,0.000332,-0.508066,0.017860
4.657000,0.009983,0.056200,1.001037,0.000420,-0.004178,0.000325,-0.508065,0.017860
4.658000,0.011566,0.055607,1.001023,0.000420,-0.004172,0.000318,-0.508064,0.017861
4.659000,0.012039,0.057687,1.001021,0.000397,-0.004164,0.000313,-0.508063,0.017861
4.660000,0.011451,0.056663,1.001018,0.000410,-0.004158,0.000307,-0.508062,0.017862
4.661000,0.010612,0.057473,1.001021,0.000406,-0.004152,0.000302,-0.508061,0.017862
4.662000,0.011834,0.055015,1.001004,0.000427,-0.004144,0.000295,-0.508060,0.017862
4.663000,0.012646,0.055978,1.000998,0.000414,-0.004136,0.000289,-0.508059,0.017863
4.664000,0.011751,0.054990,1.000996,0.000429,-0.004129,0.000282,-0.508058,0.017863
4.665000,0.012744,0.056955,1.000991,0.000404,-0.004120,0.000277,-0.508057,0.017864
4.666000,0.012396,0.056339,1.000988,0.000412,-0.004112,0.000271,-0.508056,0.017864
4.667000,0.014819,0.056271,1.000969,0.000402,-0.004101,0.000266,-0.508055,0.017864
4.668000,0.012233,0.056988,1.000981,0.000406,-0.004093,0.000261,-0.508054,0.017865
4.669000,0.012442,0.057003,1.000976,0.000405,-0.004084,0.000257,-0.508053,0.017865
4.670000,0.012267,0.056341,1.000971,0.000412,-0.004076,0.000252,-0.508052,0.017866
4.671000,0.013176,0.054634,1.000958,0.000426,-0.004067,0.000246,-0.508051,0.017866
4.672000,0.011382,0.055262,1.000965,0.000428,-0.004059,0.000240,-0.508050,0.017867
4.673000,0.013462,0.056411,1.000952,0.000407,-0.004049,0.000235,-0.508049,0.017867
4.674000,0.013134,0.055913,1.000948,0.000413,-0.004039,0.000231,-0.508048,0.017867
4.675000,0.014307,0.055604,1.000937,0.000411,-0.004029,0.000226,-0.508047,0.017868
4.676000,0.013755,0.056201,1.000937,0.000406,-0.004018,0.000221,-0.508046,0.017868
4.677000,0.013592,0.054884,1.000930,0.000420,-0.004008,0.000216,-0.508045,0.017869
4.678000,0.015082,0.055751,1.000919,0.000404,-0.003996,0.000212,-0.508044,0.017869
4.679000,0.014169,0.055289,1.000919,0.000412,-0.003985,0.000207,-0.508043,0.017869
4.680000,0.014567,0.054384,1.000910,0.000419,-0.003974,0.000202,-0.508042,0.017870
4.681000,0.013006,0.054418,1.000914,0.000426,-0.003964,0.000196,-0.508041,0.017870
4.682000,0.013462,0.056091,1.000911,0.000406,-0.003953,0.000193,-0.508040,0.017871
4.683000,0.013839,0.055263,1.000903,0.000412,-0.003942,0.000189,-0.508040,0.017871
4.684000,0.013681,0.055414,1.000900,0.000410,-0.003931,0.000185,-0.508039,0.017872
4.685000,0.013722,0.055711,1.000896,0.000406,-0.003920,0.000182,-0.508038,0.017872
4.686000,0.015071,0.054558,1.000881,0.000411,-0.003908,0.000178,-0.508037,0.017872
4.687000,0.015202,0.053379,1.000873,0.000422,-0.003896,0.000173,-0.508036,0.017873
4.688000,0.011985,0.052787,1.000885,0.000442,-0.003886,0.000167,-0.508035,0.017873
4.689000,0.013730,0.052785,1.000871,0.000434,-0.003875,0.000161,-0.508034,0.017874
4.690000,0.014983,0.053417,1.000860,0.000422,-0.003862,0.000157,-0.508033,0.017874
4.691000,0.015276,0.053739,1.000855,0.000416,-0.003849,0.000152,-0.508032,0.017874
4.692000,0.014105,0.052834,1.000855,0.000430,-0.003838,0.000148,-0.508032,0.017875
4.693000,0.013518,0.053084,1.000854,0.000429,-0.003826,0.000143,-0.508031,0.017875
4.694000,0.013953,0.052851,1.000846,0.000429,-0.003815,0.000139,-0.508030,0.017876
4.695000,0.014764,0.052432,1.000836,0.000429,-0.003802,0.000134,-0.508029,0.017876
4.696000,0.015681,0.051951,1.000825,0.000429,-0.003788,0.000129,-0.508028,0.017877
4.697000,0.013929,0.054109,1.000835,0.000413,-0.003776,0.000126,-0.508027,0.017877
4.698000,0.014958,0.052242,1.000821,0.000427,-0.003763,0.000122,-0.508027,0.017877
4.699000,0.015674,0.052937,1.000813,0.000415,-0.003749,0.000118,-0.508026,0.017878
4.700000,0.015107,0.052491,1.000811,0.000421,-0.003736,0.000114,-0.508025,0.017878
4.701000,0.015496,0.051446,1.000801,0.000429,-0.003722,0.000110,-0.508024,0.017879
4.702000,0.015453,0.051377,1.000797,0.000429,-0.003708,0.000105,-0.508023,0.017879
4.703000,0.015347,0.051323,1.000792,0.000429,-0.003695,0.000101,-0.508023,0.017880
4.704000,0.016562,0.050873,1.000779,0.000427,-0.003679,0.000096,-0.508022,0.017880
4.705000,0.015413,0.051648,1.000783,0.000423,-0.003666,0.000093,-0.508021,0.017880
4.706000,0.015522,0.052496,1.000779,0.000412,-0.003651,0.000090,-0.508020,0.017881
4.707000,0.015473,0.050511,1.000770,0.000431,-0.003637,0.000086,-0.508019,0.017881
4.708000,0.014698,0.053054,1.000776,0.000407,-0.003624,0.000085,-0.508019,0.017882
4.709000,0.014513,0.051688,1.000769,0.000420,-0.003611,0.000082,-0.508018,0.017882
4.710000,0.016226,0.050610,1.000752,0.000422,-0.003596,0.000078,-0.508017,0.017883
4.711000,0.014404,0.051948,1.000761,0.000414,-0.003582,0.000076,-0.508016,0.017883
4.712000,0.014174,0.051073,1.000756,0.000423,-0.003569,0.000074,-0.508016,0.017883
4.713000,0.015131,0.049613,1.000742,0.000432,-0.003555,0.000070,-0.508015,0.017884
4.714000,0.015547,0.050286,1.000737,0.000422,-0.003541,0.000067,-0.508014,0.017884
4.715000,0.014826,0.048423,1.000732,0.000443,-0.003527,0.000062,-0.508013,0.017885
4.716000,0.013641,0.050082,1.000738,0.000430,-0.003514,0.000059,-0.508013,0.017885
4.717000,0.014040,0.051246,1.000734,0.000414,-0.003501,0.000058,-0.508012,0.017885
4.718000,0.015514,0.050214,1.000719,0.000416,-0.003487,0.000055,-0.508011,0.017886
4.719000,0.014359,0.050716,1.000722,0.000414,-0.003473,0.000054,-0.508010,0.017886
4.720000,0.013816,0.049322,1.000717,0.000429,-0.003460,0.000051,-0.508010,0.017887
4.721000,0.013594,0.049506,1.000715,0.000427,-0.003447,0.000049,-0.508009,0.017887
4.722000,0.014538,0.048628,1.000703,0.000430,-0.003433,0.000046,-0.508008,0.017888
4.723000,0.012864,0.050541,1.000712,0.000416,-0.003421,0.000045,-0.508008,0.017888
4.724000,0.014400,0.049137,1.000696,0.000422,-0.003407,0.000043,-0.508007,0.017888
4.725000,0.014001,0.048714,1.000693,0.000426,-0.003394,0.000040,-0.508006,0.017889
4.726000,0.014147,0.048671,1.000688,0.000424,-0.003381,0.000038,-0.508005,0.017889
4.727000,0.013325,0.048228,1.000687,0.000430,-0.003368,0.000035,-0.508005,0.017890
4.728000,0.014323,0.049150,1.000679,0.000415,-0.003354,0.000034,-0.508004,0.017890
4.729000,0.011256,0.048021,1.000690,0.000438,-0.003343,0.000032,-0.508003,0.017891
4.730000,0.011771,0.049044,1.000685,0.000424,-0.003332,0.000031,-0.508003,0.017891
4.731000,0.012251,0.048249,1.000677,0.000428,-0.003320,0.000029,-0.508002,0.017891
4.732000,0.012957,0.047638,1.000668,0.000429,-0.003308,0.000027,-0.508001,0.017892
4.733000,0.012227,0.048562,1.000670,0.000421,-0.003296,0.000026,-0.508001,0.017892
4.734000,0.010466,0.048640,1.000676,0.000426,-0.003286,0.000025,-0.508000,0.017893
4.735000,0.010747,0.047369,1.000668,0.000437,-0.003275,0.000023,-0.507999,0.017893
4.736000,0.012512,0.046350,1.000652,0.000438,-0.003263,0.000020,-0.507999,0.017894
4.737000,0.011038,0.046129,1.000656,0.000445,-0.003252,0.000017,-0.507998,0.017894
4.738000,0.010369,0.047775,1.000660,0.000430,-0.003242,0.000016,-0.507997,0.017894
4.739000,0.010815,0.048102,1.000654,0.000423,-0.003232,0.000016,-0.507997,0.017895
4.740000,0.009375,0.046965,1.000656,0.000439,-0.003223,0.000014,-0.507996,0.017895
4.741000,0.010164,0.048966,1.000653,0.000413,-0.003213,0.000015,-0.507995,0.017896
4.742000,0.010670,0.047694,1.000644,0.000422,-0.003202,0.000014,-0.507995,0.017896
4.743000,0.009536,0.047957,1.000648,0.000422,-0.003193,0.000014,-0.507994,0.017897
4.744000,0.008804,0.046773,1.000646,0.000436,-0.003184,0.000013,-0.507993,0.017897
4.745000,0.009630,0.047356,1.000639,0.000425,-0.003175,0.000013,-0.507993,0.017897
4.746000,0.008513,0.045531,1.000638,0.000447,-0.003167,0.000011,-0.507992,0.017898
4.747000,0.007327,0.046758,1.000645,0.000439,-0.003159,0.000010,-0.507992,0.017898
4.748000,0.007951,0.047162,1.000639,0.000430,-0.003152,0.000010,-0.507991,0.017899
4.749000,0.007104,0.046781,1.000640,0.000436,-0.003145,0.000009,-0.507990,0.017899
4.750000,0.007677,0.046797,1.000634,0.000432,-0.003137,0.000009,-0.507990,0.017900
4.751000,0.008418,0.045675,1.000624,0.000439,-0.003129,0.000008,-0.507989,0.017900
4.752000,0.007130,0.046933,1.000632,0.000430,-0.003122,0.000008,-0.507988,0.017900
4.753000,0.008326,0.046970,1.000622,0.000423,-0.003114,0.000008,-0.507988,0.017901
4.754000,0.007117,0.048023,1.000629,0.000415,-0.003107,0.000009,-0.507987,0.017901
4.755000,0.008061,0.046721,1.000618,0.000423,-0.003099,0.000009,-0.507986,0.017902
4.756000,0.006570,0.045118,1.000619,0.000444,-0.003092,0.000008,-0.507986,0.017902
4.757000,0.005037,0.046857,1.000630,0.000432,-0.003087,0.000008,-0.507985,0.017903
4.758000,0.005806,0.045732,1.000620,0.000439,-0.003082,0.000008,-0.507985,0.017903
4.759000,0.004936,0.046227,1.000624,0.000436,-0.003077,0.000008,-0.507984,0.017904
4.760000,0.005772,0.046847,1.000618,0.000425,-0.003071,0.000008,-0.507983,0.017904
4.761000,0.005114,0.045203,1.000616,0.000443,-0.003066,0.000007,-0.507983,0.017904
4.762000,0.004219,0.044252,1.000616,0.000456,-0.003062,0.000006,-0.507982,0.017905
4.763000,0.003262,0.045409,1.000622,0.000448,-0.003059,0.000005,-0.507981,0.017905
4.764000,0.004947,0.045219,1.000610,0.000442,-0.003054,0.000005,-0.507981,0.017906
4.765000,0.002521,0.045006,1.000622,0.000454,-0.003052,0.000004,-0.507980,0.017906
4.766000,0.003319,0.047330,1.000621,0.000425,-0.003048,0.000005,-0.507980,0.017907
4.767000,0.004875,0.046044,1.000607,0.000430,-0.003043,0.000006,-0.507979,0.017907
4.768000,0.004305,0.046016,1.000608,0.000431,-0.003039,0.000006,-0.507978,0.017907
4.769000,0.004128,0.045822,1.000606,0.000433,-0.003035,0.000006,-0.507978,0.017908
4.770000,0.004037,0.046025,1.000605,0.000430,-0.003031,0.000007,-0.507977,0.017908
4.771000,0.004190,0.045580,1.000602,0.000433,-0.003027,0.000007,-0.507977,0.017909
4.772000,0.003470,0.046046,1.000605,0.000430,-0.003024,0.000007,-0.507976,0.017909
4.773000,0.002564,0.045571,1.000607,0.000438,-0.003021,0.000008,-0.507975,0.017910
4.774000,0.005480,0.047607,1.000593,0.000402,-0.003016,0.000010,-0.507975,0.017910
4.775000,0.004484,0.045698,1.000592,0.000424,-0.003012,0.000010,-0.507974,0.017910
4.776000,0.004271,0.045497,1.000591,0.000426,-0.003008,0.000011,-0.507974,0.017911
4.777000,0.003018,0.043261,1.000591,0.000454,-0.003005,0.000009,-0.507973,0.017911
4.778000,0.003793,0.045645,1.000590,0.000425,-0.003001,0.000009,-0.507972,0.017912
4.779000,0.003189,0.045329,1.000591,0.000430,-0.002998,0.000010,-0.507972,0.017912
4.780000,0.001568,0.044982,1.000598,0.000440,-0.002997,0.000010,-0.507971,0.017913
4.781000,0.003072,0.044407,1.000586,0.000438,-0.002994,0.000009,-0.507971,0.017913
4.782000,0.003506,0.044512,1.000582,0.000434,-0.002990,0.000009,-0.507970,0.017913
4.783000,0.002364,0.045055,1.000588,0.000433,-0.002988,0.000009,-0.507969,0.017914
4.784000,0.002926,0.044774,1.000583,0.000432,-0.002985,0.000009,-0.507969,0.017914
4.785000,0.003697,0.044957,1.000577,0.000426,-0.002982,0.000009,-0.507968,0.017915
4.786000,0.004197,0.043530,1.000569,0.000437,-0.002978,0.000008,-0.507968,0.017915
4.787000,0.003749,0.043628,1.000570,0.000438,-0.002974,0.000007,-0.507967,0.017916
4.788000,0.004161,0.044440,1.000567,0.000427,-0.002970,0.000007,-0.507967,0.017916
4.789000,0.003918,0.043849,1.000565,0.000433,-0.002966,0.000006,-0.507966,0.017917
4.790000,0.002198,0.043077,1.000571,0.000448,-0.002964,0.000005,-0.507965,0.017917
4.791000,0.003364,0.043325,1.000563,0.000440,-0.002961,0.000004,-0.507965,0.017917
4.792000,0.001413,0.044127,1.000575,0.000439,-0.002959,0.000003,-0.507964,0.017918
4.793000,0.001513,0.042544,1.000569,0.000455,-0.002958,0.000001,-0.507964,0.017918
4.794000,0.003715,0.044452,1.000559,0.000425,-0.002954,0.000001,-0.507963,0.017919
4.795000,0.002349,0.043536,1.000563,0.000439,-0.002952,0.000001,-0.507963,0.017919
4.796000,0.002640,0.041873,1.000556,0.000455,-0.002949,-0.000002,-0.507962,0.017920
4.797000,0.001365,0.041803,1.000561,0.000461,-0.002948,-0.000004,-0.507961,0.017920
4.798000,0.003478,0.044187,1.000553,0.000427,-0.002944,-0.000004,-0.507961,0.017921
4.799000,0.003634,0.041964,1.000545,0.000448,-0.002941,-0.000006,-0.507960,0.017921
4.800000,0.004162,0.041134,1.000538,0.000454,-0.002936,-0.000009,-0.507960,0.017921
4.801000,0.004094,0.041587,1.000537,0.000450,-0.002932,-0.000012,-0.507959,0.017922
4.802000,0.003357,0.042780,1.000542,0.000440,-0.002929,-0.000013,-0.507959,0.017922
4.803000,0.004688,0.042908,1.000533,0.000432,-0.002924,-0.000014,-0.507958,0.017923
4.804000,-0.023248,0.058548,1.000524,0.000439,-0.002947,0.000001,-0.507958,0.017923
4.805000,-0.023683,0.058942,1.000532,0.000434,-0.002970,0.000015,-0.507957,0.017924
4.806000,-0.020348,0.058199,1.000517,0.000425,-0.002991,0.000029,-0.507957,0.017924
4.807000,-0.021293,0.057666,1.000525,0.000432,-0.003013,0.000042,-0.507956,0.017924
4.808000,-0.019508,0.056732,1.000518,0.000432,-0.003033,0.000053,-0.507956,0.017925
4.809000,-0.020964,0.053662,1.000523,0.000470,-0.003055,0.000062,-0.507955,0.017925
4.810000,-0.017310,0.055433,1.000510,0.000434,-0.003073,0.000071,-0.507955,0.017926
4.811000,-0.016189,0.054247,1.000505,0.000440,-0.003090,0.000079,-0.507954,0.017926
4.812000,-0.016873,0.054523,1.000513,0.000440,-0.003108,0.000087,-0.507953,0.017927
4.813000,-0.013795,0.053254,1.000495,0.000438,-0.003123,0.000094,-0.507953,0.017927
4.814000,-0.014637,0.053364,1.000503,0.000441,-0.003139,0.000101,-0.507952,0.017928
4.815000,-0.013962,0.052801,1.000501,0.000443,-0.003155,0.000106,-0.507952,0.017928
4.816000,-0.010332,0.054416,1.000487,0.000409,-0.003167,0.000113,-0.507951,0.017928
4.817000,-0.010127,0.049728,1.000477,0.000456,-0.003179,0.000116,-0.507951,0.017929
4.818000,-0.011058,0.050381,1.000485,0.000454,-0.003191,0.000118,-0.507951,0.017929
4.819000,-0.009362,0.050883,1.000479,0.000442,-0.003203,0.000121,-0.507950,0.017930
4.820000,-0.009525,0.050508,1.000480,0.000447,-0.003214,0.000124,-0.507950,0.017930
4.821000,-0.007536,0.050831,1.000471,0.000434,-0.003223,0.000126,-0.507949,0.017931
4.822000,-0.006265,0.049717,1.000463,0.000440,-0.003231,0.000128,-0.507949,0.017931
4.823000,-0.005343,0.049309,1.000457,0.000441,-0.003239,0.000129,-0.507948,0.017932
4.824000,-0.005309,0.049344,1.000458,0.000440,-0.003246,0.000129,-0.507948,0.017932
4.825000,-0.003954,0.048091,1.000448,0.000448,-0.003252,0.000129,-0.507947,0.017932
4.826000,-0.003623,0.047486,1.000445,0.000453,-0.003257,0.000128,-0.507947,0.017933
4.827000,-0.003115,0.048221,1.000444,0.000444,-0.003262,0.000127,-0.507946,0.017933
4.828000,-0.001192,0.048406,1.000433,0.000434,-0.003266,0.000126,-0.507946,0.017934
4.829000,-0.001874,0.048039,1.000436,0.000441,-0.003269,0.000125,-0.507945,0.017934
4.830000,0.000323,0.047214,1.000421,0.000440,-0.003271,0.000124,-0.507945,0.017935
4.831000,0.001501,0.046746,1.000413,0.000440,-0.003271,0.000121,-0.507945,0.017935
4.832000,0.001465,0.047009,1.000413,0.000437,-0.003272,0.000119,-0.507944,0.017936
4.833000,0.001721,0.047134,1.000411,0.000435,-0.003272,0.000117,-0.507944,0.017936
4.834000,0.002628,0.045241,1.000400,0.000451,-0.003271,0.000113,-0.507943,0.017936
4.835000,0.002573,0.046425,1.000402,0.000440,-0.003270,0.000111,-0.507943,0.017937
4.836000,0.003901,0.047049,1.000395,0.000427,-0.003268,0.000109,-0.507943,0.017937
4.837000,0.003840,0.045743,1.000390,0.000441,-0.003265,0.000106,-0.507942,0.017938
4.838000,0.005600,0.045824,1.000379,0.000432,-0.003261,0.000102,-0.507942,0.017938
4.839000,0.005812,0.045045,1.000374,0.000440,-0.003257,0.000099,-0.507941,0.017939
4.840000,0.005778,0.045965,1.000374,0.000430,-0.003253,0.000096,-0.507941,0.017939
4.841000,0.006186,0.044220,1.000366,0.000447,-0.003248,0.000091,-0.507941,0.017939
4.842000,0.007319,0.043965,1.000357,0.000444,-0.003242,0.000086,-0.507940,0.017940
4.843000,0.007480,0.046433,1.000359,0.000418,-0.003236,0.000084,-0.507940,0.017940
4.844000,0.006209,0.042651,1.000356,0.000463,-0.003231,0.000078,-0.507940,0.017941
4.845000,0.008119,0.043297,1.000344,0.000448,-0.003224,0.000073,-0.507939,0.017941
4.846000,0.009690,0.043889,1.000334,0.000435,-0.003215,0.000069,-0.507939,0.017942
4.847000,0.008067,0.041950,1.000336,0.000462,-0.003208,0.000062,-0.507939,0.017942
4.848000,0.010073,0.043899,1.000326,0.000433,-0.003199,0.000058,-0.507938,0.017943
4.849000,0.009918,0.043188,1.000322,0.000441,-0.003190,0.000053,-0.507938,0.017943
4.850000,0.010807,0.042162,1.000312,0.000448,-0.003180,0.000048,-0.507938,0.017943
4.851000,0.009145,0.041172,1.000316,0.000466,-0.003172,0.000041,-0.507937,0.017944
4.852000,0.011544,0.040691,1.000298,0.000460,-0.003161,0.000034,-0.507937,0.017944
4.853000,0.010063,0.042264,1.000307,0.000451,-0.003151,0.000029,-0.507937,0.017945
4.854000,0.012536,0.039727,1.000283,0.000466,-0.003139,0.000021,-0.507936,0.017945
4.855000,0.010413,0.042986,1.000300,0.000441,-0.003129,0.000017,-0.507936,0.017946
4.856000,0.011667,0.041659,1.000286,0.000449,-0.003118,0.000012,-0.507936,0.017946
4.857000,0.011846,0.041546,1.000281,0.000449,-0.003106,0.000007,-0.507936,0.017947
4.858000,0.011664,0.042181,1.000281,0.000443,-0.003094,0.000002,-0.507935,0.017947
4.859000,0.012086,0.041627,1.000274,0.000446,-0.003082,-0.000002,-0.507935,0.017948
4.860000,0.012655,0.040210,1.000263,0.000457,-0.003070,-0.000008,-0.507935,0.017948
4.861000,0.012231,0.041018,1.000264,0.000450,-0.003057,-0.000013,-0.507934,0.017948
4.862000,0.012094,0.039989,1.000259,0.000461,-0.003045,-0.000019,-0.507934,0.017949
4.863000,0.013921,0.039758,1.000244,0.000455,-0.003031,-0.000025,-0.507934,0.017949
4.864000,0.012592,0.037822,1.000243,0.000480,-0.003018,-0.000033,-0.507934,0.017950
4.865000,0.012644,0.041278,1.000247,0.000444,-0.003005,-0.000037,-0.507933,0.017950
4.866000,0.012138,0.039367,1.000242,0.000465,-0.002992,-0.000043,-0.507933,0.017951
4.867000,0.012195,0.039459,1.000238,0.000464,-0.002979,-0.000048,-0.507933,0.017951
4.868000,0.012967,0.038878,1.000229,0.000466,-0.002966,-0.000054,-0.507933,0.017952
4.869000,0.013473,0.040631,1.000226,0.000444,-0.002951,-0.000058,-0.507932,0.017952
4.870000,0.011784,0.037839,1.000226,0.000480,-0.002939,-0.000064,-0.507932,0.017953
4.871000,0.013702,0.039813,1.000216,0.000450,-0.002924,-0.000068,-0.507932,0.017953
4.872000,0.011721,0.038234,1.000219,0.000474,-0.002911,-0.000074,-0.507932,0.017953
4.873000,0.013131,0.039643,1.000211,0.000453,-0.002897,-0.000078,-0.507932,0.017954
4.874000,0.012038,0.038888,1.000212,0.000464,-0.002884,-0.000083,-0.507931,0.017954
4.875000,0.013533,0.039475,1.000201,0.000450,-0.002869,-0.000086,-0.507931,0.017955
4.876000,0.014703,0.039377,1.000190,0.000444,-0.002853,-0.000090,-0.507931,0.017955
4.877000,0.013125,0.039375,1.000195,0.000450,-0.002839,-0.000093,-0.507931,0.017956
4.878000,0.013748,0.038416,1.000186,0.000455,-0.002823,-0.000098,-0.507931,0.017956
4.879000,0.012134,0.038815,1.000192,0.000457,-0.002810,-0.000101,-0.507930,0.017957
4.880000,0.013601,0.038670,1.000180,0.000451,-0.002795,-0.000105,-0.507930,0.017957
4.881000,0.014051,0.038896,1.000174,0.000444,-0.002779,-0.000108,-0.507930,0.017958
4.882000,0.013526,0.038517,1.000172,0.000449,-0.002764,-0.000111,-0.507930,0.017958
4.883000,0.012361,0.039342,1.000177,0.000444,-0.002750,-0.000113,-0.507930,0.017958
4.884000,0.012312,0.038562,1.000172,0.000450,-0.002736,-0.000116,-0.507930,0.017959
4.885000,0.013105,0.037567,1.000162,0.000455,-0.002721,-0.000119,-0.507929,0.017959
4.886000,0.011204,0.037869,1.000169,0.000459,-0.002708,-0.000122,-0.507929,0.017960
4.887000,0.012208,0.036836,1.000158,0.000464,-0.002694,-0.000126,-0.507929,0.017960
4.888000,0.011576,0.038194,1.000161,0.000451,-0.002681,-0.000128,-0.507929,0.017961
4.889000,0.010889,0.036297,1.000157,0.000472,-0.002668,-0.000132,-0.507929,0.017961
4.890000,0.012464,0.039716,1.000153,0.000428,-0.002653,-0.000132,-0.507929,0.017962
4.891000,0.011630,0.037681,1.000150,0.000451,-0.002640,-0.000134,-0.507928,0.017962
4.892000,0.012118,0.038917,1.000146,0.000433,-0.002626,-0.000135,-0.507928,0.017963
4.893000,0.012755,0.038326,1.000138,0.000434,-0.002611,-0.000136,-0.507928,0.017963
4.894000,0.011107,0.038109,1.000144,0.000441,-0.002598,-0.000137,-0.507928,0.017963
4.895000,0.010370,0.036841,1.000142,0.000456,-0.002585,-0.000139,-0.507928,0.017964
4.896000,0.011678,0.036702,1.000131,0.000450,-0.002571,-0.000141,-0.507928,0.017964
4.897000,0.010114,0.036362,1.000136,0.000458,-0.002559,-0.000144,-0.507928,0.017965
4.898000,0.011136,0.037103,1.000128,0.000444,-0.002546,-0.000145,-0.507927,0.017965
4.899000,0.010638,0.035799,1.000125,0.000458,-0.002533,-0.000147,-0.507927,0.017966
4.900000,0.009631,0.036860,1.000130,0.000450,-0.002521,-0.000148,-0.507927,0.017966
4.901000,0.011051,0.036854,1.000119,0.000441,-0.002508,-0.000149,-0.507927,0.017967
4.902000,0.010404,0.036344,1.000119,0.000447,-0.002495,-0.000151,-0.507927,0.017967
4.903000,0.010798,0.037141,1.000115,0.000435,-0.002482,-0.000151,-0.507927,0.017967
4.904000,0.010073,0.035791,1.000113,0.000450,-0.002470,-0.000152,-0.507927,0.017968
4.905000,0.009429,0.036704,1.000116,0.000442,-0.002458,-0.000153,-0.507927,0.017968
4.906000,0.008781,0.036782,1.000117,0.000442,-0.002447,-0.000153,-0.507926,0.017969
4.907000,0.007920,0.036254,1.000118,0.000449,-0.002437,-0.000153,-0.507926,0.017969
4.908000,0.008816,0.035596,1.000109,0.000450,-0.002426,-0.000154,-0.507926,0.017970
4.909000,0.008782,0.035504,1.000107,0.000449,-0.002415,-0.000155,-0.507926,0.017970
4.910000,0.007738,0.036470,1.000112,0.000441,-0.002405,-0.000155,-0.507926,0.017971
4.911000,0.008462,0.035246,1.000103,0.000449,-0.002394,-0.000156,-0.507926,0.017971
4.912000,0.007108,0.036351,1.000111,0.000441,-0.002384,-0.000155,-0.507926,0.017971
4.913000,0.006660,0.036344,1.000111,0.000441,-0.002376,-0.000155,-0.507926,0.017972
4.914000,0.006145,0.034968,1.000109,0.000456,-0.002367,-0.000155,-0.507926,0.017972
4.915000,0.007070,0.034123,1.000100,0.000459,-0.002358,-0.000157,-0.507925,0.017973
4.916000,0.006963,0.034139,1.000098,0.000458,-0.002348,-0.000158,-0.507925,0.017973
4.917000,0.007640,0.034643,1.000093,0.000448,-0.002338,-0.000158,-0.507925,0.017974
4.918000,0.006924,0.034575,1.000095,0.000450,-0.002329,-0.000159,-0.507925,0.017974
4.919000,0.004350,0.034595,1.000107,0.000460,-0.002322,-0.000159,-0.507925,0.017975
4.920000,0.003418,0.035729,1.000114,0.000451,-0.002316,-0.000158,-0.507925,0.017975
4.921000,0.006214,0.033703,1.000091,0.000457,-0.002308,-0.000159,-0.507925,0.017976
4.922000,0.006693,0.033476,1.000086,0.000456,-0.002299,-0.000161,-0.507925,0.017976
4.923000,0.004833,0.034722,1.000097,0.000450,-0.002292,-0.000160,-0.507925,0.017976
4.924000,0.002973,0.033814,1.000104,0.000466,-0.002286,-0.000161,-0.507925,0.017977
4.925000,0.003647,0.032608,1.000096,0.000474,-0.002280,-0.000163,-0.507924,0.017977
4.926000,0.004541,0.034279,1.000093,0.000452,-0.002273,-0.000163,-0.507924,0.017978
4.927000,0.005199,0.034139,1.000088,0.000449,-0.002266,-0.000162,-0.507924,0.017978
4.928000,0.004155,0.034899,1.000094,0.000444,-0.002259,-0.000162,-0.507924,0.017979
4.929000,0.003484,0.032378,1.000090,0.000471,-0.002253,-0.000163,-0.507924,0.017979
4.930000,0.002871,0.035186,1.000099,0.000444,-0.002248,-0.000162,-0.507924,0.017980
4.931000,0.003037,0.035085,1.000096,0.000442,-0.002242,-0.000160,-0.507924,0.017980
4.932000,0.003649,0.033315,1.000087,0.000456,-0.002236,-0.000161,-0.507924,0.017981
4.933000,0.001386,0.034594,1.000102,0.000452,-0.002232,-0.000160,-0.507924,0.017981
4.934000,0.001928,0.034421,1.000097,0.000449,-0.002228,-0.000159,-0.507924,0.017981
4.935000,0.002268,0.034073,1.000094,0.000450,-0.002223,-0.000158,-0.507923,0.017982
4.936000,0.002154,0.033314,1.000091,0.000457,-0.002219,-0.000158,-0.507923,0.017982
4.937000,0.002241,0.033162,1.000089,0.000457,-0.002214,-0.000158,-0.507923,0.017983
4.938000,0.002713,0.032927,1.000085,0.000456,-0.002209,-0.000158,-0.507923,0.017983
4.939000,0.001384,0.033094,1.000092,0.000459,-0.002205,-0.000158,-0.507923,0.017984
4.940000,0.003393,0.031461,1.000075,0.000466,-0.002200,-0.000160,-0.507923,0.017984
4.941000,0.002317,0.031304,1.000080,0.000472,-0.002195,-0.000162,-0.507923,0.017985
4.942000,0.002476,0.031074,1.000077,0.000473,-0.002190,-0.000164,-0.507923,0.017985
4.943000,0.004192,0.032973,1.000070,0.000444,-0.002183,-0.000164,-0.507923,0.017986
4.944000,0.002621,0.032892,1.000078,0.000451,-0.002178,-0.000163,-0.507923,0.017986
4.945000,0.003693,0.030851,1.000065,0.000466,-0.002172,-0.000165,-0.507923,0.017986
4.946000,0.003814,0.033032,1.000068,0.000441,-0.002166,-0.000165,-0.507923,0.017987
4.947000,0.003357,0.031680,1.000066,0.000456,-0.002160,-0.000166,-0.507922,0.017987
4.948000,0.003588,0.031886,1.000064,0.000452,-0.002154,-0.000166,-0.507922,0.017988
4.949000,0.004957,0.032071,1.000055,0.000442,-0.002147,-0.000166,-0.507922,0.017988
4.950000,0.004264,0.030780,1.000054,0.000457,-0.002140,-0.000168,-0.507922,0.017989
4.951000,0.006789,0.029769,1.000036,0.000455,-0.002130,-0.000170,-0.507922,0.017989
4.952000,0.004517,0.030383,1.000048,0.000458,-0.002123,-0.000172,-0.507922,0.017990
4.953000,0.005029,0.029279,1.000041,0.000466,-0.002116,-0.000174,-0.507922,0.017990
4.954000,0.004220,0.029440,1.000044,0.000467,-0.002109,-0.000176,-0.507922,0.017991
4.955000,0.005795,0.029738,1.000034,0.000456,-0.002101,-0.000178,-0.507922,0.017991
4.956000,0.006567,0.030462,1.000029,0.000444,-0.002091,-0.000179,-0.507922,0.017991
4.957000,0.005530,0.030221,1.000033,0.000449,-0.002083,-0.000181,-0.507922,0.017992
4.958000,0.007491,0.029971,1.000019,0.000442,-0.002073,-0.000182,-0.507922,0.017992
4.959000,0.007625,0.028294,1.000012,0.000457,-0.002063,-0.000185,-0.507922,0.017993
4.960000,0.007912,0.031037,1.000014,0.000426,-0.002052,-0.000185,-0.507922,0.017993
4.961000,0.005978,0.028699,1.000017,0.000457,-0.002043,-0.000187,-0.507922,0.017994
4.962000,0.006999,0.030326,1.000013,0.000434,-0.002033,-0.000187,-0.507922,0.017994
4.963000,0.006732,0.028073,1.000008,0.000457,-0.002024,-0.000189,-0.507922,0.017995
4.964000,0.007503,0.028311,1.000001,0.000450,-0.002013,-0.000191,-0.507922,0.017995
4.965000,0.005829,0.029112,1.000011,0.000447,-0.002005,-0.000193,-0.507922,0.017996
4.966000,0.008092,0.027665,0.999992,0.000451,-0.001994,-0.000195,-0.507922,0.017996
4.967000,0.007012,0.028065,0.999997,0.000450,-0.001984,-0.000197,-0.507922,0.017996
4.968000,0.005140,0.028863,1.000007,0.000449,-0.001976,-0.000198,-0.507922,0.017997
4.969000,0.005564,0.029248,1.000004,0.000441,-0.001967,-0.000198,-0.507922,0.017997
4.970000,0.004667,0.028001,1.000004,0.000457,-0.001960,-0.000200,-0.507922,0.017998
4.971000,0.004685,0.029364,1.000006,0.000441,-0.001952,-0.000200,-0.507922,0.017998
4.972000,0.003647,0.028278,1.000007,0.000456,-0.001945,-0.000201,-0.507922,0.017999
4.973000,0.001815,0.029425,1.000019,0.000451,-0.001940,-0.000200,-0.507922,0.017999
4.974000,0.001085,0.029766,1.000023,0.000449,-0.001936,-0.000200,-0.507922,0.018000
4.975000,0.000832,0.029161,1.000022,0.000455,-0.001932,-0.000200,-0.507922,0.018000
4.976000,-0.003601,0.030638,1.000050,0.000459,-0.001933,-0.000198,-0.507922,0.018000
4.977000,-0.002867,0.030346,1.000046,0.000458,-0.001933,-0.000197,-0.507922,0.018001
4.978000,-0.002820,0.031752,1.000049,0.000442,-0.001933,-0.000194,-0.507922,0.018001
4.979000,-0.004273,0.031495,1.000056,0.000450,-0.001934,-0.000191,-0.507922,0.018002
4.980000,-0.003821,0.031249,1.000054,0.000449,-0.001935,-0.000189,-0.507922,0.018002
4.981000,-0.004922,0.031642,1.000061,0.000449,-0.001937,-0.000186,-0.507921,0.018003
4.982000,-0.005240,0.033256,1.000067,0.000432,-0.001940,-0.000182,-0.507921,0.018003
4.983000,-0.005957,0.031612,1.000068,0.000451,-0.001943,-0.000180,-0.507921,0.018004
4.984000,-0.007877,0.032505,1.000082,0.000449,-0.001948,-0.000176,-0.507921,0.018004
4.985000,-0.006143,0.031795,1.000072,0.000448,-0.001952,-0.000174,-0.507921,0.018004
4.986000,-0.008380,0.031025,1.000084,0.000465,-0.001957,-0.000172,-0.507921,0.018005
4.987000,-0.007082,0.032446,1.000081,0.000444,-0.001962,-0.000169,-0.507921,0.018005
4.988000,-0.008296,0.030803,1.000085,0.000466,-0.001968,-0.000168,-0.507921,0.018006
4.989000,-0.008588,0.031058,1.000088,0.000465,-0.001974,-0.000166,-0.507921,0.018006
4.990000,-0.009310,0.032859,1.000098,0.000449,-0.001981,-0.000163,-0.507921,0.018007
4.991000,-0.007191,0.031997,1.000085,0.000448,-0.001985,-0.000160,-0.507921,0.018007
4.992000,-0.009372,0.031199,1.000097,0.000465,-0.001992,-0.000159,-0.507921,0.018008
4.993000,-0.007851,0.031964,1.000091,0.000451,-0.001998,-0.000157,-0.507920,0.018008
4.994000,-0.008029,0.032695,1.000095,0.000443,-0.002003,-0.000154,-0.507920,0.018009
4.995000,-0.008643,0.030516,1.000095,0.000468,-0.002010,-0.000154,-0.507920,0.018009
4.996000,-0.009269,0.031199,1.000101,0.000464,-0.002017,-0.000153,-0.507920,0.018010
4.997000,-0.009023,0.032264,1.000104,0.000452,-0.002023,-0.000151,-0.507920,0.018010
4.998000,-0.008590,0.033707,1.000106,0.000435,-0.002030,-0.000147,-0.507920,0.018010
4.999000,-0.008710,0.033751,1.000108,0.000434,-0.002036,-0.000144,-0.507920,0.018011
5.000000,-0.008336,0.031339,1.000102,0.000457,-0.002042,-0.000143,-0.507920,0.018011
5.001000,-0.008333,0.032267,1.000105,0.000448,-0.002049,-0.000142,-0.507920,0.018012
5.002000,-0.007447,0.031553,1.000099,0.000451,-0.002054,-0.000141,-0.507920,0.018012
